[行业>市值]
+----------+--------+----------+-------+-------+------+---------+---------+
|   行业   |  代码  |   名称   | 市值  |  pe   | 涨幅 | 3日涨幅 | 6日涨幅 |
+----------+--------+----------+-------+-------+------+---------+---------+
| 专业服务 | 300012 | 华测检测 | 368.9 | 76.9  | -1.4 |  -1.0   |  -4.1   |
| 专业服务 | 003035 | 南网能源 | 254.2 | 71.0  | -2.5 |   3.5   |   6.3   |
| 专业服务 | 301080 | 百普赛斯 | 144.9 | 67.7  | 0.6  |   2.6   |   9.1   |
| 专业服务 | 688133 | 泰坦科技 | 128.5 | 165.3 | -6.3 |  -7.2   |  -2.4   |
| 专业服务 | 300887 | 谱尼测试 | 121.8 | 552.4 | -1.1 |  -2.1   |  -3.4   |
| 专业服务 | 002967 | 广电计量 | 121.5 | -38.2 | 5.7  |  15.8   |  13.4   |
| 专业服务 | 603060 | 国检集团 | 89.5  | -79.7 | -2.1 |   5.6   |   3.7   |
| 专业服务 | 300416 | 苏试试验 | 88.8  | 77.0  | 0.3  |  -2.3   |  -0.6   |
| 专业服务 | 688179 |  阿拉丁  | 69.0  | 55.6  | -2.3 |  -3.4   |   0.2   |
| 专业服务 | 603698 | 航天工程 | 66.6  | 91.0  | -2.8 |  -1.6   |  -3.6   |
| 专业服务 | 300384 | 三联虹普 | 57.2  | 24.1  | -1.4 |  -0.9   |  -0.2   |
| 专业服务 | 301166 |  优宁维  | 53.3  | 61.3  | 0.9  |   4.9   |   6.4   |
| 专业服务 | 300215 |  电科院  | 51.3  | 88.0  | -1.2 |   0.5   |   0.3   |
| 专业服务 | 002878 | 元隆雅图 | 43.1  | 11.7  | 1.7  |  -0.3   |  -8.9   |
| 专业服务 | 002564 | 天沃科技 | 41.6  | 555.4 | 1.1  |  10.1   |   9.1   |
| 专业服务 | 300962 | 中金辐照 | 39.6  | 33.2  | 1.6  |   1.8   |   0.4   |
| 专业服务 | 300938 | 信测标准 | 38.6  | 43.1  | 1.0  |  10.3   |  21.3   |
| 专业服务 | 300797 | 钢研纳克 | 35.4  | 59.5  | 1.3  |   4.0   |   3.0   |
| 专业服务 | 300572 | 安车检测 | 34.9  | 57.7  | -2.7 |  11.2   |   2.9   |
| 专业服务 | 301257 |  普蕊斯  | 34.4  | 88.0  | 7.1  |  10.7   |  16.2   |
| 专业服务 | 603776 |  永安行  | 31.6  | 63.9  | -2.5 |  -1.4   |  -8.6   |
| 专业服务 | 301169 | 零点有数 | 27.0  | -56.2 | -2.3 |  -3.1   |  -5.5   |
| 专业服务 | 301228 | 实朴检测 | 24.8  | -42.9 | 0.4  |   2.5   |  -1.1   |
| 专业服务 | 603183 |  建研院  | 24.8  | -60.9 | 0.6  |   1.0   |  -2.4   |
| 专业服务 | 301289 | 国缆检测 | 24.3  | 36.2  | -3.2 |  -4.5   |  -8.5   |
| 专业服务 | 003008 | 开普检测 | 20.0  | 37.0  | -1.3 |   1.3   |   0.7   |
| 专业服务 | 301306 | 西测测试 |  0.0  |  0.0  | 0.0  |   0.0   |   0.0   |
+----------+--------+----------+-------+-------+------+---------+---------+
 




 [行业>单日涨幅]
+----------+--------+----------+-------+-------+------+---------+---------+
|   行业   |  代码  |   名称   | 市值  |  pe   | 涨幅 | 3日涨幅 | 6日涨幅 |
+----------+--------+----------+-------+-------+------+---------+---------+
| 专业服务 | 301257 |  普蕊斯  | 34.4  | 88.0  | 7.1  |  10.7   |  16.2   |
| 专业服务 | 002967 | 广电计量 | 121.5 | -38.2 | 5.7  |  15.8   |  13.4   |
| 专业服务 | 002878 | 元隆雅图 | 43.1  | 11.7  | 1.7  |  -0.3   |  -8.9   |
| 专业服务 | 300962 | 中金辐照 | 39.6  | 33.2  | 1.6  |   1.8   |   0.4   |
| 专业服务 | 300797 | 钢研纳克 | 35.4  | 59.5  | 1.3  |   4.0   |   3.0   |
| 专业服务 | 002564 | 天沃科技 | 41.6  | 555.4 | 1.1  |  10.1   |   9.1   |
| 专业服务 | 300938 | 信测标准 | 38.6  | 43.1  | 1.0  |  10.3   |  21.3   |
| 专业服务 | 301166 |  优宁维  | 53.3  | 61.3  | 0.9  |   4.9   |   6.4   |
| 专业服务 | 301080 | 百普赛斯 | 144.9 | 67.7  | 0.6  |   2.6   |   9.1   |
| 专业服务 | 603183 |  建研院  | 24.8  | -60.9 | 0.6  |   1.0   |  -2.4   |
| 专业服务 | 301228 | 实朴检测 | 24.8  | -42.9 | 0.4  |   2.5   |  -1.1   |
| 专业服务 | 300416 | 苏试试验 | 88.8  | 77.0  | 0.3  |  -2.3   |  -0.6   |
| 专业服务 | 301306 | 西测测试 |  0.0  |  0.0  | 0.0  |   0.0   |   0.0   |
| 专业服务 | 300887 | 谱尼测试 | 121.8 | 552.4 | -1.1 |  -2.1   |  -3.4   |
| 专业服务 | 300215 |  电科院  | 51.3  | 88.0  | -1.2 |   0.5   |   0.3   |
| 专业服务 | 003008 | 开普检测 | 20.0  | 37.0  | -1.3 |   1.3   |   0.7   |
| 专业服务 | 300012 | 华测检测 | 368.9 | 76.9  | -1.4 |  -1.0   |  -4.1   |
| 专业服务 | 300384 | 三联虹普 | 57.2  | 24.1  | -1.4 |  -0.9   |  -0.2   |
| 专业服务 | 603060 | 国检集团 | 89.5  | -79.7 | -2.1 |   5.6   |   3.7   |
| 专业服务 | 688179 |  阿拉丁  | 69.0  | 55.6  | -2.3 |  -3.4   |   0.2   |
| 专业服务 | 301169 | 零点有数 | 27.0  | -56.2 | -2.3 |  -3.1   |  -5.5   |
| 专业服务 | 603776 |  永安行  | 31.6  | 63.9  | -2.5 |  -1.4   |  -8.6   |
| 专业服务 | 003035 | 南网能源 | 254.2 | 71.0  | -2.5 |   3.5   |   6.3   |
| 专业服务 | 300572 | 安车检测 | 34.9  | 57.7  | -2.7 |  11.2   |   2.9   |
| 专业服务 | 603698 | 航天工程 | 66.6  | 91.0  | -2.8 |  -1.6   |  -3.6   |
| 专业服务 | 301289 | 国缆检测 | 24.3  | 36.2  | -3.2 |  -4.5   |  -8.5   |
| 专业服务 | 688133 | 泰坦科技 | 128.5 | 165.3 | -6.3 |  -7.2   |  -2.4   |
+----------+--------+----------+-------+-------+------+---------+---------+
