[行业>市值]
+------+--------+----------+--------+------+------+---------+---------+
| 行业 |  代码  |   名称   |  市值  |  pe  | 涨幅 | 3日涨幅 | 6日涨幅 |
+------+--------+----------+--------+------+------+---------+---------+
| 保险 | 601628 | 中国人寿 | 8488.0 | 14.0 | -0.7 |  -1.5   |  -3.1   |
| 保险 | 601318 | 中国平安 | 8296.0 | 10.0 | -1.0 |  -1.0   |  -2.0   |
| 保险 | 601319 | 中国人保 | 2189.0 | 6.3  | 0.4  |   0.0   |  -1.4   |
| 保险 | 601601 | XD中国太 | 2088.0 | 9.6  | -0.8 |  -2.0   |  -3.4   |
| 保险 | 601336 | 新华保险 | 957.4  | 17.8 | -1.5 |  -2.5   |  -4.2   |
| 保险 | 000627 | 天茂集团 | 167.0  | 28.3 | -1.7 |   1.5   |  -0.9   |
+------+--------+----------+--------+------+------+---------+---------+
 




 [行业>单日涨幅]
+------+--------+----------+--------+------+------+---------+---------+
| 行业 |  代码  |   名称   |  市值  |  pe  | 涨幅 | 3日涨幅 | 6日涨幅 |
+------+--------+----------+--------+------+------+---------+---------+
| 保险 | 601319 | 中国人保 | 2189.0 | 6.3  | 0.4  |   0.0   |  -1.4   |
| 保险 | 601628 | 中国人寿 | 8488.0 | 14.0 | -0.7 |  -1.5   |  -3.1   |
| 保险 | 601601 | XD中国太 | 2088.0 | 9.6  | -0.8 |  -2.0   |  -3.4   |
| 保险 | 601318 | 中国平安 | 8296.0 | 10.0 | -1.0 |  -1.0   |  -2.0   |
| 保险 | 601336 | 新华保险 | 957.4  | 17.8 | -1.5 |  -2.5   |  -4.2   |
| 保险 | 000627 | 天茂集团 | 167.0  | 28.3 | -1.7 |   1.5   |  -0.9   |
+------+--------+----------+--------+------+------+---------+---------+
