[行业>市值]
+----------+--------+----------+-------+--------+------+---------+---------+
|   行业   |  代码  |   名称   | 市值  |   pe   | 涨幅 | 3日涨幅 | 6日涨幅 |
+----------+--------+----------+-------+--------+------+---------+---------+
| 包装材料 | 002191 | 劲嘉股份 | 135.3 |  11.1  | -3.7 |  -4.8   |  -5.3   |
| 包装材料 | 002701 |  奥瑞金  | 131.8 |  16.0  | -0.2 |  -0.2   |  -1.0   |
| 包装材料 | 600210 | 紫江企业 | 91.5  |  18.8  | -4.4 |  -4.7   |  -5.5   |
| 包装材料 | 601968 | 宝钢包装 | 89.3  |  34.8  | -2.0 |  -1.9   |   3.4   |
| 包装材料 | 601515 | 东风股份 | 83.3  |  17.2  | -1.5 |  -1.9   |  -1.5   |
| 包装材料 | 002735 | 王子新材 | 55.4  |  34.0  | -2.4 |   1.9   |  26.0   |
| 包装材料 | 002303 |  美盈森  | 50.7  |  30.8  | -0.9 |   0.0   |  -3.2   |
| 包装材料 | 002565 | 顺灏股份 | 50.0  | -432.8 | 0.4  |   1.3   |  -2.9   |
| 包装材料 | 301062 | 上海艾录 | 49.9  |  39.3  | -4.5 |   0.1   |   5.5   |
| 包装材料 | 600836 | 上海易连 | 46.8  | 537.6  | -0.3 |  -0.1   |   3.2   |
| 包装材料 | 002752 | 昇兴股份 | 46.6  |  24.8  | 1.3  |   0.4   |  -2.2   |
| 包装材料 | 000659 | 珠海中富 | 45.4  | -58.3  | -2.5 |   3.2   |  14.2   |
| 包装材料 | 002228 | 合兴包装 | 42.9  |  20.5  | 0.6  |   0.9   |   0.6   |
| 包装材料 | 000812 | 陕西金叶 | 42.4  | 162.9  | -0.7 |  -2.0   |  -5.5   |
| 包装材料 | 603687 |  大胜达  | 42.0  |  43.0  | -0.5 |  -1.4   |   1.1   |
| 包装材料 | 002014 | 永新股份 | 40.5  |  15.5  | -1.2 |  -0.8   |  -1.8   |
| 包装材料 | 002969 | 嘉美包装 | 38.6  | 164.5  | -1.5 |  -0.5   |  -3.8   |
| 包装材料 | 002951 | 金时科技 | 37.3  | 974.7  | 1.2  |   4.7   |  -6.5   |
| 包装材料 | 300501 | 海顺新材 | 29.8  |  29.2  | 3.3  |   5.2   |   2.1   |
| 包装材料 | 002799 | 环球印务 | 27.2  |  24.8  | -1.3 |  -3.8   |  -4.0   |
| 包装材料 | 002599 | 盛通股份 | 25.8  | -26.0  | -1.6 |  -0.4   |  -1.8   |
| 包装材料 | 002846 | 英联股份 | 20.3  | -95.6  | -0.5 |   0.0   |   0.9   |
| 包装材料 | 002787 | 华源控股 | 18.6  | 145.4  | 0.5  |   2.4   |   1.2   |
| 包装材料 | 603022 |  新通联  | 18.1  |  56.6  | 0.7  |   1.7   |   0.2   |
| 包装材料 | 003003 | 天元股份 | 15.7  | 1348.6 | -1.2 |  -0.3   |  -3.2   |
+----------+--------+----------+-------+--------+------+---------+---------+
 




 [行业>单日涨幅]
+----------+--------+----------+-------+--------+------+---------+---------+
|   行业   |  代码  |   名称   | 市值  |   pe   | 涨幅 | 3日涨幅 | 6日涨幅 |
+----------+--------+----------+-------+--------+------+---------+---------+
| 包装材料 | 300501 | 海顺新材 | 29.8  |  29.2  | 3.3  |   5.2   |   2.1   |
| 包装材料 | 002752 | 昇兴股份 | 46.6  |  24.8  | 1.3  |   0.4   |  -2.2   |
| 包装材料 | 002951 | 金时科技 | 37.3  | 974.7  | 1.2  |   4.7   |  -6.5   |
| 包装材料 | 603022 |  新通联  | 18.1  |  56.6  | 0.7  |   1.7   |   0.2   |
| 包装材料 | 002228 | 合兴包装 | 42.9  |  20.5  | 0.6  |   0.9   |   0.6   |
| 包装材料 | 002787 | 华源控股 | 18.6  | 145.4  | 0.5  |   2.4   |   1.2   |
| 包装材料 | 002565 | 顺灏股份 | 50.0  | -432.8 | 0.4  |   1.3   |  -2.9   |
| 包装材料 | 002701 |  奥瑞金  | 131.8 |  16.0  | -0.2 |  -0.2   |  -1.0   |
| 包装材料 | 600836 | 上海易连 | 46.8  | 537.6  | -0.3 |  -0.1   |   3.2   |
| 包装材料 | 002846 | 英联股份 | 20.3  | -95.6  | -0.5 |   0.0   |   0.9   |
| 包装材料 | 603687 |  大胜达  | 42.0  |  43.0  | -0.5 |  -1.4   |   1.1   |
| 包装材料 | 000812 | 陕西金叶 | 42.4  | 162.9  | -0.7 |  -2.0   |  -5.5   |
| 包装材料 | 002303 |  美盈森  | 50.7  |  30.8  | -0.9 |   0.0   |  -3.2   |
| 包装材料 | 002014 | 永新股份 | 40.5  |  15.5  | -1.2 |  -0.8   |  -1.8   |
| 包装材料 | 003003 | 天元股份 | 15.7  | 1348.6 | -1.2 |  -0.3   |  -3.2   |
| 包装材料 | 002799 | 环球印务 | 27.2  |  24.8  | -1.3 |  -3.8   |  -4.0   |
| 包装材料 | 002969 | 嘉美包装 | 38.6  | 164.5  | -1.5 |  -0.5   |  -3.8   |
| 包装材料 | 601515 | 东风股份 | 83.3  |  17.2  | -1.5 |  -1.9   |  -1.5   |
| 包装材料 | 002599 | 盛通股份 | 25.8  | -26.0  | -1.6 |  -0.4   |  -1.8   |
| 包装材料 | 601968 | 宝钢包装 | 89.3  |  34.8  | -2.0 |  -1.9   |   3.4   |
| 包装材料 | 002735 | 王子新材 | 55.4  |  34.0  | -2.4 |   1.9   |  26.0   |
| 包装材料 | 000659 | 珠海中富 | 45.4  | -58.3  | -2.5 |   3.2   |  14.2   |
| 包装材料 | 002191 | 劲嘉股份 | 135.3 |  11.1  | -3.7 |  -4.8   |  -5.3   |
| 包装材料 | 600210 | 紫江企业 | 91.5  |  18.8  | -4.4 |  -4.7   |  -5.5   |
| 包装材料 | 301062 | 上海艾录 | 49.9  |  39.3  | -4.5 |   0.1   |   5.5   |
+----------+--------+----------+-------+--------+------+---------+---------+
