[行业>市值]
+----------+--------+----------+--------+-------+------+---------+---------+
|   行业   |  代码  |   名称   |  市值  |  pe   | 涨幅 | 3日涨幅 | 6日涨幅 |
+----------+--------+----------+--------+-------+------+---------+---------+
| 化纤行业 | 002493 | 荣盛石化 | 1537.0 | 12.3  | 4.3  |   2.4   |  -0.3   |
| 化纤行业 | 600346 | 恒力石化 | 1520.0 |  9.0  | 1.6  |  -0.6   |  -2.0   |
| 化纤行业 | 000301 | 东方盛虹 | 996.6  | 36.2  | -0.1 |   0.3   |  -1.9   |
| 化纤行业 | 002064 | 华峰化学 | 395.0  |  7.2  | -2.3 |  -4.9   |  -5.7   |
| 化纤行业 | 000703 | 恒逸石化 | 363.3  | 12.4  | 0.5  |   0.6   |  -2.8   |
| 化纤行业 | 601233 | 桐昆股份 | 362.9  |  6.0  | -0.9 |  -2.3   |  -4.4   |
| 化纤行业 | 688295 | 中复神鹰 | 339.3  | 72.0  | -2.3 |  -3.6   |   1.9   |
| 化纤行业 | 300777 | 中简科技 | 220.1  | 60.7  | 0.1  |  -1.7   |   4.4   |
| 化纤行业 | 603225 |  新凤鸣  | 165.6  | 14.5  | -2.3 |  -3.6   |  -4.1   |
| 化纤行业 | 600063 | 皖维高新 | 146.8  |  8.8  | -0.1 |  -0.9   |  -2.9   |
| 化纤行业 | 002254 | 泰和新材 | 108.5  | 18.6  | -4.2 |  -4.1   |  -5.9   |
| 化纤行业 | 000420 | 吉林化纤 | 104.9  | -53.5 | -1.0 |  -2.2   |   0.6   |
| 化纤行业 | 600810 | 神马股份 |  90.7  |  6.2  | -2.4 |  -3.5   |  -2.9   |
| 化纤行业 | 002206 |  海利得  |  72.7  | 14.8  | -1.0 |  -1.5   |  -7.9   |
| 化纤行业 | 000949 | 新乡化纤 |  52.5  | 32.1  | -1.6 |  -1.6   |  -2.5   |
| 化纤行业 | 601113 | 华鼎股份 |  47.8  | -15.7 | 0.0  |  -0.5   |  -0.9   |
| 化纤行业 | 000936 | 华西股份 |  46.4  | 60.1  | -1.7 |  -1.7   |  -1.9   |
| 化纤行业 | 002427 | *ST尤夫  |  42.9  | -6.1  | -0.5 |   7.7   |  10.2   |
| 化纤行业 | 600527 | 江南高纤 |  39.8  | 62.3  | -0.4 |  -0.4   |   0.4   |
| 化纤行业 | 603332 | 苏州龙杰 |  39.6  | -73.7 | 1.6  |   2.0   |   3.8   |
| 化纤行业 | 688722 |  同益中  |  36.8  | 30.1  | -2.4 |  -5.2   |  -6.8   |
| 化纤行业 | 301057 | 汇隆新材 |  27.2  | 54.8  | -1.5 |  -6.5   |   0.4   |
| 化纤行业 | 000677 | 恒天海龙 |  26.7  | 43.0  | -2.2 |   1.0   |   0.7   |
| 化纤行业 | 000782 | 美达股份 |  25.1  | 31.5  | 1.1  |   1.7   |   0.8   |
| 化纤行业 | 002998 | 优彩资源 |  22.3  | 18.7  | -0.9 |  -0.6   |  -3.7   |
| 化纤行业 | 300876 | 蒙泰高新 |  21.4  | 35.2  | -0.4 |   2.5   |   0.1   |
| 化纤行业 | 600889 | 南京化纤 |  17.9  | -14.2 | 0.4  |   0.2   |  -1.4   |
+----------+--------+----------+--------+-------+------+---------+---------+
 




 [行业>单日涨幅]
+----------+--------+----------+--------+-------+------+---------+---------+
|   行业   |  代码  |   名称   |  市值  |  pe   | 涨幅 | 3日涨幅 | 6日涨幅 |
+----------+--------+----------+--------+-------+------+---------+---------+
| 化纤行业 | 002493 | 荣盛石化 | 1537.0 | 12.3  | 4.3  |   2.4   |  -0.3   |
| 化纤行业 | 603332 | 苏州龙杰 |  39.6  | -73.7 | 1.6  |   2.0   |   3.8   |
| 化纤行业 | 600346 | 恒力石化 | 1520.0 |  9.0  | 1.6  |  -0.6   |  -2.0   |
| 化纤行业 | 000782 | 美达股份 |  25.1  | 31.5  | 1.1  |   1.7   |   0.8   |
| 化纤行业 | 000703 | 恒逸石化 | 363.3  | 12.4  | 0.5  |   0.6   |  -2.8   |
| 化纤行业 | 600889 | 南京化纤 |  17.9  | -14.2 | 0.4  |   0.2   |  -1.4   |
| 化纤行业 | 300777 | 中简科技 | 220.1  | 60.7  | 0.1  |  -1.7   |   4.4   |
| 化纤行业 | 601113 | 华鼎股份 |  47.8  | -15.7 | 0.0  |  -0.5   |  -0.9   |
| 化纤行业 | 000301 | 东方盛虹 | 996.6  | 36.2  | -0.1 |   0.3   |  -1.9   |
| 化纤行业 | 600063 | 皖维高新 | 146.8  |  8.8  | -0.1 |  -0.9   |  -2.9   |
| 化纤行业 | 300876 | 蒙泰高新 |  21.4  | 35.2  | -0.4 |   2.5   |   0.1   |
| 化纤行业 | 600527 | 江南高纤 |  39.8  | 62.3  | -0.4 |  -0.4   |   0.4   |
| 化纤行业 | 002427 | *ST尤夫  |  42.9  | -6.1  | -0.5 |   7.7   |  10.2   |
| 化纤行业 | 002998 | 优彩资源 |  22.3  | 18.7  | -0.9 |  -0.6   |  -3.7   |
| 化纤行业 | 601233 | 桐昆股份 | 362.9  |  6.0  | -0.9 |  -2.3   |  -4.4   |
| 化纤行业 | 002206 |  海利得  |  72.7  | 14.8  | -1.0 |  -1.5   |  -7.9   |
| 化纤行业 | 000420 | 吉林化纤 | 104.9  | -53.5 | -1.0 |  -2.2   |   0.6   |
| 化纤行业 | 301057 | 汇隆新材 |  27.2  | 54.8  | -1.5 |  -6.5   |   0.4   |
| 化纤行业 | 000949 | 新乡化纤 |  52.5  | 32.1  | -1.6 |  -1.6   |  -2.5   |
| 化纤行业 | 000936 | 华西股份 |  46.4  | 60.1  | -1.7 |  -1.7   |  -1.9   |
| 化纤行业 | 000677 | 恒天海龙 |  26.7  | 43.0  | -2.2 |   1.0   |   0.7   |
| 化纤行业 | 688295 | 中复神鹰 | 339.3  | 72.0  | -2.3 |  -3.6   |   1.9   |
| 化纤行业 | 002064 | 华峰化学 | 395.0  |  7.2  | -2.3 |  -4.9   |  -5.7   |
| 化纤行业 | 603225 |  新凤鸣  | 165.6  | 14.5  | -2.3 |  -3.6   |  -4.1   |
| 化纤行业 | 600810 | 神马股份 |  90.7  |  6.2  | -2.4 |  -3.5   |  -2.9   |
| 化纤行业 | 688722 |  同益中  |  36.8  | 30.1  | -2.4 |  -5.2   |  -6.8   |
| 化纤行业 | 002254 | 泰和新材 | 108.5  | 18.6  | -4.2 |  -4.1   |  -5.9   |
+----------+--------+----------+--------+-------+------+---------+---------+
