[行业>市值]
+----------+--------+----------+-------+--------+------+---------+---------+
|   行业   |  代码  |   名称   | 市值  |   pe   | 涨幅 | 3日涨幅 | 6日涨幅 |
+----------+--------+----------+-------+--------+------+---------+---------+
| 多元金融 | 000617 | 中油资本 | 574.0 |  8.3   | 0.2  |   0.7   |  -2.1   |
| 多元金融 | 000987 | 越秀金控 | 323.1 |  13.8  | -0.3 |  -1.8   |  -6.0   |
| 多元金融 | 600705 | 中航产融 | 289.0 | 630.8  | -0.6 |  -0.6   |  -2.1   |
| 多元金融 | 600927 | 永安期货 | 279.3 | 214.2  | -0.5 |  -1.0   |  -3.1   |
| 多元金融 | 600816 |  ST安信  | 224.2 | -11.8  | -1.9 |  -1.9   |  -1.0   |
| 多元金融 | 600390 | 五矿资本 | 216.8 |  7.7   | -0.6 |   0.6   |  -1.6   |
| 多元金融 | 600901 | 江苏租赁 | 150.2 |  6.1   | -0.4 |  -1.4   |  -4.0   |
| 多元金融 | 002423 | 中粮资本 | 148.4 | -10.8  | -0.3 |   0.3   |  -0.0   |
| 多元金融 | 000567 | 海德股份 | 138.4 |  27.2  | -0.5 |  -1.3   |  -0.3   |
| 多元金融 | 000415 | 渤海租赁 | 134.2 |  -4.5  | -0.9 |  -0.5   |  -1.4   |
| 多元金融 | 000563 | 陕国投Ａ  | 120.5 |  17.1  | 0.0  |   0.3   |  -2.2   |
| 多元金融 | 600120 | 浙江东方 | 115.9 |  72.5  | 0.2  |   3.1   |   0.0   |
| 多元金融 | 600643 | 爱建集团 | 92.9  |  7.8   | 0.3  |   0.0   |  -3.0   |
| 多元金融 | 000046 | 泛海控股 | 75.9  |  -2.4  | -0.7 |   0.0   |  -2.0   |
| 多元金融 | 002961 | 瑞达期货 | 74.3  |  19.5  | -1.2 |  -1.1   |  -4.5   |
| 多元金融 | 600053 | 九鼎投资 | 72.4  |  40.8  | 1.8  |   4.2   |   2.9   |
| 多元金融 | 000666 | 经纬纺机 | 61.7  |  11.3  | 0.8  |   1.6   |  -2.0   |
| 多元金融 | 603093 | 南华期货 | 61.4  |  54.6  | -0.7 |  -0.4   |  -2.8   |
| 多元金融 | 002647 | 仁东控股 | 37.4  | -45.4  | 2.1  |   2.3   |   0.1   |
| 多元金融 | 600318 | 新力金融 | 37.0  | 403.2  | 0.6  |   0.8   |  -1.4   |
| 多元金融 | 600830 | 香溢融通 | 25.0  |  52.1  | -0.4 |   1.9   |  -1.2   |
| 多元金融 | 000416 | 民生控股 | 20.1  | -108.1 | -1.1 |  -0.5   |  -1.6   |
| 多元金融 | 600139 | *ST西源  | 17.5  | -11.9  | 5.2  |  15.7   |  20.4   |
| 多元金融 | 001236 | 弘业期货 | 16.9  |  59.8  | 0.0  |   0.0   |   0.0   |
| 多元金融 | 300309 | *ST吉艾  | 15.0  |  -3.4  | -1.7 |  -4.0   |   5.0   |
| 多元金融 | 600599 |  ST熊猫  | 14.6  |  10.1  | -4.3 |  -3.8   |  -6.6   |
+----------+--------+----------+-------+--------+------+---------+---------+
 




 [行业>单日涨幅]
+----------+--------+----------+-------+--------+------+---------+---------+
|   行业   |  代码  |   名称   | 市值  |   pe   | 涨幅 | 3日涨幅 | 6日涨幅 |
+----------+--------+----------+-------+--------+------+---------+---------+
| 多元金融 | 600139 | *ST西源  | 17.5  | -11.9  | 5.2  |  15.7   |  20.4   |
| 多元金融 | 002647 | 仁东控股 | 37.4  | -45.4  | 2.1  |   2.3   |   0.1   |
| 多元金融 | 600053 | 九鼎投资 | 72.4  |  40.8  | 1.8  |   4.2   |   2.9   |
| 多元金融 | 000666 | 经纬纺机 | 61.7  |  11.3  | 0.8  |   1.6   |  -2.0   |
| 多元金融 | 600318 | 新力金融 | 37.0  | 403.2  | 0.6  |   0.8   |  -1.4   |
| 多元金融 | 600643 | 爱建集团 | 92.9  |  7.8   | 0.3  |   0.0   |  -3.0   |
| 多元金融 | 600120 | 浙江东方 | 115.9 |  72.5  | 0.2  |   3.1   |   0.0   |
| 多元金融 | 000617 | 中油资本 | 574.0 |  8.3   | 0.2  |   0.7   |  -2.1   |
| 多元金融 | 000563 | 陕国投Ａ  | 120.5 |  17.1  | 0.0  |   0.3   |  -2.2   |
| 多元金融 | 001236 | 弘业期货 | 16.9  |  59.8  | 0.0  |   0.0   |   0.0   |
| 多元金融 | 000987 | 越秀金控 | 323.1 |  13.8  | -0.3 |  -1.8   |  -6.0   |
| 多元金融 | 002423 | 中粮资本 | 148.4 | -10.8  | -0.3 |   0.3   |  -0.0   |
| 多元金融 | 600830 | 香溢融通 | 25.0  |  52.1  | -0.4 |   1.9   |  -1.2   |
| 多元金融 | 600901 | 江苏租赁 | 150.2 |  6.1   | -0.4 |  -1.4   |  -4.0   |
| 多元金融 | 600927 | 永安期货 | 279.3 | 214.2  | -0.5 |  -1.0   |  -3.1   |
| 多元金融 | 000567 | 海德股份 | 138.4 |  27.2  | -0.5 |  -1.3   |  -0.3   |
| 多元金融 | 600705 | 中航产融 | 289.0 | 630.8  | -0.6 |  -0.6   |  -2.1   |
| 多元金融 | 600390 | 五矿资本 | 216.8 |  7.7   | -0.6 |   0.6   |  -1.6   |
| 多元金融 | 000046 | 泛海控股 | 75.9  |  -2.4  | -0.7 |   0.0   |  -2.0   |
| 多元金融 | 603093 | 南华期货 | 61.4  |  54.6  | -0.7 |  -0.4   |  -2.8   |
| 多元金融 | 000415 | 渤海租赁 | 134.2 |  -4.5  | -0.9 |  -0.5   |  -1.4   |
| 多元金融 | 000416 | 民生控股 | 20.1  | -108.1 | -1.1 |  -0.5   |  -1.6   |
| 多元金融 | 002961 | 瑞达期货 | 74.3  |  19.5  | -1.2 |  -1.1   |  -4.5   |
| 多元金融 | 300309 | *ST吉艾  | 15.0  |  -3.4  | -1.7 |  -4.0   |   5.0   |
| 多元金融 | 600816 |  ST安信  | 224.2 | -11.8  | -1.9 |  -1.9   |  -1.0   |
| 多元金融 | 600599 |  ST熊猫  | 14.6  |  10.1  | -4.3 |  -3.8   |  -6.6   |
+----------+--------+----------+-------+--------+------+---------+---------+
