[行业>市值]
+----------+--------+----------+-------+--------+------+---------+---------+
|   行业   |  代码  |   名称   | 市值  |   pe   | 涨幅 | 3日涨幅 | 6日涨幅 |
+----------+--------+----------+-------+--------+------+---------+---------+
| 家用轻工 | 603899 | 晨光股份 | 463.5 |  42.0  | -2.6 |  -5.5   |  -8.5   |
| 家用轻工 | 001323 | 慕思股份 | 180.2 |  36.3  | -2.2 |  -0.3   |  -5.6   |
| 家用轻工 | 605099 | 共创草坪 | 102.5 |  30.0  | -2.7 |  -0.7   |  -3.4   |
| 家用轻工 | 603398 | 沐邦高科 | 93.7  | -257.0 | -3.6 |  -4.1   |  -5.2   |
| 家用轻工 | 002489 | 浙江永强 | 78.3  |  14.3  | -0.3 |  -3.7   |  -0.6   |
| 家用轻工 | 002678 | 珠江钢琴 | 77.2  |  36.4  | -0.5 |   0.2   |  -2.6   |
| 家用轻工 | 603848 |  好太太  | 68.5  |  37.8  | 3.4  |  14.9   |  -1.3   |
| 家用轻工 | 301101 | 明月镜片 | 67.9  |  76.7  | -1.3 |   6.4   |   1.6   |
| 家用轻工 | 002605 | 姚记科技 | 61.3  |  16.7  | -1.1 |  -2.8   |  -7.6   |
| 家用轻工 | 002301 | 齐心集团 | 46.3  |  21.1  | 0.2  |  -0.9   |  -4.1   |
| 家用轻工 | 605299 | 舒华体育 | 44.4  |  83.6  | -3.0 |  -0.1   |  -0.6   |
| 家用轻工 | 300729 | 乐歌股份 | 36.5  |  50.7  | -3.5 |  -10.7  |  -5.2   |
| 家用轻工 | 600439 |  瑞贝卡  | 31.4  |  61.4  | -0.7 |  -1.8   |   0.4   |
| 家用轻工 | 300651 | 金陵体育 | 31.1  | 304.3  | -1.8 |  -1.2   |  -4.5   |
| 家用轻工 | 002575 | 群兴玩具 | 29.7  | 428.4  | -1.4 |   4.3   |   4.8   |
| 家用轻工 | 002571 | 德力股份 | 26.9  | 260.6  | -1.1 |  -3.2   |  -4.8   |
| 家用轻工 | 002348 | 高乐股份 | 25.7  | -12.9  | -4.9 |  -5.6   |  26.1   |
| 家用轻工 | 002615 |  哈尔斯  | 25.3  |  20.5  | 2.5  |   1.0   |  -0.5   |
| 家用轻工 | 301004 | 嘉益股份 | 23.3  |  17.7  | -2.3 |  -0.9   |  -2.1   |
| 家用轻工 | 002103 | 广博股份 | 23.2  | -38.8  | -0.7 |   0.7   |  -0.9   |
| 家用轻工 | 300703 | 创源股份 | 18.5  | 114.7  | 4.9  |   2.4   |   9.2   |
| 家用轻工 | 300329 | 海伦钢琴 | 17.3  |  68.5  | -2.4 |  -0.1   |  -2.6   |
| 家用轻工 | 300640 | 德艺文创 | 16.6  |  50.1  | -1.0 |   0.2   |  -1.7   |
| 家用轻工 | 002899 |  英派斯  | 14.7  | 274.3  | -1.4 |   0.5   |  -1.1   |
| 家用轻工 | 002862 | 实丰文化 | 13.3  | 172.7  | -1.7 |  -5.0   |  -2.0   |
+----------+--------+----------+-------+--------+------+---------+---------+
 




 [行业>单日涨幅]
+----------+--------+----------+-------+--------+------+---------+---------+
|   行业   |  代码  |   名称   | 市值  |   pe   | 涨幅 | 3日涨幅 | 6日涨幅 |
+----------+--------+----------+-------+--------+------+---------+---------+
| 家用轻工 | 300703 | 创源股份 | 18.5  | 114.7  | 4.9  |   2.4   |   9.2   |
| 家用轻工 | 603848 |  好太太  | 68.5  |  37.8  | 3.4  |  14.9   |  -1.3   |
| 家用轻工 | 002615 |  哈尔斯  | 25.3  |  20.5  | 2.5  |   1.0   |  -0.5   |
| 家用轻工 | 002301 | 齐心集团 | 46.3  |  21.1  | 0.2  |  -0.9   |  -4.1   |
| 家用轻工 | 002489 | 浙江永强 | 78.3  |  14.3  | -0.3 |  -3.7   |  -0.6   |
| 家用轻工 | 002678 | 珠江钢琴 | 77.2  |  36.4  | -0.5 |   0.2   |  -2.6   |
| 家用轻工 | 002103 | 广博股份 | 23.2  | -38.8  | -0.7 |   0.7   |  -0.9   |
| 家用轻工 | 600439 |  瑞贝卡  | 31.4  |  61.4  | -0.7 |  -1.8   |   0.4   |
| 家用轻工 | 300640 | 德艺文创 | 16.6  |  50.1  | -1.0 |   0.2   |  -1.7   |
| 家用轻工 | 002605 | 姚记科技 | 61.3  |  16.7  | -1.1 |  -2.8   |  -7.6   |
| 家用轻工 | 002571 | 德力股份 | 26.9  | 260.6  | -1.1 |  -3.2   |  -4.8   |
| 家用轻工 | 301101 | 明月镜片 | 67.9  |  76.7  | -1.3 |   6.4   |   1.6   |
| 家用轻工 | 002899 |  英派斯  | 14.7  | 274.3  | -1.4 |   0.5   |  -1.1   |
| 家用轻工 | 002575 | 群兴玩具 | 29.7  | 428.4  | -1.4 |   4.3   |   4.8   |
| 家用轻工 | 002862 | 实丰文化 | 13.3  | 172.7  | -1.7 |  -5.0   |  -2.0   |
| 家用轻工 | 300651 | 金陵体育 | 31.1  | 304.3  | -1.8 |  -1.2   |  -4.5   |
| 家用轻工 | 001323 | 慕思股份 | 180.2 |  36.3  | -2.2 |  -0.3   |  -5.6   |
| 家用轻工 | 301004 | 嘉益股份 | 23.3  |  17.7  | -2.3 |  -0.9   |  -2.1   |
| 家用轻工 | 300329 | 海伦钢琴 | 17.3  |  68.5  | -2.4 |  -0.1   |  -2.6   |
| 家用轻工 | 603899 | 晨光股份 | 463.5 |  42.0  | -2.6 |  -5.5   |  -8.5   |
| 家用轻工 | 605099 | 共创草坪 | 102.5 |  30.0  | -2.7 |  -0.7   |  -3.4   |
| 家用轻工 | 605299 | 舒华体育 | 44.4  |  83.6  | -3.0 |  -0.1   |  -0.6   |
| 家用轻工 | 300729 | 乐歌股份 | 36.5  |  50.7  | -3.5 |  -10.7  |  -5.2   |
| 家用轻工 | 603398 | 沐邦高科 | 93.7  | -257.0 | -3.6 |  -4.1   |  -5.2   |
| 家用轻工 | 002348 | 高乐股份 | 25.7  | -12.9  | -4.9 |  -5.6   |  26.1   |
+----------+--------+----------+-------+--------+------+---------+---------+
