[行业>市值]
+----------+--------+----------+--------+--------+------+---------+---------+
|   行业   |  代码  |   名称   |  市值  |   pe   | 涨幅 | 3日涨幅 | 6日涨幅 |
+----------+--------+----------+--------+--------+------+---------+---------+
| 工程机械 | 600031 | 三一重工 | 1601.0 |  25.2  | -0.8 |   0.9   |  -5.0   |
| 工程机械 | 601100 | 恒立液压 | 761.3  |  36.0  | 2.0  |   4.8   |  -7.2   |
| 工程机械 | 000157 | 中联重科 | 517.2  |  14.3  | -1.0 |   0.2   |  -2.9   |
| 工程机械 | 000425 | 徐工机械 | 434.8  |  7.7   | 2.2  |   3.2   |   0.2   |
| 工程机械 | 603338 | 浙江鼎力 | 238.0  |  30.4  | -3.2 |  -3.0   |  -8.2   |
| 工程机械 | 688425 | 铁建重工 | 217.1  |  14.4  | -0.5 |   0.7   |  -1.9   |
| 工程机械 | 603638 | 艾迪精密 | 158.5  |  54.8  | -3.7 |  -6.4   |  -8.3   |
| 工程机械 | 002204 | 大连重工 | 134.6  |  48.2  | -9.9 |   8.9   |  44.9   |
| 工程机械 | 603298 | 杭叉集团 | 127.5  |  16.8  | -1.2 |  -2.3   |  -7.5   |
| 工程机械 | 000528 |   柳工   | 125.9  |  12.4  | 1.1  |   1.7   |  -1.7   |
| 工程机械 | 600761 | 安徽合力 |  85.5  |  11.0  | -1.7 |  -1.9   |  -8.1   |
| 工程机械 | 000680 | 山推股份 |  83.3  |  5.7   | -2.8 |   4.1   |  -3.0   |
| 工程机械 | 600984 | 建设机械 |  77.1  | -35.7  | -1.6 |  -1.4   |  -8.0   |
| 工程机械 | 002097 | 山河智能 |  74.8  | -38.2  | -0.7 |   1.3   |  -2.7   |
| 工程机械 | 605305 | 中际联合 |  72.5  |  41.1  | -3.4 |  -3.3   |  -3.1   |
| 工程机械 | 601226 | 华电重工 |  61.3  | -14.1  | -2.6 |  -3.1   |   4.2   |
| 工程机械 | 600375 | 汉马科技 |  58.7  |  -9.0  | -1.2 |  -0.6   |  -4.3   |
| 工程机械 | 300718 | 长盛轴承 |  57.0  |  47.1  | 5.0  |   5.3   |  17.6   |
| 工程机械 | 600817 | 宇通重工 |  53.2  |  15.7  | -2.3 |  -2.8   |  -6.5   |
| 工程机械 | 600815 | 厦工股份 |  52.3  | -684.4 | -0.3 |   0.0   |  -3.9   |
| 工程机械 | 603611 | 诺力股份 |  43.9  |  15.2  | -2.8 |  -1.5   |  -7.6   |
| 工程机械 | 605389 | 长龄液压 |  35.8  |  21.2  | -1.9 |  -1.0   |  -4.0   |
| 工程机械 | 002272 | 川润股份 |  28.9  |  74.5  | -0.9 |  20.0   |  10.0   |
| 工程机械 | 301040 | 中环海陆 |  28.4  |  41.6  | -0.0 |  -0.7   |  -5.4   |
| 工程机械 | 001288 | 运机集团 |  25.2  |  29.8  | -0.1 |  -0.5   |  -2.4   |
| 工程机械 | 300201 | *ST海伦  |  23.2  |  17.8  | 3.7  |   6.2   |   8.8   |
| 工程机械 | 300022 | 吉峰科技 |  17.6  | -211.2 | -0.9 |   1.5   |  -1.7   |
+----------+--------+----------+--------+--------+------+---------+---------+
 




 [行业>单日涨幅]
+----------+--------+----------+--------+--------+------+---------+---------+
|   行业   |  代码  |   名称   |  市值  |   pe   | 涨幅 | 3日涨幅 | 6日涨幅 |
+----------+--------+----------+--------+--------+------+---------+---------+
| 工程机械 | 300718 | 长盛轴承 |  57.0  |  47.1  | 5.0  |   5.3   |  17.6   |
| 工程机械 | 300201 | *ST海伦  |  23.2  |  17.8  | 3.7  |   6.2   |   8.8   |
| 工程机械 | 000425 | 徐工机械 | 434.8  |  7.7   | 2.2  |   3.2   |   0.2   |
| 工程机械 | 601100 | 恒立液压 | 761.3  |  36.0  | 2.0  |   4.8   |  -7.2   |
| 工程机械 | 000528 |   柳工   | 125.9  |  12.4  | 1.1  |   1.7   |  -1.7   |
| 工程机械 | 301040 | 中环海陆 |  28.4  |  41.6  | -0.0 |  -0.7   |  -5.4   |
| 工程机械 | 001288 | 运机集团 |  25.2  |  29.8  | -0.1 |  -0.5   |  -2.4   |
| 工程机械 | 600815 | 厦工股份 |  52.3  | -684.4 | -0.3 |   0.0   |  -3.9   |
| 工程机械 | 688425 | 铁建重工 | 217.1  |  14.4  | -0.5 |   0.7   |  -1.9   |
| 工程机械 | 002097 | 山河智能 |  74.8  | -38.2  | -0.7 |   1.3   |  -2.7   |
| 工程机械 | 600031 | 三一重工 | 1601.0 |  25.2  | -0.8 |   0.9   |  -5.0   |
| 工程机械 | 300022 | 吉峰科技 |  17.6  | -211.2 | -0.9 |   1.5   |  -1.7   |
| 工程机械 | 002272 | 川润股份 |  28.9  |  74.5  | -0.9 |  20.0   |  10.0   |
| 工程机械 | 000157 | 中联重科 | 517.2  |  14.3  | -1.0 |   0.2   |  -2.9   |
| 工程机械 | 603298 | 杭叉集团 | 127.5  |  16.8  | -1.2 |  -2.3   |  -7.5   |
| 工程机械 | 600375 | 汉马科技 |  58.7  |  -9.0  | -1.2 |  -0.6   |  -4.3   |
| 工程机械 | 600984 | 建设机械 |  77.1  | -35.7  | -1.6 |  -1.4   |  -8.0   |
| 工程机械 | 600761 | 安徽合力 |  85.5  |  11.0  | -1.7 |  -1.9   |  -8.1   |
| 工程机械 | 605389 | 长龄液压 |  35.8  |  21.2  | -1.9 |  -1.0   |  -4.0   |
| 工程机械 | 600817 | 宇通重工 |  53.2  |  15.7  | -2.3 |  -2.8   |  -6.5   |
| 工程机械 | 601226 | 华电重工 |  61.3  | -14.1  | -2.6 |  -3.1   |   4.2   |
| 工程机械 | 000680 | 山推股份 |  83.3  |  5.7   | -2.8 |   4.1   |  -3.0   |
| 工程机械 | 603611 | 诺力股份 |  43.9  |  15.2  | -2.8 |  -1.5   |  -7.6   |
| 工程机械 | 603338 | 浙江鼎力 | 238.0  |  30.4  | -3.2 |  -3.0   |  -8.2   |
| 工程机械 | 605305 | 中际联合 |  72.5  |  41.1  | -3.4 |  -3.3   |  -3.1   |
| 工程机械 | 603638 | 艾迪精密 | 158.5  |  54.8  | -3.7 |  -6.4   |  -8.3   |
| 工程机械 | 002204 | 大连重工 | 134.6  |  48.2  | -9.9 |   8.9   |  44.9   |
+----------+--------+----------+--------+--------+------+---------+---------+
