[行业>市值]
+----------+--------+----------+-------+--------+------+---------+---------+
|   行业   |  代码  |   名称   | 市值  |   pe   | 涨幅 | 3日涨幅 | 6日涨幅 |
+----------+--------+----------+-------+--------+------+---------+---------+
| 橡胶制品 | 601966 | 玲珑轮胎 | 392.3 | -106.7 | -2.7 |  -0.3   |   5.7   |
| 橡胶制品 | 601058 | 赛轮轮胎 | 325.0 |  25.2  | -3.6 |  -3.9   |  -0.2   |
| 橡胶制品 | 002984 |  森麒麟  | 202.4 |  21.7  | -1.5 |   0.8   |   4.0   |
| 橡胶制品 | 601118 | 海南橡胶 | 200.3 | -176.9 | 0.0  |   0.7   |  -1.7   |
| 橡胶制品 | 603650 | 彤程新材 | 180.9 |  62.8  | 2.4  |  -0.9   |  -6.0   |
| 橡胶制品 | 603033 | 三维股份 | 176.3 |  90.6  | 0.9  |  -0.3   |  -1.6   |
| 橡胶制品 | 300587 | 天铁股份 | 153.4 |  33.1  | 2.0  |   1.1   |  13.2   |
| 橡胶制品 | 002068 | 黑猫股份 | 132.0 | -316.4 | -0.2 |   1.3   |  16.1   |
| 橡胶制品 | 300767 | 震安科技 | 128.3 |  98.5  | 1.0  |  -0.9   |  -7.8   |
| 橡胶制品 | 601163 | 三角轮胎 | 91.8  |  39.3  | -1.3 |   0.3   |  -1.0   |
| 橡胶制品 | 300320 | 海达股份 | 79.7  |  49.4  | -1.9 |  -7.0   |  -11.3  |
| 橡胶制品 | 605183 | 确成股份 | 77.2  |  23.1  | -2.3 |  -3.2   |  -4.8   |
| 橡胶制品 | 601500 | 通用股份 | 49.9  | 168.1  | -0.6 |   4.0   |   4.0   |
| 橡胶制品 | 000589 | 贵州轮胎 | 49.6  |  22.0  | -1.1 |   0.0   |  -0.9   |
| 橡胶制品 | 600182 | S*ST佳通 | 47.8  | 297.4  | -0.5 |   0.9   |   0.6   |
| 橡胶制品 | 300121 | 阳谷华泰 | 40.6  |  8.9   | -3.4 |  -0.5   |  -0.6   |
| 橡胶制品 | 300547 | 川环科技 | 38.7  |  46.0  | 2.1  |   4.5   |   5.1   |
| 橡胶制品 | 002224 |  三力士  | 34.4  | -158.6 | 0.0  |   2.8   |   1.5   |
| 橡胶制品 | 600469 | 风神股份 | 33.0  | -20.0  | -2.2 |  -1.1   |  -6.0   |
| 橡胶制品 | 002753 | 永东股份 | 32.7  |  77.4  | -1.8 |  -4.1   |  -7.7   |
| 橡胶制品 | 000599 | 青岛双星 | 31.9  |  -5.5  | 0.0  |   1.0   |  -2.0   |
| 橡胶制品 | 001207 | 联科科技 | 29.2  |  30.8  | -1.7 |  -2.2   |  -7.5   |
| 橡胶制品 | 300731 | 科创新源 | 27.9  | -62.5  | -3.9 |  -1.8   |  -10.8  |
| 橡胶制品 | 002442 | 龙星化工 | 26.4  |  57.9  | -2.7 |  -1.8   |  -3.1   |
| 橡胶制品 | 002381 | 双箭股份 | 26.3  |  20.2  | 0.3  |   1.3   |   0.0   |
| 橡胶制品 | 301233 |  C盛帮   | 23.8  |  40.4  | -2.0 |  -19.1  |  11.3   |
+----------+--------+----------+-------+--------+------+---------+---------+
 




 [行业>单日涨幅]
+----------+--------+----------+-------+--------+------+---------+---------+
|   行业   |  代码  |   名称   | 市值  |   pe   | 涨幅 | 3日涨幅 | 6日涨幅 |
+----------+--------+----------+-------+--------+------+---------+---------+
| 橡胶制品 | 603650 | 彤程新材 | 180.9 |  62.8  | 2.4  |  -0.9   |  -6.0   |
| 橡胶制品 | 300547 | 川环科技 | 38.7  |  46.0  | 2.1  |   4.5   |   5.1   |
| 橡胶制品 | 300587 | 天铁股份 | 153.4 |  33.1  | 2.0  |   1.1   |  13.2   |
| 橡胶制品 | 300767 | 震安科技 | 128.3 |  98.5  | 1.0  |  -0.9   |  -7.8   |
| 橡胶制品 | 603033 | 三维股份 | 176.3 |  90.6  | 0.9  |  -0.3   |  -1.6   |
| 橡胶制品 | 002381 | 双箭股份 | 26.3  |  20.2  | 0.3  |   1.3   |   0.0   |
| 橡胶制品 | 601118 | 海南橡胶 | 200.3 | -176.9 | 0.0  |   0.7   |  -1.7   |
| 橡胶制品 | 002224 |  三力士  | 34.4  | -158.6 | 0.0  |   2.8   |   1.5   |
| 橡胶制品 | 000599 | 青岛双星 | 31.9  |  -5.5  | 0.0  |   1.0   |  -2.0   |
| 橡胶制品 | 002068 | 黑猫股份 | 132.0 | -316.4 | -0.2 |   1.3   |  16.1   |
| 橡胶制品 | 600182 | S*ST佳通 | 47.8  | 297.4  | -0.5 |   0.9   |   0.6   |
| 橡胶制品 | 601500 | 通用股份 | 49.9  | 168.1  | -0.6 |   4.0   |   4.0   |
| 橡胶制品 | 000589 | 贵州轮胎 | 49.6  |  22.0  | -1.1 |   0.0   |  -0.9   |
| 橡胶制品 | 601163 | 三角轮胎 | 91.8  |  39.3  | -1.3 |   0.3   |  -1.0   |
| 橡胶制品 | 002984 |  森麒麟  | 202.4 |  21.7  | -1.5 |   0.8   |   4.0   |
| 橡胶制品 | 001207 | 联科科技 | 29.2  |  30.8  | -1.7 |  -2.2   |  -7.5   |
| 橡胶制品 | 002753 | 永东股份 | 32.7  |  77.4  | -1.8 |  -4.1   |  -7.7   |
| 橡胶制品 | 300320 | 海达股份 | 79.7  |  49.4  | -1.9 |  -7.0   |  -11.3  |
| 橡胶制品 | 301233 |  C盛帮   | 23.8  |  40.4  | -2.0 |  -19.1  |  11.3   |
| 橡胶制品 | 600469 | 风神股份 | 33.0  | -20.0  | -2.2 |  -1.1   |  -6.0   |
| 橡胶制品 | 605183 | 确成股份 | 77.2  |  23.1  | -2.3 |  -3.2   |  -4.8   |
| 橡胶制品 | 002442 | 龙星化工 | 26.4  |  57.9  | -2.7 |  -1.8   |  -3.1   |
| 橡胶制品 | 601966 | 玲珑轮胎 | 392.3 | -106.7 | -2.7 |  -0.3   |   5.7   |
| 橡胶制品 | 300121 | 阳谷华泰 | 40.6  |  8.9   | -3.4 |  -0.5   |  -0.6   |
| 橡胶制品 | 601058 | 赛轮轮胎 | 325.0 |  25.2  | -3.6 |  -3.9   |  -0.2   |
| 橡胶制品 | 300731 | 科创新源 | 27.9  | -62.5  | -3.9 |  -1.8   |  -10.8  |
+----------+--------+----------+-------+--------+------+---------+---------+
