[行业>市值]
+------+--------+----------+-------+--------+------+---------+---------+
| 行业 |  代码  |   名称   | 市值  |   pe   | 涨幅 | 3日涨幅 | 6日涨幅 |
+------+--------+----------+-------+--------+------+---------+---------+
| 燃气 | 600956 | 新天绿能 | 584.5 |  15.6  | 7.1  |   0.2   |  12.4   |
| 燃气 | 600803 | 新奥股份 | 503.4 |  16.7  | -2.8 |  -4.1   |  -2.5   |
| 燃气 | 601139 | 深圳燃气 | 198.5 |  21.9  | 0.3  |   0.4   |  -0.3   |
| 燃气 | 605090 | 九丰能源 | 130.0 |  8.3   | 0.3  |   0.9   |   1.9   |
| 燃气 | 600917 | 重庆燃气 | 118.3 |  29.3  | 0.9  |   1.1   |   2.5   |
| 燃气 | 300332 | 天壕环境 | 108.3 |  20.4  | -3.6 |  -2.5   |   3.9   |
| 燃气 | 000968 | 蓝焰控股 | 100.4 |  9.2   | -1.2 |  -2.0   |   0.4   |
| 燃气 | 600635 | 大众公用 | 94.5  |  -7.3  | -0.9 |   0.0   |  -2.4   |
| 燃气 | 603393 | 新天然气 | 90.4  |  11.0  | -0.2 |  -0.2   |   0.4   |
| 燃气 | 600903 | 贵州燃气 | 88.9  | -35.9  | 0.5  |  -1.5   |  -0.6   |
| 燃气 | 002911 | 佛燃能源 | 86.0  |  28.7  | -0.4 |  -0.1   |  -0.6   |
| 燃气 | 603053 | 成都燃气 | 83.7  |  10.6  | 1.1  |  -0.7   |   2.5   |
| 燃气 | 002267 | 陕天然气 | 78.7  |  3.9   | 0.3  |   1.0   |   2.2   |
| 燃气 | 600617 | 国新能源 | 68.2  |  9.8   | 0.6  |   4.9   |   6.7   |
| 燃气 | 605368 | 蓝天燃气 | 62.6  |  8.2   | -1.4 |   1.2   |   0.2   |
| 燃气 | 600681 | 百川能源 | 60.8  |  10.4  | -1.1 |   0.5   |   0.5   |
| 燃气 | 300435 | 中泰股份 | 56.4  |  22.6  | -3.8 |  -3.2   |  -4.6   |
| 燃气 | 300483 | 首华燃气 | 37.3  |  21.9  | -0.7 |  -0.3   |  -0.7   |
| 燃气 | 605169 | 洪通燃气 | 34.6  |  16.2  | 1.6  |   1.6   |   8.2   |
| 燃气 | 603689 | 皖天然气 | 34.4  |  12.8  | 1.1  |   2.1   |   3.1   |
| 燃气 | 000407 | 胜利股份 | 33.3  |  27.0  | 0.5  |   2.4   |   2.2   |
| 燃气 | 603706 | 东方环宇 | 32.2  |  12.8  | 1.7  |   1.7   |   9.3   |
| 燃气 | 600333 | 长春燃气 | 30.7  | -65.7  | 0.2  |   1.2   |   2.0   |
| 燃气 | 603318 | 水发燃气 | 29.8  |  57.6  | 0.1  |   2.6   |   1.3   |
| 燃气 | 000421 | 南京公用 | 28.9  | -55.2  | 1.8  |   4.6   |   5.0   |
| 燃气 | 000593 | 德龙汇能 | 20.8  | 220.2  | -1.4 |  -0.7   |   1.9   |
| 燃气 | 002259 |  ST升达  | 20.7  | -138.4 | -2.1 |  -5.2   |  -2.1   |
| 燃气 | 603080 | 新疆火炬 | 19.6  |  13.6  | 4.5  |   5.4   |   5.2   |
| 燃气 | 002700 |  ST浩源  | 17.9  |  30.1  | -0.7 |   0.0   |   0.7   |
| 燃气 | 000669 |  ST金鸿  | 11.6  | -48.1  | 0.0  |   1.8   |   3.0   |
+------+--------+----------+-------+--------+------+---------+---------+
 




 [行业>单日涨幅]
+------+--------+----------+-------+--------+------+---------+---------+
| 行业 |  代码  |   名称   | 市值  |   pe   | 涨幅 | 3日涨幅 | 6日涨幅 |
+------+--------+----------+-------+--------+------+---------+---------+
| 燃气 | 600956 | 新天绿能 | 584.5 |  15.6  | 7.1  |   0.2   |  12.4   |
| 燃气 | 603080 | 新疆火炬 | 19.6  |  13.6  | 4.5  |   5.4   |   5.2   |
| 燃气 | 000421 | 南京公用 | 28.9  | -55.2  | 1.8  |   4.6   |   5.0   |
| 燃气 | 603706 | 东方环宇 | 32.2  |  12.8  | 1.7  |   1.7   |   9.3   |
| 燃气 | 605169 | 洪通燃气 | 34.6  |  16.2  | 1.6  |   1.6   |   8.2   |
| 燃气 | 603689 | 皖天然气 | 34.4  |  12.8  | 1.1  |   2.1   |   3.1   |
| 燃气 | 603053 | 成都燃气 | 83.7  |  10.6  | 1.1  |  -0.7   |   2.5   |
| 燃气 | 600917 | 重庆燃气 | 118.3 |  29.3  | 0.9  |   1.1   |   2.5   |
| 燃气 | 600617 | 国新能源 | 68.2  |  9.8   | 0.6  |   4.9   |   6.7   |
| 燃气 | 000407 | 胜利股份 | 33.3  |  27.0  | 0.5  |   2.4   |   2.2   |
| 燃气 | 600903 | 贵州燃气 | 88.9  | -35.9  | 0.5  |  -1.5   |  -0.6   |
| 燃气 | 605090 | 九丰能源 | 130.0 |  8.3   | 0.3  |   0.9   |   1.9   |
| 燃气 | 601139 | 深圳燃气 | 198.5 |  21.9  | 0.3  |   0.4   |  -0.3   |
| 燃气 | 002267 | 陕天然气 | 78.7  |  3.9   | 0.3  |   1.0   |   2.2   |
| 燃气 | 600333 | 长春燃气 | 30.7  | -65.7  | 0.2  |   1.2   |   2.0   |
| 燃气 | 603318 | 水发燃气 | 29.8  |  57.6  | 0.1  |   2.6   |   1.3   |
| 燃气 | 000669 |  ST金鸿  | 11.6  | -48.1  | 0.0  |   1.8   |   3.0   |
| 燃气 | 603393 | 新天然气 | 90.4  |  11.0  | -0.2 |  -0.2   |   0.4   |
| 燃气 | 002911 | 佛燃能源 | 86.0  |  28.7  | -0.4 |  -0.1   |  -0.6   |
| 燃气 | 002700 |  ST浩源  | 17.9  |  30.1  | -0.7 |   0.0   |   0.7   |
| 燃气 | 300483 | 首华燃气 | 37.3  |  21.9  | -0.7 |  -0.3   |  -0.7   |
| 燃气 | 600635 | 大众公用 | 94.5  |  -7.3  | -0.9 |   0.0   |  -2.4   |
| 燃气 | 600681 | 百川能源 | 60.8  |  10.4  | -1.1 |   0.5   |   0.5   |
| 燃气 | 000968 | 蓝焰控股 | 100.4 |  9.2   | -1.2 |  -2.0   |   0.4   |
| 燃气 | 000593 | 德龙汇能 | 20.8  | 220.2  | -1.4 |  -0.7   |   1.9   |
| 燃气 | 605368 | 蓝天燃气 | 62.6  |  8.2   | -1.4 |   1.2   |   0.2   |
| 燃气 | 002259 |  ST升达  | 20.7  | -138.4 | -2.1 |  -5.2   |  -2.1   |
| 燃气 | 600803 | 新奥股份 | 503.4 |  16.7  | -2.8 |  -4.1   |  -2.5   |
| 燃气 | 300332 | 天壕环境 | 108.3 |  20.4  | -3.6 |  -2.5   |   3.9   |
| 燃气 | 300435 | 中泰股份 | 56.4  |  22.6  | -3.8 |  -3.2   |  -4.6   |
+------+--------+----------+-------+--------+------+---------+---------+
