[行业>市值]
+------+--------+----------+-------+-------+------+---------+---------+
| 行业 |  代码  |   名称   | 市值  |  pe   | 涨幅 | 3日涨幅 | 6日涨幅 |
+------+--------+----------+-------+-------+------+---------+---------+
| 电机 | 002176 | 江特电机 | 472.7 | 17.8  | -4.9 |  -3.6   |   2.4   |
| 电机 | 603489 | 八方股份 | 224.0 | 31.2  | -1.5 |  -4.3   |  -3.8   |
| 电机 | 600580 | 卧龙电驱 | 185.1 | 23.4  | 0.1  |   0.2   |   0.6   |
| 电机 | 002249 | 大洋电机 | 144.3 | 24.6  | -2.2 |   0.7   |   0.3   |
| 电机 | 003021 | 兆威机电 | 87.5  | 96.4  | 1.2  |  14.7   |   7.5   |
| 电机 | 603728 | 鸣志电器 | 81.8  | 52.2  | -4.0 |  -6.7   |  -9.2   |
| 电机 | 300660 | 江苏雷利 | 81.2  | 29.3  | -5.8 |  -11.5  |  -18.4  |
| 电机 | 002801 | 微光股份 | 71.4  | 23.1  | 2.0  |  -0.0   |   2.3   |
| 电机 | 000922 | 佳电股份 | 54.7  | 18.1  | 1.2  |   5.7   |   7.5   |
| 电机 | 002196 | 方正电机 | 48.5  | 203.4 | -0.5 |  -1.5   |  -0.4   |
| 电机 | 002892 |  科力尔  | 47.4  | 74.4  | -5.2 |  -8.7   |  -4.2   |
| 电机 | 603819 | 神力股份 | 36.5  | 31.8  | -0.9 |  -3.7   |  -4.4   |
| 电机 | 002823 | 凯中精密 | 29.1  | 36.2  | -0.2 |   0.4   |  -0.1   |
| 电机 | 603988 | 中电电机 | 27.8  | 51.8  | -0.3 |   8.8   |   7.8   |
| 电机 | 002576 | 通达动力 | 24.3  | 60.1  | 10.0 |   9.8   |   9.6   |
| 电机 | 301226 | 祥明智能 | 23.9  | 39.7  | 1.3  |   0.9   |   3.3   |
| 电机 | 301023 | 江南奕帆 | 23.7  | 29.2  | -4.5 |  -0.7   |   0.6   |
| 电机 | 300907 | 康平科技 | 19.8  | 96.1  | -0.8 |   1.2   |  -0.3   |
| 电机 | 688395 | 正弦电气 | 17.1  | 29.9  | -0.6 |   0.5   |  -3.7   |
| 电机 | 300626 | 华瑞股份 | 16.0  | 62.2  | -2.0 |  -1.8   |  -0.6   |
| 电机 | 603320 | 迪贝电气 | 15.6  | 32.1  | 1.3  |   2.9   |   1.1   |
+------+--------+----------+-------+-------+------+---------+---------+
 




 [行业>单日涨幅]
+------+--------+----------+-------+-------+------+---------+---------+
| 行业 |  代码  |   名称   | 市值  |  pe   | 涨幅 | 3日涨幅 | 6日涨幅 |
+------+--------+----------+-------+-------+------+---------+---------+
| 电机 | 002576 | 通达动力 | 24.3  | 60.1  | 10.0 |   9.8   |   9.6   |
| 电机 | 002801 | 微光股份 | 71.4  | 23.1  | 2.0  |  -0.0   |   2.3   |
| 电机 | 301226 | 祥明智能 | 23.9  | 39.7  | 1.3  |   0.9   |   3.3   |
| 电机 | 603320 | 迪贝电气 | 15.6  | 32.1  | 1.3  |   2.9   |   1.1   |
| 电机 | 000922 | 佳电股份 | 54.7  | 18.1  | 1.2  |   5.7   |   7.5   |
| 电机 | 003021 | 兆威机电 | 87.5  | 96.4  | 1.2  |  14.7   |   7.5   |
| 电机 | 600580 | 卧龙电驱 | 185.1 | 23.4  | 0.1  |   0.2   |   0.6   |
| 电机 | 002823 | 凯中精密 | 29.1  | 36.2  | -0.2 |   0.4   |  -0.1   |
| 电机 | 603988 | 中电电机 | 27.8  | 51.8  | -0.3 |   8.8   |   7.8   |
| 电机 | 002196 | 方正电机 | 48.5  | 203.4 | -0.5 |  -1.5   |  -0.4   |
| 电机 | 688395 | 正弦电气 | 17.1  | 29.9  | -0.6 |   0.5   |  -3.7   |
| 电机 | 300907 | 康平科技 | 19.8  | 96.1  | -0.8 |   1.2   |  -0.3   |
| 电机 | 603819 | 神力股份 | 36.5  | 31.8  | -0.9 |  -3.7   |  -4.4   |
| 电机 | 603489 | 八方股份 | 224.0 | 31.2  | -1.5 |  -4.3   |  -3.8   |
| 电机 | 300626 | 华瑞股份 | 16.0  | 62.2  | -2.0 |  -1.8   |  -0.6   |
| 电机 | 002249 | 大洋电机 | 144.3 | 24.6  | -2.2 |   0.7   |   0.3   |
| 电机 | 603728 | 鸣志电器 | 81.8  | 52.2  | -4.0 |  -6.7   |  -9.2   |
| 电机 | 301023 | 江南奕帆 | 23.7  | 29.2  | -4.5 |  -0.7   |   0.6   |
| 电机 | 002176 | 江特电机 | 472.7 | 17.8  | -4.9 |  -3.6   |   2.4   |
| 电机 | 002892 |  科力尔  | 47.4  | 74.4  | -5.2 |  -8.7   |  -4.2   |
| 电机 | 300660 | 江苏雷利 | 81.2  | 29.3  | -5.8 |  -11.5  |  -18.4  |
+------+--------+----------+-------+-------+------+---------+---------+
