[行业>市值]
+----------+--------+----------+-------+--------+------+---------+---------+
|   行业   |  代码  |   名称   | 市值  |   pe   | 涨幅 | 3日涨幅 | 6日涨幅 |
+----------+--------+----------+-------+--------+------+---------+---------+
| 电源设备 | 601727 | 上海电气 | 702.6 | 1389.7 | 4.6  |   2.3   |  10.8   |
| 电源设备 | 600875 | 东方电气 | 500.9 |  13.5  | -3.0 |  -3.0   |  -0.8   |
| 电源设备 | 300376 |  易事特  | 195.1 |  49.4  | 3.7  |   9.6   |   6.2   |
| 电源设备 | 002518 |  科士达  | 179.8 |  82.8  | -1.6 |  -0.2   |   4.7   |
| 电源设备 | 002335 | 科华数据 | 162.1 |  41.3  | -1.3 |   5.2   |  15.2   |
| 电源设备 | 300593 |  新雷能  | 152.1 |  43.8  | 1.9  |  -1.4   |  -0.5   |
| 电源设备 | 002851 | 麦格米特 | 149.0 |  50.7  | -2.6 |   6.5   |  12.7   |
| 电源设备 | 002534 | 西子洁能 | 134.6 |  83.8  | 3.5  |   3.1   |  14.5   |
| 电源设备 | 300820 | 英杰电气 | 98.3  |  45.5  | -2.2 |   6.2   |   4.7   |
| 电源设备 | 600475 | 华光环能 | 78.9  |  9.5   | -0.1 |   0.7   |   3.6   |
| 电源设备 | 002665 | 首航高科 | 78.2  | -36.3  | -2.5 |   2.0   |  -0.3   |
| 电源设备 | 300693 | 盛弘股份 | 58.8  |  63.9  | -3.2 |   0.7   |   1.5   |
| 电源设备 | 002255 | 海陆重工 | 50.8  |  38.9  | 0.8  |   3.1   |   6.5   |
| 电源设备 | 300870 |  欧陆通  | 45.8  | -38.9  | 4.8  |   6.4   |   2.3   |
| 电源设备 | 002364 | 中恒电气 | 44.2  | 194.6  | -1.5 |   2.2   |   3.8   |
| 电源设备 | 002366 | *ST海核  | 40.0  | -32.4  | 5.0  |  13.8   |  21.6   |
| 电源设备 | 002630 | 华西能源 | 35.7  |  -5.8  | 1.0  |   1.3   |  -1.0   |
| 电源设备 | 002227 |  奥特迅  | 35.3  | -102.2 | -1.9 |  -0.3   |   0.4   |
| 电源设备 | 600405 |  动力源  | 32.6  | -42.5  | -3.0 |   3.2   |   0.3   |
| 电源设备 | 300105 | 龙源技术 | 31.7  | -108.3 | -1.9 |   1.0   |   5.0   |
| 电源设备 | 688551 |  科威尔  | 29.5  |  98.9  | -3.2 |  -0.2   |  -5.2   |
| 电源设备 | 300153 | 科泰电源 | 28.1  | 149.5  | 0.2  |   4.5   |   3.5   |
| 电源设备 | 300491 | 通合科技 | 25.6  | -77.6  | -1.2 |   1.1   |   1.0   |
| 电源设备 | 300713 |  英可瑞  | 23.3  | 349.8  | -1.2 |  -1.7   |  -0.7   |
| 电源设备 | 600202 |  哈空调  | 21.4  |  90.7  | 1.1  |   7.5   |   6.7   |
+----------+--------+----------+-------+--------+------+---------+---------+
 




 [行业>单日涨幅]
+----------+--------+----------+-------+--------+------+---------+---------+
|   行业   |  代码  |   名称   | 市值  |   pe   | 涨幅 | 3日涨幅 | 6日涨幅 |
+----------+--------+----------+-------+--------+------+---------+---------+
| 电源设备 | 002366 | *ST海核  | 40.0  | -32.4  | 5.0  |  13.8   |  21.6   |
| 电源设备 | 300870 |  欧陆通  | 45.8  | -38.9  | 4.8  |   6.4   |   2.3   |
| 电源设备 | 601727 | 上海电气 | 702.6 | 1389.7 | 4.6  |   2.3   |  10.8   |
| 电源设备 | 300376 |  易事特  | 195.1 |  49.4  | 3.7  |   9.6   |   6.2   |
| 电源设备 | 002534 | 西子洁能 | 134.6 |  83.8  | 3.5  |   3.1   |  14.5   |
| 电源设备 | 300593 |  新雷能  | 152.1 |  43.8  | 1.9  |  -1.4   |  -0.5   |
| 电源设备 | 600202 |  哈空调  | 21.4  |  90.7  | 1.1  |   7.5   |   6.7   |
| 电源设备 | 002630 | 华西能源 | 35.7  |  -5.8  | 1.0  |   1.3   |  -1.0   |
| 电源设备 | 002255 | 海陆重工 | 50.8  |  38.9  | 0.8  |   3.1   |   6.5   |
| 电源设备 | 300153 | 科泰电源 | 28.1  | 149.5  | 0.2  |   4.5   |   3.5   |
| 电源设备 | 600475 | 华光环能 | 78.9  |  9.5   | -0.1 |   0.7   |   3.6   |
| 电源设备 | 300491 | 通合科技 | 25.6  | -77.6  | -1.2 |   1.1   |   1.0   |
| 电源设备 | 300713 |  英可瑞  | 23.3  | 349.8  | -1.2 |  -1.7   |  -0.7   |
| 电源设备 | 002335 | 科华数据 | 162.1 |  41.3  | -1.3 |   5.2   |  15.2   |
| 电源设备 | 002364 | 中恒电气 | 44.2  | 194.6  | -1.5 |   2.2   |   3.8   |
| 电源设备 | 002518 |  科士达  | 179.8 |  82.8  | -1.6 |  -0.2   |   4.7   |
| 电源设备 | 002227 |  奥特迅  | 35.3  | -102.2 | -1.9 |  -0.3   |   0.4   |
| 电源设备 | 300105 | 龙源技术 | 31.7  | -108.3 | -1.9 |   1.0   |   5.0   |
| 电源设备 | 300820 | 英杰电气 | 98.3  |  45.5  | -2.2 |   6.2   |   4.7   |
| 电源设备 | 002665 | 首航高科 | 78.2  | -36.3  | -2.5 |   2.0   |  -0.3   |
| 电源设备 | 002851 | 麦格米特 | 149.0 |  50.7  | -2.6 |   6.5   |  12.7   |
| 电源设备 | 600875 | 东方电气 | 500.9 |  13.5  | -3.0 |  -3.0   |  -0.8   |
| 电源设备 | 600405 |  动力源  | 32.6  | -42.5  | -3.0 |   3.2   |   0.3   |
| 电源设备 | 688551 |  科威尔  | 29.5  |  98.9  | -3.2 |  -0.2   |  -5.2   |
| 电源设备 | 300693 | 盛弘股份 | 58.8  |  63.9  | -3.2 |   0.7   |   1.5   |
+----------+--------+----------+-------+--------+------+---------+---------+
