[行业>市值]
+----------+--------+----------+-------+--------+------+---------+---------+
|   行业   |  代码  |   名称   | 市值  |   pe   | 涨幅 | 3日涨幅 | 6日涨幅 |
+----------+--------+----------+-------+--------+------+---------+---------+
| 综合行业 | 000009 | 中国宝安 | 324.5 |  49.1  | -4.1 |  -5.8   |  -9.7   |
| 综合行业 | 600673 |  东阳光  | 282.1 |  24.5  | -1.5 |  -0.7   |   2.9   |
| 综合行业 | 000958 | 电投产融 | 261.6 |  21.5  | 0.6  |   6.1   |   7.8   |
| 综合行业 | 600770 | 综艺股份 | 109.3 | -18.6  | -1.6 |  -3.6   |  -4.4   |
| 综合行业 | 000158 | 常山北明 | 92.7  | -26.8  | -2.0 |  -1.9   |  -3.5   |
| 综合行业 | 000839 |  ST国安  | 81.9  | -14.0  | -0.5 |  -0.5   |  -0.5   |
| 综合行业 | 000861 | 海印股份 | 67.3  |  16.6  | -1.1 |   0.8   |  -2.2   |
| 综合行业 | 002758 | 浙农股份 | 64.0  |  11.4  | -0.7 |  -0.4   |  -3.4   |
| 综合行业 | 000833 | 粤桂股份 | 59.0  |  41.5  | -9.4 |  -9.8   |  -5.5   |
| 综合行业 | 000652 | 泰达股份 | 58.6  | 377.6  | -0.2 |   0.0   |  -1.2   |
| 综合行业 | 600784 | 鲁银投资 | 51.5  |  22.0  | -3.2 |   7.6   |   4.2   |
| 综合行业 | 000803 | 北清环能 | 50.3  |  31.1  | -5.0 |  -6.4   |  -11.5  |
| 综合行业 | 600624 | 复旦复华 | 49.2  | 213.7  | 9.9  |   7.2   |   9.1   |
| 综合行业 | 000576 | 甘化科工 | 46.8  |  46.4  | -1.8 |   6.0   |  -1.1   |
| 综合行业 | 600805 | 悦达投资 | 44.1  |  13.2  | 0.0  |   8.4   |   8.1   |
| 综合行业 | 000909 | 数源科技 | 40.6  | 208.2  | 0.8  |   0.6   |  -4.6   |
| 综合行业 | 000532 | 华金资本 | 39.4  |  70.3  | 0.9  |   1.4   |  -4.8   |
| 综合行业 | 600568 |  ST中珠  | 31.3  | -190.4 | -1.9 |   0.6   |  -3.1   |
| 综合行业 | 600113 | 浙江东日 | 28.4  |  15.5  | -1.4 |  -2.5   |  -7.3   |
| 综合行业 | 000409 | 云鼎科技 | 27.7  | 266.4  | 1.7  |   3.6   |   0.7   |
| 综合行业 | 000632 | 三木集团 | 22.9  |  90.7  | 0.0  |   4.9   |   0.6   |
| 综合行业 | 600051 | 宁波联合 | 20.7  | -93.1  | -0.1 |   0.9   |  -1.5   |
| 综合行业 | 002591 | 恒大高新 | 16.9  | -155.1 | 9.9  |  13.9   |  11.9   |
+----------+--------+----------+-------+--------+------+---------+---------+
 




 [行业>单日涨幅]
+----------+--------+----------+-------+--------+------+---------+---------+
|   行业   |  代码  |   名称   | 市值  |   pe   | 涨幅 | 3日涨幅 | 6日涨幅 |
+----------+--------+----------+-------+--------+------+---------+---------+
| 综合行业 | 600624 | 复旦复华 | 49.2  | 213.7  | 9.9  |   7.2   |   9.1   |
| 综合行业 | 002591 | 恒大高新 | 16.9  | -155.1 | 9.9  |  13.9   |  11.9   |
| 综合行业 | 000409 | 云鼎科技 | 27.7  | 266.4  | 1.7  |   3.6   |   0.7   |
| 综合行业 | 000532 | 华金资本 | 39.4  |  70.3  | 0.9  |   1.4   |  -4.8   |
| 综合行业 | 000909 | 数源科技 | 40.6  | 208.2  | 0.8  |   0.6   |  -4.6   |
| 综合行业 | 000958 | 电投产融 | 261.6 |  21.5  | 0.6  |   6.1   |   7.8   |
| 综合行业 | 600805 | 悦达投资 | 44.1  |  13.2  | 0.0  |   8.4   |   8.1   |
| 综合行业 | 000632 | 三木集团 | 22.9  |  90.7  | 0.0  |   4.9   |   0.6   |
| 综合行业 | 600051 | 宁波联合 | 20.7  | -93.1  | -0.1 |   0.9   |  -1.5   |
| 综合行业 | 000652 | 泰达股份 | 58.6  | 377.6  | -0.2 |   0.0   |  -1.2   |
| 综合行业 | 000839 |  ST国安  | 81.9  | -14.0  | -0.5 |  -0.5   |  -0.5   |
| 综合行业 | 002758 | 浙农股份 | 64.0  |  11.4  | -0.7 |  -0.4   |  -3.4   |
| 综合行业 | 000861 | 海印股份 | 67.3  |  16.6  | -1.1 |   0.8   |  -2.2   |
| 综合行业 | 600113 | 浙江东日 | 28.4  |  15.5  | -1.4 |  -2.5   |  -7.3   |
| 综合行业 | 600673 |  东阳光  | 282.1 |  24.5  | -1.5 |  -0.7   |   2.9   |
| 综合行业 | 600770 | 综艺股份 | 109.3 | -18.6  | -1.6 |  -3.6   |  -4.4   |
| 综合行业 | 000576 | 甘化科工 | 46.8  |  46.4  | -1.8 |   6.0   |  -1.1   |
| 综合行业 | 600568 |  ST中珠  | 31.3  | -190.4 | -1.9 |   0.6   |  -3.1   |
| 综合行业 | 000158 | 常山北明 | 92.7  | -26.8  | -2.0 |  -1.9   |  -3.5   |
| 综合行业 | 600784 | 鲁银投资 | 51.5  |  22.0  | -3.2 |   7.6   |   4.2   |
| 综合行业 | 000009 | 中国宝安 | 324.5 |  49.1  | -4.1 |  -5.8   |  -9.7   |
| 综合行业 | 000803 | 北清环能 | 50.3  |  31.1  | -5.0 |  -6.4   |  -11.5  |
| 综合行业 | 000833 | 粤桂股份 | 59.0  |  41.5  | -9.4 |  -9.8   |  -5.5   |
+----------+--------+----------+-------+--------+------+---------+---------+
