[行业>市值]
+----------+--------+----------+--------+----------+------+---------+---------+
|   行业   |  代码  |   名称   |  市值  |    pe    | 涨幅 | 3日涨幅 | 6日涨幅 |
+----------+--------+----------+--------+----------+------+---------+---------+
| 美容护理 | 300896 |  爱美客  | 1214.0 |  108.3   | -3.4 |  -2.6   |  -5.1   |
| 美容护理 | 300957 |  贝泰妮  | 855.7  |  146.5   | -1.6 |  -3.7   |  -3.8   |
| 美容护理 | 688363 | 华熙生物 | 629.6  |   78.8   | -3.5 |  -3.0   |  -6.1   |
| 美容护理 | 603605 |  珀莱雅  | 436.6  |   68.9   | -0.5 |  -2.9   |  -2.2   |
| 美容护理 | 300888 | 稳健医疗 | 312.2  |   21.9   | 1.5  |   1.5   |   8.4   |
| 美容护理 | 600315 | 上海家化 | 238.7  |   29.9   | -0.9 |  -3.6   |  -15.2  |
| 美容护理 | 002511 | 中顺洁柔 | 156.9  |   29.4   | -1.8 |  -2.5   |  -5.9   |
| 美容护理 | 002243 | 力合科创 | 110.4  |   79.3   | -2.6 |  -0.6   |  -3.8   |
| 美容护理 | 603983 | 丸美股份 |  99.8  |   38.1   | -0.5 |  -1.9   |  -5.2   |
| 美容护理 | 300856 | 科思股份 |  72.5  |   31.2   | 3.3  |   1.6   |   3.2   |
| 美容护理 | 000523 | 广州浪奇 |  59.0  |  -114.9  | -1.4 |  -1.1   |  -3.7   |
| 美容护理 | 605009 | 豪悦护理 |  57.9  |   26.4   | -1.6 |  -2.0   |  -3.6   |
| 美容护理 | 000615 | 奥园美谷 |  54.6  |  -35.2   | 0.3  |  -0.7   |  -4.4   |
| 美容护理 | 300740 | 水羊股份 |  52.3  |   31.4   | -1.8 |  -2.6   |  -5.6   |
| 美容护理 | 003006 | 百亚股份 |  48.8  |   22.0   | -1.0 |  -4.8   |  -6.3   |
| 美容护理 | 300132 | 青松股份 |  33.8  |  -13.8   | -1.9 |  -4.0   |  -6.4   |
| 美容护理 | 301009 | 可靠股份 |  32.1  |  409.7   | -1.0 |  -0.8   |  -4.3   |
| 美容护理 | 603630 | 拉芳家化 |  31.1  |  -304.6  | -0.9 |   0.2   |  -2.9   |
| 美容护理 | 002919 | 名臣健康 |  30.7  |  468.4   | -2.3 |  -0.8   |  -3.4   |
| 美容护理 | 001206 | 依依股份 |  30.1  |   41.1   | -0.5 |  -2.8   |  -3.0   |
| 美容护理 | 600249 |  两面针  |  27.8  |  -23.5   | -0.6 |  -0.2   |  -2.9   |
| 美容护理 | 002094 | 青岛金王 |  25.8  |   48.8   | 1.4  |   4.2   |   1.1   |
| 美容护理 | 300955 | 嘉亨家化 |  23.9  |   35.7   | -1.7 |  -3.1   |  -1.5   |
| 美容护理 | 300886 | 华业香料 |  23.1  |   83.2   | 0.0  |   0.0   |   0.0   |
| 美容护理 | 300658 | 延江股份 |  21.2  |   79.1   | -2.3 |  -1.4   |   0.5   |
| 美容护理 | 603238 | 诺邦股份 |  18.6  |   61.3   | -0.1 |  -0.8   |  -2.4   |
| 美容护理 | 300849 | 锦盛新材 |  18.3  |  205.8   | 0.0  |   0.5   |  -0.2   |
| 美容护理 | 603059 |  倍加洁  |  18.0  | -11947.4 | -1.6 |  -0.2   |  -3.1   |
+----------+--------+----------+--------+----------+------+---------+---------+
 




 [行业>单日涨幅]
+----------+--------+----------+--------+----------+------+---------+---------+
|   行业   |  代码  |   名称   |  市值  |    pe    | 涨幅 | 3日涨幅 | 6日涨幅 |
+----------+--------+----------+--------+----------+------+---------+---------+
| 美容护理 | 300856 | 科思股份 |  72.5  |   31.2   | 3.3  |   1.6   |   3.2   |
| 美容护理 | 300888 | 稳健医疗 | 312.2  |   21.9   | 1.5  |   1.5   |   8.4   |
| 美容护理 | 002094 | 青岛金王 |  25.8  |   48.8   | 1.4  |   4.2   |   1.1   |
| 美容护理 | 000615 | 奥园美谷 |  54.6  |  -35.2   | 0.3  |  -0.7   |  -4.4   |
| 美容护理 | 300886 | 华业香料 |  23.1  |   83.2   | 0.0  |   0.0   |   0.0   |
| 美容护理 | 300849 | 锦盛新材 |  18.3  |  205.8   | 0.0  |   0.5   |  -0.2   |
| 美容护理 | 603238 | 诺邦股份 |  18.6  |   61.3   | -0.1 |  -0.8   |  -2.4   |
| 美容护理 | 001206 | 依依股份 |  30.1  |   41.1   | -0.5 |  -2.8   |  -3.0   |
| 美容护理 | 603983 | 丸美股份 |  99.8  |   38.1   | -0.5 |  -1.9   |  -5.2   |
| 美容护理 | 603605 |  珀莱雅  | 436.6  |   68.9   | -0.5 |  -2.9   |  -2.2   |
| 美容护理 | 600249 |  两面针  |  27.8  |  -23.5   | -0.6 |  -0.2   |  -2.9   |
| 美容护理 | 600315 | 上海家化 | 238.7  |   29.9   | -0.9 |  -3.6   |  -15.2  |
| 美容护理 | 603630 | 拉芳家化 |  31.1  |  -304.6  | -0.9 |   0.2   |  -2.9   |
| 美容护理 | 003006 | 百亚股份 |  48.8  |   22.0   | -1.0 |  -4.8   |  -6.3   |
| 美容护理 | 301009 | 可靠股份 |  32.1  |  409.7   | -1.0 |  -0.8   |  -4.3   |
| 美容护理 | 000523 | 广州浪奇 |  59.0  |  -114.9  | -1.4 |  -1.1   |  -3.7   |
| 美容护理 | 605009 | 豪悦护理 |  57.9  |   26.4   | -1.6 |  -2.0   |  -3.6   |
| 美容护理 | 603059 |  倍加洁  |  18.0  | -11947.4 | -1.6 |  -0.2   |  -3.1   |
| 美容护理 | 300957 |  贝泰妮  | 855.7  |  146.5   | -1.6 |  -3.7   |  -3.8   |
| 美容护理 | 300955 | 嘉亨家化 |  23.9  |   35.7   | -1.7 |  -3.1   |  -1.5   |
| 美容护理 | 300740 | 水羊股份 |  52.3  |   31.4   | -1.8 |  -2.6   |  -5.6   |
| 美容护理 | 002511 | 中顺洁柔 | 156.9  |   29.4   | -1.8 |  -2.5   |  -5.9   |
| 美容护理 | 300132 | 青松股份 |  33.8  |  -13.8   | -1.9 |  -4.0   |  -6.4   |
| 美容护理 | 002919 | 名臣健康 |  30.7  |  468.4   | -2.3 |  -0.8   |  -3.4   |
| 美容护理 | 300658 | 延江股份 |  21.2  |   79.1   | -2.3 |  -1.4   |   0.5   |
| 美容护理 | 002243 | 力合科创 | 110.4  |   79.3   | -2.6 |  -0.6   |  -3.8   |
| 美容护理 | 300896 |  爱美客  | 1214.0 |  108.3   | -3.4 |  -2.6   |  -5.1   |
| 美容护理 | 688363 | 华熙生物 | 629.6  |   78.8   | -3.5 |  -3.0   |  -6.1   |
+----------+--------+----------+--------+----------+------+---------+---------+
