[行业>市值]
+----------+--------+----------+-------+--------+------+---------+---------+
|   行业   |  代码  |   名称   | 市值  |   pe   | 涨幅 | 3日涨幅 | 6日涨幅 |
+----------+--------+----------+-------+--------+------+---------+---------+
| 铁路公路 | 001965 | 招商公路 | 464.6 |  10.6  | 1.9  |   0.7   |   0.9   |
| 铁路公路 | 600377 | 宁沪高速 | 414.6 |  13.0  | -0.4 |  -1.3   |  -3.2   |
| 铁路公路 | 600350 | 山东高速 | 250.7 |  8.7   | 0.0  |  -0.6   |  -0.8   |
| 铁路公路 | 600548 |  深高速  | 206.3 |  12.5  | -0.2 |   0.6   |  -0.2   |
| 铁路公路 | 000429 | 粤高速Ａ  | 154.3 |  8.9   | -0.4 |  -4.3   |  -3.9   |
| 铁路公路 | 600662 | 外服控股 | 143.4 |  20.7  | -1.9 |  -1.7   |  -5.0   |
| 铁路公路 | 600012 | 皖通高速 | 122.2 |  7.5   | 0.1  |   0.7   |  -1.9   |
| 铁路公路 | 603032 | 德新交运 | 122.2 |  58.9  | -5.8 |  -5.7   |  -9.7   |
| 铁路公路 | 601107 | 四川成渝 | 120.5 |  12.0  | 0.2  |   0.2   |  -0.5   |
| 铁路公路 | 000828 | 东莞控股 | 104.3 |  15.3  | 0.3  |   0.9   |  -1.5   |
| 铁路公路 | 603069 | 海汽集团 | 91.5  | -140.4 | -6.1 |  -9.8   |  -26.3  |
| 铁路公路 | 000755 | 山西路桥 | 87.5  |  22.7  | 10.0 |  33.0   |  45.7   |
| 铁路公路 | 600269 | 赣粤高速 | 81.5  |  6.1   | 0.3  |   0.9   |   0.6   |
| 铁路公路 | 600033 | 福建高速 | 75.5  |  8.4   | 0.7  |   1.1   |  -0.7   |
| 铁路公路 | 600611 | 大众交通 | 74.7  |  -7.2  | -0.6 |   0.3   |  -2.2   |
| 铁路公路 | 600620 | 天宸股份 | 73.0  | -75.3  | 0.8  |   3.2   |  -7.7   |
| 铁路公路 | 600020 | 中原高速 | 69.2  |  12.2  | -0.3 |   0.7   |  -0.7   |
| 铁路公路 | 600650 | 锦江在线 | 65.3  |  2.9   | -0.2 |  -0.5   |  -5.5   |
| 铁路公路 | 000900 | 现代投资 | 62.5  |  9.7   | 1.5  |   2.2   |   0.2   |
| 铁路公路 | 000885 | 城发环境 | 59.4  |  6.6   | 1.2  |   1.2   |  -1.0   |
| 铁路公路 | 600106 | 重庆路桥 | 58.5  |  96.8  | 3.0  |   5.0   |   4.5   |
| 铁路公路 | 600035 | 楚天高速 | 51.9  |  5.2   | 0.9  |   0.9   |  -1.2   |
| 铁路公路 | 600834 | 申通地铁 | 45.2  |  62.1  | 0.4  |  -3.1   |  -4.0   |
| 铁路公路 | 600368 | 五洲交通 | 42.3  |  5.9   | 0.5  |   0.5   |  -1.8   |
| 铁路公路 | 601188 | 龙江交通 | 41.7  |  17.7  | 0.6  |   1.6   |  -1.6   |
| 铁路公路 | 002627 | 三峡旅游 | 40.3  |  70.8  | -1.4 |  -0.6   |  -6.2   |
| 铁路公路 | 601518 | 吉林高速 | 35.5  |  10.5  | 1.1  |   1.9   |  -0.8   |
| 铁路公路 | 000548 | 湖南投资 | 23.0  |  70.0  | 2.7  |   5.7   |   1.3   |
| 铁路公路 | 002357 | 富临运业 | 17.7  |  9.6   | -0.9 |   2.2   |  -1.6   |
| 铁路公路 | 600561 | 江西长运 | 15.0  | -23.4  | -1.3 |   1.7   |  -2.0   |
+----------+--------+----------+-------+--------+------+---------+---------+
 




 [行业>单日涨幅]
+----------+--------+----------+-------+--------+------+---------+---------+
|   行业   |  代码  |   名称   | 市值  |   pe   | 涨幅 | 3日涨幅 | 6日涨幅 |
+----------+--------+----------+-------+--------+------+---------+---------+
| 铁路公路 | 000755 | 山西路桥 | 87.5  |  22.7  | 10.0 |  33.0   |  45.7   |
| 铁路公路 | 600106 | 重庆路桥 | 58.5  |  96.8  | 3.0  |   5.0   |   4.5   |
| 铁路公路 | 000548 | 湖南投资 | 23.0  |  70.0  | 2.7  |   5.7   |   1.3   |
| 铁路公路 | 001965 | 招商公路 | 464.6 |  10.6  | 1.9  |   0.7   |   0.9   |
| 铁路公路 | 000900 | 现代投资 | 62.5  |  9.7   | 1.5  |   2.2   |   0.2   |
| 铁路公路 | 000885 | 城发环境 | 59.4  |  6.6   | 1.2  |   1.2   |  -1.0   |
| 铁路公路 | 601518 | 吉林高速 | 35.5  |  10.5  | 1.1  |   1.9   |  -0.8   |
| 铁路公路 | 600035 | 楚天高速 | 51.9  |  5.2   | 0.9  |   0.9   |  -1.2   |
| 铁路公路 | 600620 | 天宸股份 | 73.0  | -75.3  | 0.8  |   3.2   |  -7.7   |
| 铁路公路 | 600033 | 福建高速 | 75.5  |  8.4   | 0.7  |   1.1   |  -0.7   |
| 铁路公路 | 601188 | 龙江交通 | 41.7  |  17.7  | 0.6  |   1.6   |  -1.6   |
| 铁路公路 | 600368 | 五洲交通 | 42.3  |  5.9   | 0.5  |   0.5   |  -1.8   |
| 铁路公路 | 600834 | 申通地铁 | 45.2  |  62.1  | 0.4  |  -3.1   |  -4.0   |
| 铁路公路 | 000828 | 东莞控股 | 104.3 |  15.3  | 0.3  |   0.9   |  -1.5   |
| 铁路公路 | 600269 | 赣粤高速 | 81.5  |  6.1   | 0.3  |   0.9   |   0.6   |
| 铁路公路 | 601107 | 四川成渝 | 120.5 |  12.0  | 0.2  |   0.2   |  -0.5   |
| 铁路公路 | 600012 | 皖通高速 | 122.2 |  7.5   | 0.1  |   0.7   |  -1.9   |
| 铁路公路 | 600350 | 山东高速 | 250.7 |  8.7   | 0.0  |  -0.6   |  -0.8   |
| 铁路公路 | 600548 |  深高速  | 206.3 |  12.5  | -0.2 |   0.6   |  -0.2   |
| 铁路公路 | 600650 | 锦江在线 | 65.3  |  2.9   | -0.2 |  -0.5   |  -5.5   |
| 铁路公路 | 600020 | 中原高速 | 69.2  |  12.2  | -0.3 |   0.7   |  -0.7   |
| 铁路公路 | 600377 | 宁沪高速 | 414.6 |  13.0  | -0.4 |  -1.3   |  -3.2   |
| 铁路公路 | 000429 | 粤高速Ａ  | 154.3 |  8.9   | -0.4 |  -4.3   |  -3.9   |
| 铁路公路 | 600611 | 大众交通 | 74.7  |  -7.2  | -0.6 |   0.3   |  -2.2   |
| 铁路公路 | 002357 | 富临运业 | 17.7  |  9.6   | -0.9 |   2.2   |  -1.6   |
| 铁路公路 | 600561 | 江西长运 | 15.0  | -23.4  | -1.3 |   1.7   |  -2.0   |
| 铁路公路 | 002627 | 三峡旅游 | 40.3  |  70.8  | -1.4 |  -0.6   |  -6.2   |
| 铁路公路 | 600662 | 外服控股 | 143.4 |  20.7  | -1.9 |  -1.7   |  -5.0   |
| 铁路公路 | 603032 | 德新交运 | 122.2 |  58.9  | -5.8 |  -5.7   |  -9.7   |
| 铁路公路 | 603069 | 海汽集团 | 91.5  | -140.4 | -6.1 |  -9.8   |  -26.3  |
+----------+--------+----------+-------+--------+------+---------+---------+
