[行业>市值]
+------------+--------+----------+--------+-------+------+---------+---------+
|    行业    |  代码  |   名称   |  市值  |  pe   | 涨幅 | 3日涨幅 | 6日涨幅 |
+------------+--------+----------+--------+-------+------+---------+---------+
| 非金属材料 | 603260 | 合盛硅业 | 1118.0 | 13.6  | -9.4 |  -9.6   |  -14.7  |
| 非金属材料 | 603688 | 石英股份 | 529.9  | 151.6 | 2.3  |  -1.0   |   4.0   |
| 非金属材料 | 300861 | 美畅股份 | 368.8  | 32.4  | -2.5 |  -3.8   |   1.9   |
| 非金属材料 | 688281 | 华秦科技 | 290.3  | 122.4 | 1.6  |   1.6   |  14.1   |
| 非金属材料 | 600516 | 方大炭素 | 279.7  | 207.4 | -2.9 |  -2.0   |  -2.3   |
| 非金属材料 | 603826 | 坤彩科技 | 272.0  | 254.8 | 0.9  |  -1.1   |   0.1   |
| 非金属材料 | 300395 |  菲利华  | 248.3  | 68.7  | -0.1 |   1.9   |   6.7   |
| 非金属材料 | 603612 | 索通发展 | 200.7  | 31.7  | 10.0 |  17.9   |  12.6   |
| 非金属材料 | 301071 | 力量钻石 | 196.2  | 48.5  | -1.2 |   1.2   |  -1.7   |
| 非金属材料 | 300035 | 中科电气 | 188.3  | 36.5  | -4.2 |   0.5   |  -4.7   |
| 非金属材料 | 688733 |  壹石通  | 149.6  | 85.8  | -3.9 |  -1.3   |   2.2   |
| 非金属材料 | 300409 | 道氏技术 | 139.0  | 20.3  | -2.8 |  -6.0   |  -7.4   |
| 非金属材料 | 600330 | 天通股份 | 120.9  | 27.6  | -2.5 |  -6.7   |   4.0   |
| 非金属材料 | 600172 | 黄河旋风 | 120.0  | 104.5 | -3.1 |  -5.5   |  -10.6  |
| 非金属材料 | 600783 | 鲁信创投 |  98.3  | 50.0  | 0.6  |   1.5   |  -0.4   |
| 非金属材料 | 688119 | 中钢洛耐 |  91.3  | 58.7  | 1.0  |  -1.2   |  -5.6   |
| 非金属材料 | 002130 | 沃尔核材 |  79.1  | 18.5  | 0.8  |  -3.1   |   2.6   |
| 非金属材料 | 688357 | 建龙微纳 |  59.5  | 33.9  | -2.8 |  -3.4   |  -9.4   |
| 非金属材料 | 688300 | 联瑞新材 |  58.3  | 34.1  | -3.5 |  -5.3   |  -9.6   |
| 非金属材料 | 001296 | 长江材料 |  24.6  | 42.9  | -1.6 |  -3.4   |  -6.6   |
| 非金属材料 | 300743 | 天地数码 |  16.1  | 54.4  | 0.1  |   3.2   |  -0.3   |
+------------+--------+----------+--------+-------+------+---------+---------+
 




 [行业>单日涨幅]
+------------+--------+----------+--------+-------+------+---------+---------+
|    行业    |  代码  |   名称   |  市值  |  pe   | 涨幅 | 3日涨幅 | 6日涨幅 |
+------------+--------+----------+--------+-------+------+---------+---------+
| 非金属材料 | 603612 | 索通发展 | 200.7  | 31.7  | 10.0 |  17.9   |  12.6   |
| 非金属材料 | 603688 | 石英股份 | 529.9  | 151.6 | 2.3  |  -1.0   |   4.0   |
| 非金属材料 | 688281 | 华秦科技 | 290.3  | 122.4 | 1.6  |   1.6   |  14.1   |
| 非金属材料 | 688119 | 中钢洛耐 |  91.3  | 58.7  | 1.0  |  -1.2   |  -5.6   |
| 非金属材料 | 603826 | 坤彩科技 | 272.0  | 254.8 | 0.9  |  -1.1   |   0.1   |
| 非金属材料 | 002130 | 沃尔核材 |  79.1  | 18.5  | 0.8  |  -3.1   |   2.6   |
| 非金属材料 | 600783 | 鲁信创投 |  98.3  | 50.0  | 0.6  |   1.5   |  -0.4   |
| 非金属材料 | 300743 | 天地数码 |  16.1  | 54.4  | 0.1  |   3.2   |  -0.3   |
| 非金属材料 | 300395 |  菲利华  | 248.3  | 68.7  | -0.1 |   1.9   |   6.7   |
| 非金属材料 | 301071 | 力量钻石 | 196.2  | 48.5  | -1.2 |   1.2   |  -1.7   |
| 非金属材料 | 001296 | 长江材料 |  24.6  | 42.9  | -1.6 |  -3.4   |  -6.6   |
| 非金属材料 | 600330 | 天通股份 | 120.9  | 27.6  | -2.5 |  -6.7   |   4.0   |
| 非金属材料 | 300861 | 美畅股份 | 368.8  | 32.4  | -2.5 |  -3.8   |   1.9   |
| 非金属材料 | 300409 | 道氏技术 | 139.0  | 20.3  | -2.8 |  -6.0   |  -7.4   |
| 非金属材料 | 688357 | 建龙微纳 |  59.5  | 33.9  | -2.8 |  -3.4   |  -9.4   |
| 非金属材料 | 600516 | 方大炭素 | 279.7  | 207.4 | -2.9 |  -2.0   |  -2.3   |
| 非金属材料 | 600172 | 黄河旋风 | 120.0  | 104.5 | -3.1 |  -5.5   |  -10.6  |
| 非金属材料 | 688300 | 联瑞新材 |  58.3  | 34.1  | -3.5 |  -5.3   |  -9.6   |
| 非金属材料 | 688733 |  壹石通  | 149.6  | 85.8  | -3.9 |  -1.3   |   2.2   |
| 非金属材料 | 300035 | 中科电气 | 188.3  | 36.5  | -4.2 |   0.5   |  -4.7   |
| 非金属材料 | 603260 | 合盛硅业 | 1118.0 | 13.6  | -9.4 |  -9.6   |  -14.7  |
+------------+--------+----------+--------+-------+------+---------+---------+
