[行业>市值]
+----------+--------+----------+-------+--------+------+---------+---------+
|   行业   |  代码  |   名称   | 市值  |   pe   | 涨幅 | 3日涨幅 | 6日涨幅 |
+----------+--------+----------+-------+--------+------+---------+---------+
| 包装材料 | 002191 | 劲嘉股份 | 143.7 |  11.8  | 2.5  |   6.2   |   1.1   |
| 包装材料 | 002701 |  奥瑞金  | 129.9 |  15.8  | 1.8  |   1.3   |   1.1   |
| 包装材料 | 600210 | 紫江企业 | 92.4  |  19.0  | 1.8  |   1.0   |  -3.8   |
| 包装材料 | 601968 | 宝钢包装 | 88.4  |  34.4  | -1.6 |  -1.0   |  -2.9   |
| 包装材料 | 601515 | 东风股份 | 82.8  |  17.1  | 0.0  |  -0.7   |  -2.6   |
| 包装材料 | 002735 | 王子新材 | 56.8  |  34.9  | -0.0 |   2.6   |   4.5   |
| 包装材料 | 002303 |  美盈森  | 50.2  |  30.5  | -0.6 |  -0.9   |  -0.9   |
| 包装材料 | 301062 | 上海艾录 | 48.8  |  38.4  | 1.3  |  -2.2   |  -2.2   |
| 包装材料 | 002565 | 顺灏股份 | 48.5  | -419.9 | -1.1 |  -3.0   |  -1.7   |
| 包装材料 | 002752 | 昇兴股份 | 48.1  |  25.6  | 0.4  |   3.1   |   3.6   |
| 包装材料 | 600836 | 上海易连 | 44.9  | 515.3  | 0.1  |  -4.2   |  -4.3   |
| 包装材料 | 000659 | 珠海中富 | 44.5  | -57.1  | -0.9 |  -2.0   |   1.2   |
| 包装材料 | 000812 | 陕西金叶 | 43.5  | 167.3  | -1.7 |   2.7   |   0.7   |
| 包装材料 | 002228 | 合兴包装 | 42.9  |  20.5  | -0.3 |   0.0   |   0.9   |
| 包装材料 | 603687 |  大胜达  | 42.8  |  43.8  | 2.0  |   1.9   |   0.5   |
| 包装材料 | 002014 | 永新股份 | 40.5  |  15.6  | 0.1  |   0.1   |  -0.6   |
| 包装材料 | 002969 | 嘉美包装 | 37.9  | 161.6  | -1.8 |  -1.8   |  -2.2   |
| 包装材料 | 002951 | 金时科技 | 36.5  | 951.4  | -3.1 |  -2.4   |   2.2   |
| 包装材料 | 300501 | 海顺新材 | 28.3  |  27.8  | -0.4 |  -4.8   |   0.1   |
| 包装材料 | 002799 | 环球印务 | 27.3  |  24.9  | 1.3  |   0.4   |  -3.5   |
| 包装材料 | 002599 | 盛通股份 | 25.9  | -26.1  | -1.0 |   0.2   |  -0.2   |
| 包装材料 | 002846 | 英联股份 | 20.9  | -98.4  | 1.6  |   3.0   |   3.0   |
| 包装材料 | 002787 | 华源控股 | 18.6  | 144.7  | -0.7 |  -0.5   |   1.9   |
| 包装材料 | 603022 |  新通联  | 18.1  |  56.6  | -0.7 |   0.0   |   1.7   |
| 包装材料 | 003003 | 天元股份 | 15.8  | 1356.2 | -0.8 |   0.6   |   0.2   |
+----------+--------+----------+-------+--------+------+---------+---------+
 




 [行业>单日涨幅]
+----------+--------+----------+-------+--------+------+---------+---------+
|   行业   |  代码  |   名称   | 市值  |   pe   | 涨幅 | 3日涨幅 | 6日涨幅 |
+----------+--------+----------+-------+--------+------+---------+---------+
| 包装材料 | 002191 | 劲嘉股份 | 143.7 |  11.8  | 2.5  |   6.2   |   1.1   |
| 包装材料 | 603687 |  大胜达  | 42.8  |  43.8  | 2.0  |   1.9   |   0.5   |
| 包装材料 | 600210 | 紫江企业 | 92.4  |  19.0  | 1.8  |   1.0   |  -3.8   |
| 包装材料 | 002701 |  奥瑞金  | 129.9 |  15.8  | 1.8  |   1.3   |   1.1   |
| 包装材料 | 002846 | 英联股份 | 20.9  | -98.4  | 1.6  |   3.0   |   3.0   |
| 包装材料 | 301062 | 上海艾录 | 48.8  |  38.4  | 1.3  |  -2.2   |  -2.2   |
| 包装材料 | 002799 | 环球印务 | 27.3  |  24.9  | 1.3  |   0.4   |  -3.5   |
| 包装材料 | 002752 | 昇兴股份 | 48.1  |  25.6  | 0.4  |   3.1   |   3.6   |
| 包装材料 | 600836 | 上海易连 | 44.9  | 515.3  | 0.1  |  -4.2   |  -4.3   |
| 包装材料 | 002014 | 永新股份 | 40.5  |  15.6  | 0.1  |   0.1   |  -0.6   |
| 包装材料 | 601515 | 东风股份 | 82.8  |  17.1  | 0.0  |  -0.7   |  -2.6   |
| 包装材料 | 002735 | 王子新材 | 56.8  |  34.9  | -0.0 |   2.6   |   4.5   |
| 包装材料 | 002228 | 合兴包装 | 42.9  |  20.5  | -0.3 |   0.0   |   0.9   |
| 包装材料 | 300501 | 海顺新材 | 28.3  |  27.8  | -0.4 |  -4.8   |   0.1   |
| 包装材料 | 002303 |  美盈森  | 50.2  |  30.5  | -0.6 |  -0.9   |  -0.9   |
| 包装材料 | 603022 |  新通联  | 18.1  |  56.6  | -0.7 |   0.0   |   1.7   |
| 包装材料 | 002787 | 华源控股 | 18.6  | 144.7  | -0.7 |  -0.5   |   1.9   |
| 包装材料 | 003003 | 天元股份 | 15.8  | 1356.2 | -0.8 |   0.6   |   0.2   |
| 包装材料 | 000659 | 珠海中富 | 44.5  | -57.1  | -0.9 |  -2.0   |   1.2   |
| 包装材料 | 002599 | 盛通股份 | 25.9  | -26.1  | -1.0 |   0.2   |  -0.2   |
| 包装材料 | 002565 | 顺灏股份 | 48.5  | -419.9 | -1.1 |  -3.0   |  -1.7   |
| 包装材料 | 601968 | 宝钢包装 | 88.4  |  34.4  | -1.6 |  -1.0   |  -2.9   |
| 包装材料 | 000812 | 陕西金叶 | 43.5  | 167.3  | -1.7 |   2.7   |   0.7   |
| 包装材料 | 002969 | 嘉美包装 | 37.9  | 161.6  | -1.8 |  -1.8   |  -2.2   |
| 包装材料 | 002951 | 金时科技 | 36.5  | 951.4  | -3.1 |  -2.4   |   2.2   |
+----------+--------+----------+-------+--------+------+---------+---------+
