[行业>市值]
+----------+--------+----------+--------+-------+------+---------+---------+
|   行业   |  代码  |   名称   |  市值  |  pe   | 涨幅 | 3日涨幅 | 6日涨幅 |
+----------+--------+----------+--------+-------+------+---------+---------+
| 化纤行业 | 002493 | 荣盛石化 | 1547.0 | 12.4  | 1.0  |   0.7   |   3.1   |
| 化纤行业 | 600346 | 恒力石化 | 1477.0 |  8.7  | -0.7 |  -2.8   |  -3.4   |
| 化纤行业 | 000301 | 东方盛虹 | 1061.0 | 38.5  | 6.1  |   6.5   |   6.8   |
| 化纤行业 | 002064 | 华峰化学 | 379.1  |  7.0  | -0.4 |  -4.0   |  -8.7   |
| 化纤行业 | 601233 | 桐昆股份 | 355.6  |  5.9  | -0.5 |  -2.0   |  -4.2   |
| 化纤行业 | 000703 | 恒逸石化 | 354.2  | 12.1  | -0.8 |  -2.5   |  -1.9   |
| 化纤行业 | 688295 | 中复神鹰 | 349.6  | 74.2  | 4.4  |   3.0   |  -0.7   |
| 化纤行业 | 300777 | 中简科技 | 218.0  | 60.1  | 1.1  |  -0.9   |  -2.6   |
| 化纤行业 | 603225 |  新凤鸣  | 160.7  | 14.1  | 0.0  |  -3.0   |  -6.5   |
| 化纤行业 | 600063 | 皖维高新 | 142.3  |  8.6  | -1.2 |  -3.0   |  -3.9   |
| 化纤行业 | 002254 | 泰和新材 | 109.1  | 18.7  | 2.1  |   0.5   |  -3.6   |
| 化纤行业 | 000420 | 吉林化纤 | 108.8  | -55.5 | 2.7  |   3.7   |   1.4   |
| 化纤行业 | 600810 | 神马股份 |  89.3  |  6.1  | -0.5 |  -1.6   |  -5.1   |
| 化纤行业 | 002206 |  海利得  |  74.4  | 15.2  | 3.4  |   2.4   |   0.8   |
| 化纤行业 | 000949 | 新乡化纤 |  49.7  | 30.4  | -5.0 |  -5.3   |  -6.9   |
| 化纤行业 | 601113 | 华鼎股份 |  46.7  | -15.3 | -1.0 |  -2.4   |  -2.9   |
| 化纤行业 | 000936 | 华西股份 |  45.5  | 58.8  | -0.8 |  -1.2   |  -2.8   |
| 化纤行业 | 002427 | *ST尤夫  |  42.3  | -6.0  | 0.3  |  -1.4   |   6.2   |
| 化纤行业 | 603332 | 苏州龙杰 |  40.1  | -74.7 | 0.4  |   1.4   |   3.4   |
| 化纤行业 | 600527 | 江南高纤 |  39.3  | 61.5  | 0.0  |  -1.3   |  -1.7   |
| 化纤行业 | 688722 |  同益中  |  37.1  | 30.4  | 3.9  |   0.8   |  -4.3   |
| 化纤行业 | 000677 | 恒天海龙 |  26.4  | 42.6  | -1.3 |  -1.0   |   0.0   |
| 化纤行业 | 301057 | 汇隆新材 |  25.8  | 51.9  | -3.8 |  -5.3   |  -11.5  |
| 化纤行业 | 000782 | 美达股份 |  24.8  | 31.1  | -0.4 |  -1.3   |   0.4   |
| 化纤行业 | 300876 | 蒙泰高新 |  23.2  | 38.1  | 4.3  |   8.2   |  11.0   |
| 化纤行业 | 002998 | 优彩资源 |  22.9  | 19.1  | 2.5  |   2.3   |   1.7   |
| 化纤行业 | 600889 | 南京化纤 |  17.7  | -14.0 | -1.2 |  -1.6   |  -1.4   |
+----------+--------+----------+--------+-------+------+---------+---------+
 




 [行业>单日涨幅]
+----------+--------+----------+--------+-------+------+---------+---------+
|   行业   |  代码  |   名称   |  市值  |  pe   | 涨幅 | 3日涨幅 | 6日涨幅 |
+----------+--------+----------+--------+-------+------+---------+---------+
| 化纤行业 | 000301 | 东方盛虹 | 1061.0 | 38.5  | 6.1  |   6.5   |   6.8   |
| 化纤行业 | 688295 | 中复神鹰 | 349.6  | 74.2  | 4.4  |   3.0   |  -0.7   |
| 化纤行业 | 300876 | 蒙泰高新 |  23.2  | 38.1  | 4.3  |   8.2   |  11.0   |
| 化纤行业 | 688722 |  同益中  |  37.1  | 30.4  | 3.9  |   0.8   |  -4.3   |
| 化纤行业 | 002206 |  海利得  |  74.4  | 15.2  | 3.4  |   2.4   |   0.8   |
| 化纤行业 | 000420 | 吉林化纤 | 108.8  | -55.5 | 2.7  |   3.7   |   1.4   |
| 化纤行业 | 002998 | 优彩资源 |  22.9  | 19.1  | 2.5  |   2.3   |   1.7   |
| 化纤行业 | 002254 | 泰和新材 | 109.1  | 18.7  | 2.1  |   0.5   |  -3.6   |
| 化纤行业 | 300777 | 中简科技 | 218.0  | 60.1  | 1.1  |  -0.9   |  -2.6   |
| 化纤行业 | 002493 | 荣盛石化 | 1547.0 | 12.4  | 1.0  |   0.7   |   3.1   |
| 化纤行业 | 603332 | 苏州龙杰 |  40.1  | -74.7 | 0.4  |   1.4   |   3.4   |
| 化纤行业 | 002427 | *ST尤夫  |  42.3  | -6.0  | 0.3  |  -1.4   |   6.2   |
| 化纤行业 | 603225 |  新凤鸣  | 160.7  | 14.1  | 0.0  |  -3.0   |  -6.5   |
| 化纤行业 | 600527 | 江南高纤 |  39.3  | 61.5  | 0.0  |  -1.3   |  -1.7   |
| 化纤行业 | 002064 | 华峰化学 | 379.1  |  7.0  | -0.4 |  -4.0   |  -8.7   |
| 化纤行业 | 000782 | 美达股份 |  24.8  | 31.1  | -0.4 |  -1.3   |   0.4   |
| 化纤行业 | 601233 | 桐昆股份 | 355.6  |  5.9  | -0.5 |  -2.0   |  -4.2   |
| 化纤行业 | 600810 | 神马股份 |  89.3  |  6.1  | -0.5 |  -1.6   |  -5.1   |
| 化纤行业 | 600346 | 恒力石化 | 1477.0 |  8.7  | -0.7 |  -2.8   |  -3.4   |
| 化纤行业 | 000936 | 华西股份 |  45.5  | 58.8  | -0.8 |  -1.2   |  -2.8   |
| 化纤行业 | 000703 | 恒逸石化 | 354.2  | 12.1  | -0.8 |  -2.5   |  -1.9   |
| 化纤行业 | 601113 | 华鼎股份 |  46.7  | -15.3 | -1.0 |  -2.4   |  -2.9   |
| 化纤行业 | 600063 | 皖维高新 | 142.3  |  8.6  | -1.2 |  -3.0   |  -3.9   |
| 化纤行业 | 600889 | 南京化纤 |  17.7  | -14.0 | -1.2 |  -1.6   |  -1.4   |
| 化纤行业 | 000677 | 恒天海龙 |  26.4  | 42.6  | -1.3 |  -1.0   |   0.0   |
| 化纤行业 | 301057 | 汇隆新材 |  25.8  | 51.9  | -3.8 |  -5.3   |  -11.5  |
| 化纤行业 | 000949 | 新乡化纤 |  49.7  | 30.4  | -5.0 |  -5.3   |  -6.9   |
+----------+--------+----------+--------+-------+------+---------+---------+
