[行业>市值]
+----------+--------+----------+--------+-------+------+---------+---------+
|   行业   |  代码  |   名称   |  市值  |  pe   | 涨幅 | 3日涨幅 | 6日涨幅 |
+----------+--------+----------+--------+-------+------+---------+---------+
| 化肥行业 | 000792 | 盐湖股份 | 1654.0 | 11.8  | -3.7 |  -4.0   |  -6.0   |
| 化肥行业 | 000408 | 藏格矿业 | 568.6  | 17.5  | -1.3 |  -2.4   |  -2.5   |
| 化肥行业 | 600096 |  云天化  | 544.3  |  8.3  | -1.0 |  -2.5   |  -9.2   |
| 化肥行业 | 600141 | 兴发集团 | 438.5  |  6.4  | -0.8 |  -2.4   |  -12.0  |
| 化肥行业 | 000893 | 亚钾国际 | 273.9  | 24.4  | 3.5  |   6.8   |   2.5   |
| 化肥行业 | 002312 | 川发龙蟒 | 269.6  | 24.7  | -1.6 |  -2.2   |  -5.5   |
| 化肥行业 | 000902 |  新洋丰  | 232.1  | 14.2  | 1.7  |  -3.8   |  -1.9   |
| 化肥行业 | 002895 | 川恒股份 | 161.2  | 38.7  | 1.8  |   1.6   |  -9.6   |
| 化肥行业 | 002539 | 云图控股 | 159.8  |  8.6  | 1.4  |   0.7   |  -4.6   |
| 化肥行业 | 603938 | 三孚股份 | 128.9  | 21.4  | 1.1  |  -0.2   |  -9.3   |
| 化肥行业 | 002556 | 辉隆股份 | 106.2  | 12.7  | 0.0  |  -1.5   |  -2.1   |
| 化肥行业 | 600078 | *ST澄星  |  95.0  | 35.1  | 5.0  |  15.8   |  15.2   |
| 化肥行业 | 600691 | 阳煤化工 |  93.4  | 25.2  | -1.0 |   0.0   |  -3.4   |
| 化肥行业 | 002538 |  司尔特  |  87.4  | 14.2  | 1.6  |   1.0   |  -9.1   |
| 化肥行业 | 002274 | 华昌化工 |  86.2  |  8.8  | 0.6  |  -0.1   |  -4.2   |
| 化肥行业 | 002588 |  史丹利  |  81.0  | 13.5  | -1.6 |  -1.1   |  -4.8   |
| 化肥行业 | 000912 |  泸天化  |  78.7  | 14.1  | -1.0 |  -1.2   |  -4.9   |
| 化肥行业 | 002470 |  ST金正  |  75.9  | -72.8 | 0.0  |   2.2   |  -0.9   |
| 化肥行业 | 300505 |  川金诺  |  67.8  | 28.3  | 3.4  |  -0.6   |  -5.2   |
| 化肥行业 | 002170 | 芭田股份 |  55.5  | 63.9  | 0.8  |  -1.1   |  -6.8   |
| 化肥行业 | 000731 | 四川美丰 |  52.5  |  7.3  | -0.4 |  -0.2   |  -4.5   |
| 化肥行业 | 600470 | 六国化工 |  41.3  | 15.5  | -1.2 |  -3.8   |  -8.1   |
| 化肥行业 | 002999 | 天禾股份 |  24.3  | 43.4  | -0.8 |   0.0   |  -1.8   |
| 化肥行业 | 300387 | 富邦股份 |  19.8  | 36.7  | -0.4 |  -1.6   |  -5.0   |
+----------+--------+----------+--------+-------+------+---------+---------+
 




 [行业>单日涨幅]
+----------+--------+----------+--------+-------+------+---------+---------+
|   行业   |  代码  |   名称   |  市值  |  pe   | 涨幅 | 3日涨幅 | 6日涨幅 |
+----------+--------+----------+--------+-------+------+---------+---------+
| 化肥行业 | 600078 | *ST澄星  |  95.0  | 35.1  | 5.0  |  15.8   |  15.2   |
| 化肥行业 | 000893 | 亚钾国际 | 273.9  | 24.4  | 3.5  |   6.8   |   2.5   |
| 化肥行业 | 300505 |  川金诺  |  67.8  | 28.3  | 3.4  |  -0.6   |  -5.2   |
| 化肥行业 | 002895 | 川恒股份 | 161.2  | 38.7  | 1.8  |   1.6   |  -9.6   |
| 化肥行业 | 000902 |  新洋丰  | 232.1  | 14.2  | 1.7  |  -3.8   |  -1.9   |
| 化肥行业 | 002538 |  司尔特  |  87.4  | 14.2  | 1.6  |   1.0   |  -9.1   |
| 化肥行业 | 002539 | 云图控股 | 159.8  |  8.6  | 1.4  |   0.7   |  -4.6   |
| 化肥行业 | 603938 | 三孚股份 | 128.9  | 21.4  | 1.1  |  -0.2   |  -9.3   |
| 化肥行业 | 002170 | 芭田股份 |  55.5  | 63.9  | 0.8  |  -1.1   |  -6.8   |
| 化肥行业 | 002274 | 华昌化工 |  86.2  |  8.8  | 0.6  |  -0.1   |  -4.2   |
| 化肥行业 | 002556 | 辉隆股份 | 106.2  | 12.7  | 0.0  |  -1.5   |  -2.1   |
| 化肥行业 | 002470 |  ST金正  |  75.9  | -72.8 | 0.0  |   2.2   |  -0.9   |
| 化肥行业 | 000731 | 四川美丰 |  52.5  |  7.3  | -0.4 |  -0.2   |  -4.5   |
| 化肥行业 | 300387 | 富邦股份 |  19.8  | 36.7  | -0.4 |  -1.6   |  -5.0   |
| 化肥行业 | 600141 | 兴发集团 | 438.5  |  6.4  | -0.8 |  -2.4   |  -12.0  |
| 化肥行业 | 002999 | 天禾股份 |  24.3  | 43.4  | -0.8 |   0.0   |  -1.8   |
| 化肥行业 | 600096 |  云天化  | 544.3  |  8.3  | -1.0 |  -2.5   |  -9.2   |
| 化肥行业 | 000912 |  泸天化  |  78.7  | 14.1  | -1.0 |  -1.2   |  -4.9   |
| 化肥行业 | 600691 | 阳煤化工 |  93.4  | 25.2  | -1.0 |   0.0   |  -3.4   |
| 化肥行业 | 600470 | 六国化工 |  41.3  | 15.5  | -1.2 |  -3.8   |  -8.1   |
| 化肥行业 | 000408 | 藏格矿业 | 568.6  | 17.5  | -1.3 |  -2.4   |  -2.5   |
| 化肥行业 | 002588 |  史丹利  |  81.0  | 13.5  | -1.6 |  -1.1   |  -4.8   |
| 化肥行业 | 002312 | 川发龙蟒 | 269.6  | 24.7  | -1.6 |  -2.2   |  -5.5   |
| 化肥行业 | 000792 | 盐湖股份 | 1654.0 | 11.8  | -3.7 |  -4.0   |  -6.0   |
+----------+--------+----------+--------+-------+------+---------+---------+
