[行业>市值]
+----------+--------+----------+-------+-------+------+---------+---------+
|   行业   |  代码  |   名称   | 市值  |  pe   | 涨幅 | 3日涨幅 | 6日涨幅 |
+----------+--------+----------+-------+-------+------+---------+---------+
| 医药商业 | 601607 | 上海医药 | 663.1 | 13.2  | -0.3 |  -3.0   |  -0.2   |
| 医药商业 | 603939 | 益丰药房 | 376.6 | 34.6  | 3.4  |  -2.3   |  -4.4   |
| 医药商业 | 603233 |  大参林  | 299.0 | 19.4  | 1.4  |  -0.5   |  -3.0   |
| 医药商业 | 600056 | 中国医药 | 235.3 | 23.9  | -0.3 |  -2.4   |   6.1   |
| 医药商业 | 600998 |  九州通  | 220.2 | 12.2  | 0.0  |  -1.6   |  -0.8   |
| 医药商业 | 600511 | 国药股份 | 201.2 | 13.4  | -0.3 |  -2.7   |   0.0   |
| 医药商业 | 603883 |  老百姓  | 192.8 | 19.9  | 1.2  |  -3.0   |  -4.9   |
| 医药商业 | 002727 |  一心堂  | 131.6 | 18.3  | 2.8  |  -0.9   |  -2.4   |
| 医药商业 | 000028 | 国药一致 | 124.9 | 12.4  | 0.3  |  -2.3   |   0.1   |
| 医药商业 | 301015 | 百洋医药 | 108.7 | 30.7  | 1.2  |  -5.5   |  -4.5   |
| 医药商业 | 000078 | 海王生物 | 101.2 | 35.7  | 0.3  |  -3.4   |   4.2   |
| 医药商业 | 000950 | 重药控股 | 95.9  | 21.4  | -2.1 |  -6.6   |   6.8   |
| 医药商业 | 002411 | *ST必康  | 89.8  |  8.3  | 1.4  |  11.8   |   9.9   |
| 医药商业 | 002589 | 瑞康医药 | 76.4  | 44.7  | -9.9 |  -10.9  |  18.7   |
| 医药商业 | 301263 |  泰恩康  | 73.2  | 34.0  | 1.5  |  -4.5   |  -10.2  |
| 医药商业 | 301017 | 漱玉平民 | 68.1  | 34.4  | 1.3  |  -2.9   |  -1.4   |
| 医药商业 | 600713 | 南京医药 | 64.3  | 12.1  | -1.6 |  -4.1   |   2.3   |
| 医药商业 | 603368 | 柳药集团 | 60.0  |  6.8  | -0.5 |  -4.6   |  -3.8   |
| 医药商业 | 605266 |  健之佳  | 43.9  | 37.4  | 0.6  |  -2.1   |  -3.6   |
| 医药商业 | 002462 |  嘉事堂  | 39.6  | 12.6  | 0.4  |  -0.4   |   3.7   |
| 医药商业 | 600829 | 人民同泰 | 36.5  | 19.8  | -0.8 |  -2.0   |   2.3   |
| 医药商业 | 000411 | 英特集团 | 31.4  | 16.5  | -1.4 |  -6.0   |   0.0   |
| 医药商业 | 002788 | 鹭燕医药 | 31.3  | 10.9  | -1.0 |  -3.7   |   0.2   |
| 医药商业 | 300937 |  药易购  | 29.6  | 81.1  | 2.1  |  -6.1   |  -1.9   |
| 医药商业 | 603716 | 塞力医疗 | 27.7  | 32.7  | 0.8  |  -4.0   |   2.2   |
| 医药商业 | 000705 | 浙江震元 | 27.2  | 44.8  | 0.5  |  -2.5   |   0.2   |
| 医药商业 | 600272 | 开开实业 | 26.7  | 79.0  | 10.0 |   2.9   |  16.9   |
| 医药商业 | 600833 | 第一医药 | 24.8  | 98.9  | 0.3  |  -3.9   |   8.0   |
| 医药商业 | 002872 |  ST天圣  | 15.4  | -24.5 | -0.8 |  -1.0   |  -0.2   |
| 医药商业 | 600767 | *ST运盛  | 13.2  | -84.9 | 1.6  |   3.5   |   0.5   |
+----------+--------+----------+-------+-------+------+---------+---------+
 




 [行业>单日涨幅]
+----------+--------+----------+-------+-------+------+---------+---------+
|   行业   |  代码  |   名称   | 市值  |  pe   | 涨幅 | 3日涨幅 | 6日涨幅 |
+----------+--------+----------+-------+-------+------+---------+---------+
| 医药商业 | 600272 | 开开实业 | 26.7  | 79.0  | 10.0 |   2.9   |  16.9   |
| 医药商业 | 603939 | 益丰药房 | 376.6 | 34.6  | 3.4  |  -2.3   |  -4.4   |
| 医药商业 | 002727 |  一心堂  | 131.6 | 18.3  | 2.8  |  -0.9   |  -2.4   |
| 医药商业 | 300937 |  药易购  | 29.6  | 81.1  | 2.1  |  -6.1   |  -1.9   |
| 医药商业 | 600767 | *ST运盛  | 13.2  | -84.9 | 1.6  |   3.5   |   0.5   |
| 医药商业 | 301263 |  泰恩康  | 73.2  | 34.0  | 1.5  |  -4.5   |  -10.2  |
| 医药商业 | 603233 |  大参林  | 299.0 | 19.4  | 1.4  |  -0.5   |  -3.0   |
| 医药商业 | 002411 | *ST必康  | 89.8  |  8.3  | 1.4  |  11.8   |   9.9   |
| 医药商业 | 301017 | 漱玉平民 | 68.1  | 34.4  | 1.3  |  -2.9   |  -1.4   |
| 医药商业 | 301015 | 百洋医药 | 108.7 | 30.7  | 1.2  |  -5.5   |  -4.5   |
| 医药商业 | 603883 |  老百姓  | 192.8 | 19.9  | 1.2  |  -3.0   |  -4.9   |
| 医药商业 | 603716 | 塞力医疗 | 27.7  | 32.7  | 0.8  |  -4.0   |   2.2   |
| 医药商业 | 605266 |  健之佳  | 43.9  | 37.4  | 0.6  |  -2.1   |  -3.6   |
| 医药商业 | 000705 | 浙江震元 | 27.2  | 44.8  | 0.5  |  -2.5   |   0.2   |
| 医药商业 | 002462 |  嘉事堂  | 39.6  | 12.6  | 0.4  |  -0.4   |   3.7   |
| 医药商业 | 000028 | 国药一致 | 124.9 | 12.4  | 0.3  |  -2.3   |   0.1   |
| 医药商业 | 000078 | 海王生物 | 101.2 | 35.7  | 0.3  |  -3.4   |   4.2   |
| 医药商业 | 600833 | 第一医药 | 24.8  | 98.9  | 0.3  |  -3.9   |   8.0   |
| 医药商业 | 600998 |  九州通  | 220.2 | 12.2  | 0.0  |  -1.6   |  -0.8   |
| 医药商业 | 600511 | 国药股份 | 201.2 | 13.4  | -0.3 |  -2.7   |   0.0   |
| 医药商业 | 601607 | 上海医药 | 663.1 | 13.2  | -0.3 |  -3.0   |  -0.2   |
| 医药商业 | 600056 | 中国医药 | 235.3 | 23.9  | -0.3 |  -2.4   |   6.1   |
| 医药商业 | 603368 | 柳药集团 | 60.0  |  6.8  | -0.5 |  -4.6   |  -3.8   |
| 医药商业 | 600829 | 人民同泰 | 36.5  | 19.8  | -0.8 |  -2.0   |   2.3   |
| 医药商业 | 002872 |  ST天圣  | 15.4  | -24.5 | -0.8 |  -1.0   |  -0.2   |
| 医药商业 | 002788 | 鹭燕医药 | 31.3  | 10.9  | -1.0 |  -3.7   |   0.2   |
| 医药商业 | 000411 | 英特集团 | 31.4  | 16.5  | -1.4 |  -6.0   |   0.0   |
| 医药商业 | 600713 | 南京医药 | 64.3  | 12.1  | -1.6 |  -4.1   |   2.3   |
| 医药商业 | 000950 | 重药控股 | 95.9  | 21.4  | -2.1 |  -6.6   |   6.8   |
| 医药商业 | 002589 | 瑞康医药 | 76.4  | 44.7  | -9.9 |  -10.9  |  18.7   |
+----------+--------+----------+-------+-------+------+---------+---------+
