[行业>市值]
+----------+--------+----------+-------+--------+------+---------+---------+
|   行业   |  代码  |   名称   | 市值  |   pe   | 涨幅 | 3日涨幅 | 6日涨幅 |
+----------+--------+----------+-------+--------+------+---------+---------+
| 多元金融 | 000617 | 中油资本 | 565.1 |  8.2   | -2.0 |  -1.5   |  -0.8   |
| 多元金融 | 000987 | 越秀金控 | 345.2 |  14.8  | 5.8  |   6.8   |   4.9   |
| 多元金融 | 600705 | 中航产融 | 288.1 | 628.8  | -0.9 |  -0.3   |  -0.9   |
| 多元金融 | 600927 | 永安期货 | 285.6 | 219.1  | 1.3  |   2.2   |   1.2   |
| 多元金融 | 600816 |  ST安信  | 225.9 | -11.8  | 0.7  |   0.7   |  -1.2   |
| 多元金融 | 600390 | 五矿资本 | 215.9 |  7.6   | -1.4 |  -0.4   |   0.2   |
| 多元金融 | 000567 | 海德股份 | 157.6 |  30.9  | 10.0 |  13.8   |  12.4   |
| 多元金融 | 600901 | 江苏租赁 | 150.8 |  6.1   | 0.8  |   0.4   |  -1.0   |
| 多元金融 | 002423 | 中粮资本 | 147.2 | -10.8  | -0.3 |  -0.8   |  -0.5   |
| 多元金融 | 000415 | 渤海租赁 | 136.7 |  -4.6  | -0.9 |   1.8   |   1.4   |
| 多元金融 | 000563 | 陕国投Ａ  | 127.6 |  13.7  | 3.9  |   5.9   |   6.3   |
| 多元金融 | 600120 | 浙江东方 | 119.0 |  74.5  | 3.5  |   2.8   |   5.9   |
| 多元金融 | 600643 | 爱建集团 | 94.2  |  7.9   | 0.9  |   1.4   |   1.4   |
| 多元金融 | 000046 | 泛海控股 | 74.8  |  -2.4  | -1.4 |  -1.4   |  -1.4   |
| 多元金融 | 002961 | 瑞达期货 | 74.0  |  19.4  | -0.1 |  -0.3   |  -1.4   |
| 多元金融 | 600053 | 九鼎投资 | 70.6  |  39.8  | -0.3 |  -2.4   |   1.8   |
| 多元金融 | 000666 | 经纬纺机 | 65.1  |  12.0  | -0.4 |   5.6   |   7.3   |
| 多元金融 | 603093 | 南华期货 | 61.3  |  54.5  | 0.4  |  -0.2   |  -0.6   |
| 多元金融 | 600318 | 新力金融 | 40.5  | 440.6  | 3.3  |   9.3   |  10.2   |
| 多元金融 | 002647 | 仁东控股 | 36.6  | -44.3  | -0.1 |  -2.2   |   0.0   |
| 多元金融 | 600830 | 香溢融通 | 25.8  |  53.8  | 0.2  |   3.1   |   5.0   |
| 多元金融 | 600139 | *ST西源  | 20.2  | -13.8  | 4.8  |  15.5   |  33.6   |
| 多元金融 | 000416 | 民生控股 | 19.6  | -105.5 | -1.3 |  -1.6   |  -2.1   |
| 多元金融 | 001236 | 弘业期货 | 16.9  |  59.8  | 0.0  |   0.0   |   0.0   |
| 多元金融 | 300309 | *ST吉艾  | 15.9  |  -3.5  | 7.2  |   5.9   |   1.7   |
| 多元金融 | 600599 |  ST熊猫  | 14.6  |  10.1  | -0.2 |  -0.3   |  -4.2   |
+----------+--------+----------+-------+--------+------+---------+---------+
 




 [行业>单日涨幅]
+----------+--------+----------+-------+--------+------+---------+---------+
|   行业   |  代码  |   名称   | 市值  |   pe   | 涨幅 | 3日涨幅 | 6日涨幅 |
+----------+--------+----------+-------+--------+------+---------+---------+
| 多元金融 | 000567 | 海德股份 | 157.6 |  30.9  | 10.0 |  13.8   |  12.4   |
| 多元金融 | 300309 | *ST吉艾  | 15.9  |  -3.5  | 7.2  |   5.9   |   1.7   |
| 多元金融 | 000987 | 越秀金控 | 345.2 |  14.8  | 5.8  |   6.8   |   4.9   |
| 多元金融 | 600139 | *ST西源  | 20.2  | -13.8  | 4.8  |  15.5   |  33.6   |
| 多元金融 | 000563 | 陕国投Ａ  | 127.6 |  13.7  | 3.9  |   5.9   |   6.3   |
| 多元金融 | 600120 | 浙江东方 | 119.0 |  74.5  | 3.5  |   2.8   |   5.9   |
| 多元金融 | 600318 | 新力金融 | 40.5  | 440.6  | 3.3  |   9.3   |  10.2   |
| 多元金融 | 600927 | 永安期货 | 285.6 | 219.1  | 1.3  |   2.2   |   1.2   |
| 多元金融 | 600643 | 爱建集团 | 94.2  |  7.9   | 0.9  |   1.4   |   1.4   |
| 多元金融 | 600901 | 江苏租赁 | 150.8 |  6.1   | 0.8  |   0.4   |  -1.0   |
| 多元金融 | 600816 |  ST安信  | 225.9 | -11.8  | 0.7  |   0.7   |  -1.2   |
| 多元金融 | 603093 | 南华期货 | 61.3  |  54.5  | 0.4  |  -0.2   |  -0.6   |
| 多元金融 | 600830 | 香溢融通 | 25.8  |  53.8  | 0.2  |   3.1   |   5.0   |
| 多元金融 | 001236 | 弘业期货 | 16.9  |  59.8  | 0.0  |   0.0   |   0.0   |
| 多元金融 | 002961 | 瑞达期货 | 74.0  |  19.4  | -0.1 |  -0.3   |  -1.4   |
| 多元金融 | 002647 | 仁东控股 | 36.6  | -44.3  | -0.1 |  -2.2   |   0.0   |
| 多元金融 | 600599 |  ST熊猫  | 14.6  |  10.1  | -0.2 |  -0.3   |  -4.2   |
| 多元金融 | 002423 | 中粮资本 | 147.2 | -10.8  | -0.3 |  -0.8   |  -0.5   |
| 多元金融 | 600053 | 九鼎投资 | 70.6  |  39.8  | -0.3 |  -2.4   |   1.8   |
| 多元金融 | 000666 | 经纬纺机 | 65.1  |  12.0  | -0.4 |   5.6   |   7.3   |
| 多元金融 | 000415 | 渤海租赁 | 136.7 |  -4.6  | -0.9 |   1.8   |   1.4   |
| 多元金融 | 600705 | 中航产融 | 288.1 | 628.8  | -0.9 |  -0.3   |  -0.9   |
| 多元金融 | 000416 | 民生控股 | 19.6  | -105.5 | -1.3 |  -1.6   |  -2.1   |
| 多元金融 | 000046 | 泛海控股 | 74.8  |  -2.4  | -1.4 |  -1.4   |  -1.4   |
| 多元金融 | 600390 | 五矿资本 | 215.9 |  7.6   | -1.4 |  -0.4   |   0.2   |
| 多元金融 | 000617 | 中油资本 | 565.1 |  8.2   | -2.0 |  -1.5   |  -0.8   |
+----------+--------+----------+-------+--------+------+---------+---------+
