[行业>市值]
+----------+--------+----------+-------+--------+------+---------+---------+
|   行业   |  代码  |   名称   | 市值  |   pe   | 涨幅 | 3日涨幅 | 6日涨幅 |
+----------+--------+----------+-------+--------+------+---------+---------+
| 家用轻工 | 603899 | 晨光股份 | 449.7 |  40.8  | -1.0 |  -3.0   |  -8.3   |
| 家用轻工 | 001323 | 慕思股份 | 171.7 |  34.6  | -2.4 |  -4.7   |  -5.0   |
| 家用轻工 | 603398 | 沐邦高科 | 99.8  | -273.9 | 4.6  |   6.5   |   2.2   |
| 家用轻工 | 605099 | 共创草坪 | 99.4  |  29.1  | -1.3 |  -3.0   |  -3.7   |
| 家用轻工 | 002489 | 浙江永强 | 78.8  |  14.4  | 2.0  |   0.6   |  -3.2   |
| 家用轻工 | 002678 | 珠江钢琴 | 75.5  |  35.6  | -0.9 |  -2.1   |  -1.9   |
| 家用轻工 | 301101 | 明月镜片 | 73.4  |  83.0  | 5.4  |   8.2   |  15.1   |
| 家用轻工 | 603848 |  好太太  | 65.0  |  35.9  | -4.7 |  -5.1   |   9.0   |
| 家用轻工 | 002605 | 姚记科技 | 60.8  |  16.6  | -0.2 |  -0.9   |  -3.7   |
| 家用轻工 | 002301 | 齐心集团 | 48.8  |  22.2  | 4.9  |   5.4   |   4.4   |
| 家用轻工 | 605299 | 舒华体育 | 42.6  |  80.2  | -1.3 |  -4.1   |  -4.2   |
| 家用轻工 | 300729 | 乐歌股份 | 36.4  |  50.5  | 0.0  |  -0.5   |  -11.2  |
| 家用轻工 | 600439 |  瑞贝卡  | 31.6  |  61.8  | 0.4  |   0.7   |  -1.1   |
| 家用轻工 | 300651 | 金陵体育 | 31.1  | 303.8  | -0.5 |  -0.2   |  -1.4   |
| 家用轻工 | 002575 | 群兴玩具 | 27.5  | 397.2  | -3.3 |  -7.3   |  -3.3   |
| 家用轻工 | 002615 |  哈尔斯  | 26.9  |  21.8  | 6.2  |   6.4   |   7.4   |
| 家用轻工 | 002571 | 德力股份 | 26.6  | 258.3  | -1.3 |  -0.9   |  -4.1   |
| 家用轻工 | 301004 | 嘉益股份 | 24.2  |  18.4  | 3.1  |   3.8   |   2.8   |
| 家用轻工 | 002103 | 广博股份 | 23.0  | -38.4  | -0.7 |  -0.9   |  -0.2   |
| 家用轻工 | 002348 | 高乐股份 | 22.1  | -11.1  | -3.3 |  -14.0  |  -18.8  |
| 家用轻工 | 300703 | 创源股份 | 18.1  | 112.5  | -0.6 |  -2.0   |   0.4   |
| 家用轻工 | 300329 | 海伦钢琴 | 16.9  |  67.0  | -0.9 |  -2.2   |  -2.3   |
| 家用轻工 | 300640 | 德艺文创 | 16.2  |  49.0  | -0.9 |  -2.1   |  -1.9   |
| 家用轻工 | 002899 |  英派斯  | 14.6  | 272.5  | -0.3 |  -0.5   |   0.0   |
| 家用轻工 | 002862 | 实丰文化 | 13.4  | 173.3  | -1.2 |   0.4   |  -4.7   |
+----------+--------+----------+-------+--------+------+---------+---------+
 




 [行业>单日涨幅]
+----------+--------+----------+-------+--------+------+---------+---------+
|   行业   |  代码  |   名称   | 市值  |   pe   | 涨幅 | 3日涨幅 | 6日涨幅 |
+----------+--------+----------+-------+--------+------+---------+---------+
| 家用轻工 | 002615 |  哈尔斯  | 26.9  |  21.8  | 6.2  |   6.4   |   7.4   |
| 家用轻工 | 301101 | 明月镜片 | 73.4  |  83.0  | 5.4  |   8.2   |  15.1   |
| 家用轻工 | 002301 | 齐心集团 | 48.8  |  22.2  | 4.9  |   5.4   |   4.4   |
| 家用轻工 | 603398 | 沐邦高科 | 99.8  | -273.9 | 4.6  |   6.5   |   2.2   |
| 家用轻工 | 301004 | 嘉益股份 | 24.2  |  18.4  | 3.1  |   3.8   |   2.8   |
| 家用轻工 | 002489 | 浙江永强 | 78.8  |  14.4  | 2.0  |   0.6   |  -3.2   |
| 家用轻工 | 600439 |  瑞贝卡  | 31.6  |  61.8  | 0.4  |   0.7   |  -1.1   |
| 家用轻工 | 300729 | 乐歌股份 | 36.4  |  50.5  | 0.0  |  -0.5   |  -11.2  |
| 家用轻工 | 002605 | 姚记科技 | 60.8  |  16.6  | -0.2 |  -0.9   |  -3.7   |
| 家用轻工 | 002899 |  英派斯  | 14.6  | 272.5  | -0.3 |  -0.5   |   0.0   |
| 家用轻工 | 300651 | 金陵体育 | 31.1  | 303.8  | -0.5 |  -0.2   |  -1.4   |
| 家用轻工 | 300703 | 创源股份 | 18.1  | 112.5  | -0.6 |  -2.0   |   0.4   |
| 家用轻工 | 002103 | 广博股份 | 23.0  | -38.4  | -0.7 |  -0.9   |  -0.2   |
| 家用轻工 | 300640 | 德艺文创 | 16.2  |  49.0  | -0.9 |  -2.1   |  -1.9   |
| 家用轻工 | 002678 | 珠江钢琴 | 75.5  |  35.6  | -0.9 |  -2.1   |  -1.9   |
| 家用轻工 | 300329 | 海伦钢琴 | 16.9  |  67.0  | -0.9 |  -2.2   |  -2.3   |
| 家用轻工 | 603899 | 晨光股份 | 449.7 |  40.8  | -1.0 |  -3.0   |  -8.3   |
| 家用轻工 | 002862 | 实丰文化 | 13.4  | 173.3  | -1.2 |   0.4   |  -4.7   |
| 家用轻工 | 002571 | 德力股份 | 26.6  | 258.3  | -1.3 |  -0.9   |  -4.1   |
| 家用轻工 | 605099 | 共创草坪 | 99.4  |  29.1  | -1.3 |  -3.0   |  -3.7   |
| 家用轻工 | 605299 | 舒华体育 | 42.6  |  80.2  | -1.3 |  -4.1   |  -4.2   |
| 家用轻工 | 001323 | 慕思股份 | 171.7 |  34.6  | -2.4 |  -4.7   |  -5.0   |
| 家用轻工 | 002575 | 群兴玩具 | 27.5  | 397.2  | -3.3 |  -7.3   |  -3.3   |
| 家用轻工 | 002348 | 高乐股份 | 22.1  | -11.1  | -3.3 |  -14.0  |  -18.8  |
| 家用轻工 | 603848 |  好太太  | 65.0  |  35.9  | -4.7 |  -5.1   |   9.0   |
+----------+--------+----------+-------+--------+------+---------+---------+
