[行业>市值]
+----------+--------+----------+--------+--------+------+---------+---------+
|   行业   |  代码  |   名称   |  市值  |   pe   | 涨幅 | 3日涨幅 | 6日涨幅 |
+----------+--------+----------+--------+--------+------+---------+---------+
| 工程机械 | 600031 | 三一重工 | 1608.0 |  25.3  | -2.0 |   0.4   |   1.3   |
| 工程机械 | 601100 | 恒立液压 | 750.6  |  35.5  | -3.4 |  -1.4   |   3.3   |
| 工程机械 | 000157 | 中联重科 | 512.9  |  14.2  | -1.2 |  -0.8   |  -0.7   |
| 工程机械 | 000425 | 徐工机械 | 428.5  |  7.6   | -1.1 |  -1.4   |   1.7   |
| 工程机械 | 603338 | 浙江鼎力 | 237.2  |  30.3  | 0.8  |  -0.3   |  -3.4   |
| 工程机械 | 688425 | 铁建重工 | 219.7  |  14.6  | 0.5  |   1.2   |   2.0   |
| 工程机械 | 603638 | 艾迪精密 | 152.6  |  52.7  | 0.3  |  -3.8   |  -9.9   |
| 工程机械 | 002204 | 大连重工 | 144.9  |  51.8  | -3.4 |   7.6   |  17.2   |
| 工程机械 | 603298 | 杭叉集团 | 128.7  |  16.9  | 0.2  |   0.9   |  -1.4   |
| 工程机械 | 000528 |   柳工   | 126.5  |  12.4  | -1.4 |   0.5   |   2.2   |
| 工程机械 | 605305 | 中际联合 |  87.1  |  49.4  | 6.0  |  20.2   |  16.2   |
| 工程机械 | 000680 | 山推股份 |  83.8  |  5.8   | -5.3 |   0.5   |   4.7   |
| 工程机械 | 600761 | 安徽合力 |  82.9  |  10.7  | -1.1 |  -3.0   |  -4.8   |
| 工程机械 | 600984 | 建设机械 |  78.6  | -36.4  | -3.4 |   2.0   |   0.5   |
| 工程机械 | 002097 | 山河智能 |  75.0  | -38.3  | 1.9  |   0.3   |   1.6   |
| 工程机械 | 300718 | 长盛轴承 |  66.8  |  55.2  | 0.3  |  17.1   |  23.4   |
| 工程机械 | 601226 | 华电重工 |  62.5  | -14.3  | -1.8 |   2.1   |  -1.1   |
| 工程机械 | 600375 | 汉马科技 |  56.9  |  -8.8  | -0.8 |  -3.1   |  -3.7   |
| 工程机械 | 600815 | 厦工股份 |  54.3  | -709.9 | -2.2 |   3.7   |   3.7   |
| 工程机械 | 600817 | 宇通重工 |  52.2  |  15.4  | -1.4 |  -1.9   |  -4.7   |
| 工程机械 | 603611 | 诺力股份 |  45.3  |  15.7  | 0.6  |   3.2   |   1.6   |
| 工程机械 | 605389 | 长龄液压 |  36.3  |  21.5  | 1.6  |   1.3   |   0.3   |
| 工程机械 | 301040 | 中环海陆 |  32.7  |  47.9  | 6.3  |  15.2   |  14.4   |
| 工程机械 | 002272 | 川润股份 |  26.3  |  67.8  | -2.3 |  -8.9   |   9.3   |
| 工程机械 | 001288 | 运机集团 |  26.3  |  31.1  | -1.2 |   4.2   |   3.7   |
| 工程机械 | 300201 | *ST海伦  |  26.0  |  19.9  | 5.5  |  12.1   |  19.1   |
| 工程机械 | 300022 | 吉峰科技 |  17.4  | -209.3 | -1.7 |  -0.9   |   0.7   |
+----------+--------+----------+--------+--------+------+---------+---------+
 




 [行业>单日涨幅]
+----------+--------+----------+--------+--------+------+---------+---------+
|   行业   |  代码  |   名称   |  市值  |   pe   | 涨幅 | 3日涨幅 | 6日涨幅 |
+----------+--------+----------+--------+--------+------+---------+---------+
| 工程机械 | 301040 | 中环海陆 |  32.7  |  47.9  | 6.3  |  15.2   |  14.4   |
| 工程机械 | 605305 | 中际联合 |  87.1  |  49.4  | 6.0  |  20.2   |  16.2   |
| 工程机械 | 300201 | *ST海伦  |  26.0  |  19.9  | 5.5  |  12.1   |  19.1   |
| 工程机械 | 002097 | 山河智能 |  75.0  | -38.3  | 1.9  |   0.3   |   1.6   |
| 工程机械 | 605389 | 长龄液压 |  36.3  |  21.5  | 1.6  |   1.3   |   0.3   |
| 工程机械 | 603338 | 浙江鼎力 | 237.2  |  30.3  | 0.8  |  -0.3   |  -3.4   |
| 工程机械 | 603611 | 诺力股份 |  45.3  |  15.7  | 0.6  |   3.2   |   1.6   |
| 工程机械 | 688425 | 铁建重工 | 219.7  |  14.6  | 0.5  |   1.2   |   2.0   |
| 工程机械 | 300718 | 长盛轴承 |  66.8  |  55.2  | 0.3  |  17.1   |  23.4   |
| 工程机械 | 603638 | 艾迪精密 | 152.6  |  52.7  | 0.3  |  -3.8   |  -9.9   |
| 工程机械 | 603298 | 杭叉集团 | 128.7  |  16.9  | 0.2  |   0.9   |  -1.4   |
| 工程机械 | 600375 | 汉马科技 |  56.9  |  -8.8  | -0.8 |  -3.1   |  -3.7   |
| 工程机械 | 600761 | 安徽合力 |  82.9  |  10.7  | -1.1 |  -3.0   |  -4.8   |
| 工程机械 | 000425 | 徐工机械 | 428.5  |  7.6   | -1.1 |  -1.4   |   1.7   |
| 工程机械 | 000157 | 中联重科 | 512.9  |  14.2  | -1.2 |  -0.8   |  -0.7   |
| 工程机械 | 001288 | 运机集团 |  26.3  |  31.1  | -1.2 |   4.2   |   3.7   |
| 工程机械 | 000528 |   柳工   | 126.5  |  12.4  | -1.4 |   0.5   |   2.2   |
| 工程机械 | 600817 | 宇通重工 |  52.2  |  15.4  | -1.4 |  -1.9   |  -4.7   |
| 工程机械 | 300022 | 吉峰科技 |  17.4  | -209.3 | -1.7 |  -0.9   |   0.7   |
| 工程机械 | 601226 | 华电重工 |  62.5  | -14.3  | -1.8 |   2.1   |  -1.1   |
| 工程机械 | 600031 | 三一重工 | 1608.0 |  25.3  | -2.0 |   0.4   |   1.3   |
| 工程机械 | 600815 | 厦工股份 |  54.3  | -709.9 | -2.2 |   3.7   |   3.7   |
| 工程机械 | 002272 | 川润股份 |  26.3  |  67.8  | -2.3 |  -8.9   |   9.3   |
| 工程机械 | 002204 | 大连重工 | 144.9  |  51.8  | -3.4 |   7.6   |  17.2   |
| 工程机械 | 601100 | 恒立液压 | 750.6  |  35.5  | -3.4 |  -1.4   |   3.3   |
| 工程机械 | 600984 | 建设机械 |  78.6  | -36.4  | -3.4 |   2.0   |   0.5   |
| 工程机械 | 000680 | 山推股份 |  83.8  |  5.8   | -5.3 |   0.5   |   4.7   |
+----------+--------+----------+--------+--------+------+---------+---------+
