[行业>市值]
+----------+--------+----------+--------+-------+------+---------+---------+
|   行业   |  代码  |   名称   |  市值  |  pe   | 涨幅 | 3日涨幅 | 6日涨幅 |
+----------+--------+----------+--------+-------+------+---------+---------+
| 汽车整车 | 002594 |  比亚迪  | 9403.0 | 290.8 | 4.2  |  -0.4   |  -3.9   |
| 汽车整车 | 601633 | 长城汽车 | 3130.0 | 47.9  | -0.2 |  -1.1   |  -5.2   |
| 汽车整车 | 600104 | 上汽集团 | 1993.0 |  9.0  | -1.1 |  -2.1   |  -0.5   |
| 汽车整车 | 000625 | 长安汽车 | 1687.0 |  9.3  | 0.2  |  -1.9   |  -3.2   |
| 汽车整车 | 601238 | 广汽集团 | 1644.0 | 13.7  | -0.2 |  -0.2   |  -0.6   |
| 汽车整车 | 601127 | 小康股份 | 1028.0 | -30.6 | 2.3  |   1.5   |  -2.6   |
| 汽车整车 | 000800 | 一汽解放 | 412.8  | 22.8  | -0.3 |  -0.1   |  -1.7   |
| 汽车整车 | 600733 | 北汽蓝谷 | 368.7  | -9.6  | -0.1 |  -1.3   |  -7.9   |
| 汽车整车 | 600418 | 江淮汽车 | 357.7  | -30.8 | -1.4 |  -5.2   |  -6.0   |
| 汽车整车 | 601777 | 力帆科技 | 227.7  | 112.0 | 0.0  |  -1.4   |  -6.1   |
| 汽车整车 | 301039 | 中集车辆 | 195.5  | 39.3  | -3.5 |  -5.7   |  -11.8  |
| 汽车整车 | 600166 | 福田汽车 | 195.3  | 36.1  | -1.7 |  -5.4   |  10.8   |
| 汽车整车 | 600066 | 宇通客车 | 179.8  | -38.9 | -1.5 |  -0.6   |  -1.7   |
| 汽车整车 | 000980 |  ST众泰  | 179.4  | -28.6 | 5.0  |   6.0   |   2.6   |
| 汽车整车 | 000951 | 中国重汽 | 158.7  | 32.0  | -1.7 |  -0.4   |   0.4   |
| 汽车整车 | 000550 | 江铃汽车 | 154.1  | 19.9  | -1.4 |  -12.3  |  -4.5   |
| 汽车整车 | 600006 | 东风汽车 | 142.6  | 30.0  | -1.5 |  -2.9   |  -1.7   |
| 汽车整车 | 000957 | 中通客车 | 137.6  | -97.5 | 10.0 |  19.4   |  20.9   |
| 汽车整车 | 000572 | 海马汽车 |  93.4  | -38.3 | 0.2  |  -0.3   |  -3.4   |
| 汽车整车 | 600686 | 金龙汽车 |  55.4  | 357.0 | -0.6 |   4.9   |   7.1   |
| 汽车整车 | 000868 | 安凯客车 |  47.9  | -29.9 | -2.7 |   0.8   |   6.5   |
| 汽车整车 | 600213 | 亚星客车 |  26.7  | -15.3 | -1.6 |  -2.5   |  -6.0   |
| 汽车整车 | 600303 |  ST曙光  |  22.6  | -17.3 | -0.3 |   1.8   |   3.1   |
+----------+--------+----------+--------+-------+------+---------+---------+
 




 [行业>单日涨幅]
+----------+--------+----------+--------+-------+------+---------+---------+
|   行业   |  代码  |   名称   |  市值  |  pe   | 涨幅 | 3日涨幅 | 6日涨幅 |
+----------+--------+----------+--------+-------+------+---------+---------+
| 汽车整车 | 000957 | 中通客车 | 137.6  | -97.5 | 10.0 |  19.4   |  20.9   |
| 汽车整车 | 000980 |  ST众泰  | 179.4  | -28.6 | 5.0  |   6.0   |   2.6   |
| 汽车整车 | 002594 |  比亚迪  | 9403.0 | 290.8 | 4.2  |  -0.4   |  -3.9   |
| 汽车整车 | 601127 | 小康股份 | 1028.0 | -30.6 | 2.3  |   1.5   |  -2.6   |
| 汽车整车 | 000625 | 长安汽车 | 1687.0 |  9.3  | 0.2  |  -1.9   |  -3.2   |
| 汽车整车 | 000572 | 海马汽车 |  93.4  | -38.3 | 0.2  |  -0.3   |  -3.4   |
| 汽车整车 | 601777 | 力帆科技 | 227.7  | 112.0 | 0.0  |  -1.4   |  -6.1   |
| 汽车整车 | 600733 | 北汽蓝谷 | 368.7  | -9.6  | -0.1 |  -1.3   |  -7.9   |
| 汽车整车 | 601633 | 长城汽车 | 3130.0 | 47.9  | -0.2 |  -1.1   |  -5.2   |
| 汽车整车 | 601238 | 广汽集团 | 1644.0 | 13.7  | -0.2 |  -0.2   |  -0.6   |
| 汽车整车 | 600303 |  ST曙光  |  22.6  | -17.3 | -0.3 |   1.8   |   3.1   |
| 汽车整车 | 000800 | 一汽解放 | 412.8  | 22.8  | -0.3 |  -0.1   |  -1.7   |
| 汽车整车 | 600686 | 金龙汽车 |  55.4  | 357.0 | -0.6 |   4.9   |   7.1   |
| 汽车整车 | 600104 | 上汽集团 | 1993.0 |  9.0  | -1.1 |  -2.1   |  -0.5   |
| 汽车整车 | 600418 | 江淮汽车 | 357.7  | -30.8 | -1.4 |  -5.2   |  -6.0   |
| 汽车整车 | 000550 | 江铃汽车 | 154.1  | 19.9  | -1.4 |  -12.3  |  -4.5   |
| 汽车整车 | 600066 | 宇通客车 | 179.8  | -38.9 | -1.5 |  -0.6   |  -1.7   |
| 汽车整车 | 600006 | 东风汽车 | 142.6  | 30.0  | -1.5 |  -2.9   |  -1.7   |
| 汽车整车 | 600213 | 亚星客车 |  26.7  | -15.3 | -1.6 |  -2.5   |  -6.0   |
| 汽车整车 | 600166 | 福田汽车 | 195.3  | 36.1  | -1.7 |  -5.4   |  10.8   |
| 汽车整车 | 000951 | 中国重汽 | 158.7  | 32.0  | -1.7 |  -0.4   |   0.4   |
| 汽车整车 | 000868 | 安凯客车 |  47.9  | -29.9 | -2.7 |   0.8   |   6.5   |
| 汽车整车 | 301039 | 中集车辆 | 195.5  | 39.3  | -3.5 |  -5.7   |  -11.8  |
+----------+--------+----------+--------+-------+------+---------+---------+
