[行业>市值]
+------+--------+----------+-------+--------+------+---------+---------+
| 行业 |  代码  |   名称   | 市值  |   pe   | 涨幅 | 3日涨幅 | 6日涨幅 |
+------+--------+----------+-------+--------+------+---------+---------+
| 燃气 | 600956 | 新天绿能 | 594.6 |  15.9  | -0.4 |   1.7   |   1.9   |
| 燃气 | 600803 | 新奥股份 | 491.8 |  16.3  | -1.2 |  -2.3   |  -6.3   |
| 燃气 | 601139 | 深圳燃气 | 198.2 |  18.4  | 0.0  |  -0.1   |   0.3   |
| 燃气 | 605090 | 九丰能源 | 134.7 |  8.6   | -0.8 |   3.6   |   4.5   |
| 燃气 | 600917 | 重庆燃气 | 119.6 |  29.6  | -0.9 |   1.1   |   2.1   |
| 燃气 | 300332 | 天壕环境 | 110.5 |  20.9  | 1.0  |   2.0   |  -0.6   |
| 燃气 | 600635 | 大众公用 | 94.8  |  -7.3  | -1.5 |   0.3   |   0.3   |
| 燃气 | 000968 | 蓝焰控股 | 93.6  |  8.6   | 0.1  |  -6.8   |  -8.7   |
| 燃气 | 603393 | 新天然气 | 93.3  |  11.3  | 1.1  |   3.2   |   3.0   |
| 燃气 | 600903 | 贵州燃气 | 89.6  | -36.1  | -1.6 |   0.8   |  -0.8   |
| 燃气 | 002911 | 佛燃能源 | 87.4  |  29.2  | -0.1 |   1.6   |   1.5   |
| 燃气 | 603053 | 成都燃气 | 82.9  |  10.5  | -1.5 |  -1.0   |  -1.7   |
| 燃气 | 002267 | 陕天然气 | 81.3  |  4.0   | 1.0  |   3.2   |   4.3   |
| 燃气 | 600617 | 国新能源 | 67.7  |  9.8   | 2.1  |  -0.8   |   4.0   |
| 燃气 | 605368 | 蓝天燃气 | 63.0  |  8.2   | 0.2  |   0.5   |   1.7   |
| 燃气 | 300435 | 中泰股份 | 62.7  |  25.1  | 3.6  |  11.3   |   7.7   |
| 燃气 | 600681 | 百川能源 | 61.6  |  10.6  | -0.4 |   1.4   |   1.8   |
| 燃气 | 300483 | 首华燃气 | 36.5  |  21.4  | -0.5 |  -2.2   |  -2.5   |
| 燃气 | 603689 | 皖天然气 | 34.5  |  12.8  | 0.3  |   0.3   |   2.4   |
| 燃气 | 605169 | 洪通燃气 | 34.3  |  16.1  | -0.4 |  -1.0   |   0.6   |
| 燃气 | 603706 | 东方环宇 | 33.1  |  13.2  | 1.0  |   3.0   |   4.8   |
| 燃气 | 000407 | 胜利股份 | 32.6  |  26.5  | -1.3 |  -1.9   |   0.5   |
| 燃气 | 600333 | 长春燃气 | 31.1  | -66.7  | -1.2 |   1.4   |   2.6   |
| 燃气 | 603318 | 水发燃气 | 29.6  |  57.4  | -2.1 |  -0.4   |   2.2   |
| 燃气 | 000421 | 南京公用 | 28.0  | -53.5  | -3.0 |  -3.0   |   1.5   |
| 燃气 | 603080 | 新疆火炬 | 21.2  |  14.7  | 0.9  |   8.4   |  14.2   |
| 燃气 | 000593 | 德龙汇能 | 21.1  | 223.6  | 0.2  |   1.6   |   0.9   |
| 燃气 | 002259 |  ST升达  | 20.2  | -134.8 | -2.5 |  -2.5   |  -7.6   |
| 燃气 | 002700 |  ST浩源  | 17.8  |  29.9  | 0.5  |  -0.9   |  -0.9   |
| 燃气 | 000669 |  ST金鸿  | 12.0  | -49.5  | 0.0  |   2.9   |   4.8   |
+------+--------+----------+-------+--------+------+---------+---------+
 




 [行业>单日涨幅]
+------+--------+----------+-------+--------+------+---------+---------+
| 行业 |  代码  |   名称   | 市值  |   pe   | 涨幅 | 3日涨幅 | 6日涨幅 |
+------+--------+----------+-------+--------+------+---------+---------+
| 燃气 | 300435 | 中泰股份 | 62.7  |  25.1  | 3.6  |  11.3   |   7.7   |
| 燃气 | 600617 | 国新能源 | 67.7  |  9.8   | 2.1  |  -0.8   |   4.0   |
| 燃气 | 603393 | 新天然气 | 93.3  |  11.3  | 1.1  |   3.2   |   3.0   |
| 燃气 | 603706 | 东方环宇 | 33.1  |  13.2  | 1.0  |   3.0   |   4.8   |
| 燃气 | 300332 | 天壕环境 | 110.5 |  20.9  | 1.0  |   2.0   |  -0.6   |
| 燃气 | 002267 | 陕天然气 | 81.3  |  4.0   | 1.0  |   3.2   |   4.3   |
| 燃气 | 603080 | 新疆火炬 | 21.2  |  14.7  | 0.9  |   8.4   |  14.2   |
| 燃气 | 002700 |  ST浩源  | 17.8  |  29.9  | 0.5  |  -0.9   |  -0.9   |
| 燃气 | 603689 | 皖天然气 | 34.5  |  12.8  | 0.3  |   0.3   |   2.4   |
| 燃气 | 605368 | 蓝天燃气 | 63.0  |  8.2   | 0.2  |   0.5   |   1.7   |
| 燃气 | 000593 | 德龙汇能 | 21.1  | 223.6  | 0.2  |   1.6   |   0.9   |
| 燃气 | 000968 | 蓝焰控股 | 93.6  |  8.6   | 0.1  |  -6.8   |  -8.7   |
| 燃气 | 601139 | 深圳燃气 | 198.2 |  18.4  | 0.0  |  -0.1   |   0.3   |
| 燃气 | 000669 |  ST金鸿  | 12.0  | -49.5  | 0.0  |   2.9   |   4.8   |
| 燃气 | 002911 | 佛燃能源 | 87.4  |  29.2  | -0.1 |   1.6   |   1.5   |
| 燃气 | 605169 | 洪通燃气 | 34.3  |  16.1  | -0.4 |  -1.0   |   0.6   |
| 燃气 | 600956 | 新天绿能 | 594.6 |  15.9  | -0.4 |   1.7   |   1.9   |
| 燃气 | 600681 | 百川能源 | 61.6  |  10.6  | -0.4 |   1.4   |   1.8   |
| 燃气 | 300483 | 首华燃气 | 36.5  |  21.4  | -0.5 |  -2.2   |  -2.5   |
| 燃气 | 605090 | 九丰能源 | 134.7 |  8.6   | -0.8 |   3.6   |   4.5   |
| 燃气 | 600917 | 重庆燃气 | 119.6 |  29.6  | -0.9 |   1.1   |   2.1   |
| 燃气 | 600333 | 长春燃气 | 31.1  | -66.7  | -1.2 |   1.4   |   2.6   |
| 燃气 | 600803 | 新奥股份 | 491.8 |  16.3  | -1.2 |  -2.3   |  -6.3   |
| 燃气 | 000407 | 胜利股份 | 32.6  |  26.5  | -1.3 |  -1.9   |   0.5   |
| 燃气 | 603053 | 成都燃气 | 82.9  |  10.5  | -1.5 |  -1.0   |  -1.7   |
| 燃气 | 600635 | 大众公用 | 94.8  |  -7.3  | -1.5 |   0.3   |   0.3   |
| 燃气 | 600903 | 贵州燃气 | 89.6  | -36.1  | -1.6 |   0.8   |  -0.8   |
| 燃气 | 603318 | 水发燃气 | 29.6  |  57.4  | -2.1 |  -0.4   |   2.2   |
| 燃气 | 002259 |  ST升达  | 20.2  | -134.8 | -2.5 |  -2.5   |  -7.6   |
| 燃气 | 000421 | 南京公用 | 28.0  | -53.5  | -3.0 |  -3.0   |   1.5   |
+------+--------+----------+-------+--------+------+---------+---------+
