[行业>市值]
+------------+--------+----------+-------+--------+------+---------+---------+
|    行业    |  代码  |   名称   | 市值  |   pe   | 涨幅 | 3日涨幅 | 6日涨幅 |
+------------+--------+----------+-------+--------+------+---------+---------+
| 电子化学品 | 300054 | 鼎龙股份 | 197.0 |  69.0  | 0.8  |   0.7   |   1.7   |
| 电子化学品 | 002643 | 万润股份 | 172.6 |  18.5  | 0.9  |  -4.0   |  -3.1   |
| 电子化学品 | 300346 | 南大光电 | 171.1 |  53.0  | 1.9  |  -1.7   |  -9.5   |
| 电子化学品 | 688019 | 安集科技 | 141.7 |  89.5  | 4.0  |  -2.9   |  -4.4   |
| 电子化学品 | 300398 | 飞凯材料 | 109.9 |  19.8  | 0.4  |  -2.3   |  -5.8   |
| 电子化学品 | 300655 | 晶瑞电材 | 105.3 |  82.4  | -2.4 |  -5.7   |  -3.7   |
| 电子化学品 | 300236 | 上海新阳 | 98.6  | -181.2 | 1.4  |  -3.0   |  -5.2   |
| 电子化学品 | 688106 | 金宏气体 | 87.8  |  56.5  | 3.9  |  -1.9   |  -2.6   |
| 电子化学品 | 300481 | 濮阳惠成 | 84.9  |  25.3  | 2.0  |   2.8   |   2.6   |
| 电子化学品 | 688268 | 华特气体 | 83.1  |  53.0  | 2.8  |  -1.2   |  -3.9   |
| 电子化学品 | 002741 | 光华科技 | 79.4  |  56.2  | -0.1 |  -1.4   |  -2.9   |
| 电子化学品 | 688550 | 瑞联新材 | 65.5  |  20.5  | 3.5  |   1.8   |  -1.5   |
| 电子化学品 | 603078 |  江化微  | 61.4  |  46.5  | -4.7 |  -5.2   |  -10.3  |
| 电子化学品 | 300576 | 容大感光 | 53.4  | 129.1  | 0.7  |  -2.3   |  -6.1   |
| 电子化学品 | 002584 | 西陇科学 | 46.9  |  14.0  | -1.2 |  -3.1   |  -7.2   |
| 电子化学品 | 300429 | 强力新材 | 45.6  |  45.7  | 0.7  |  -0.8   |  -3.9   |
| 电子化学品 | 688359 | 三孚新科 | 39.6  | -166.4 | 2.0  |  -1.1   |  -2.8   |
| 电子化学品 | 603931 |  格林达  | 38.5  |  24.4  | 2.0  |  -0.1   |  -2.4   |
| 电子化学品 | 300446 | 乐凯新材 | 23.1  | 364.5  | 0.3  |   0.9   |  -1.9   |
| 电子化学品 | 300537 | 广信材料 | 22.0  | -47.8  | 0.9  |  -2.9   |  -4.0   |
| 电子化学品 | 300637 | 扬帆新材 | 17.6  |  37.8  | 1.1  |   0.9   |  -0.1   |
+------------+--------+----------+-------+--------+------+---------+---------+
 




 [行业>单日涨幅]
+------------+--------+----------+-------+--------+------+---------+---------+
|    行业    |  代码  |   名称   | 市值  |   pe   | 涨幅 | 3日涨幅 | 6日涨幅 |
+------------+--------+----------+-------+--------+------+---------+---------+
| 电子化学品 | 688019 | 安集科技 | 141.7 |  89.5  | 4.0  |  -2.9   |  -4.4   |
| 电子化学品 | 688106 | 金宏气体 | 87.8  |  56.5  | 3.9  |  -1.9   |  -2.6   |
| 电子化学品 | 688550 | 瑞联新材 | 65.5  |  20.5  | 3.5  |   1.8   |  -1.5   |
| 电子化学品 | 688268 | 华特气体 | 83.1  |  53.0  | 2.8  |  -1.2   |  -3.9   |
| 电子化学品 | 688359 | 三孚新科 | 39.6  | -166.4 | 2.0  |  -1.1   |  -2.8   |
| 电子化学品 | 300481 | 濮阳惠成 | 84.9  |  25.3  | 2.0  |   2.8   |   2.6   |
| 电子化学品 | 603931 |  格林达  | 38.5  |  24.4  | 2.0  |  -0.1   |  -2.4   |
| 电子化学品 | 300346 | 南大光电 | 171.1 |  53.0  | 1.9  |  -1.7   |  -9.5   |
| 电子化学品 | 300236 | 上海新阳 | 98.6  | -181.2 | 1.4  |  -3.0   |  -5.2   |
| 电子化学品 | 300637 | 扬帆新材 | 17.6  |  37.8  | 1.1  |   0.9   |  -0.1   |
| 电子化学品 | 300537 | 广信材料 | 22.0  | -47.8  | 0.9  |  -2.9   |  -4.0   |
| 电子化学品 | 002643 | 万润股份 | 172.6 |  18.5  | 0.9  |  -4.0   |  -3.1   |
| 电子化学品 | 300054 | 鼎龙股份 | 197.0 |  69.0  | 0.8  |   0.7   |   1.7   |
| 电子化学品 | 300576 | 容大感光 | 53.4  | 129.1  | 0.7  |  -2.3   |  -6.1   |
| 电子化学品 | 300429 | 强力新材 | 45.6  |  45.7  | 0.7  |  -0.8   |  -3.9   |
| 电子化学品 | 300398 | 飞凯材料 | 109.9 |  19.8  | 0.4  |  -2.3   |  -5.8   |
| 电子化学品 | 300446 | 乐凯新材 | 23.1  | 364.5  | 0.3  |   0.9   |  -1.9   |
| 电子化学品 | 002741 | 光华科技 | 79.4  |  56.2  | -0.1 |  -1.4   |  -2.9   |
| 电子化学品 | 002584 | 西陇科学 | 46.9  |  14.0  | -1.2 |  -3.1   |  -7.2   |
| 电子化学品 | 300655 | 晶瑞电材 | 105.3 |  82.4  | -2.4 |  -5.7   |  -3.7   |
| 电子化学品 | 603078 |  江化微  | 61.4  |  46.5  | -4.7 |  -5.2   |  -10.3  |
+------------+--------+----------+-------+--------+------+---------+---------+
