[行业>市值]
+----------+--------+----------+-------+--------+------+---------+---------+
|   行业   |  代码  |   名称   | 市值  |   pe   | 涨幅 | 3日涨幅 | 6日涨幅 |
+----------+--------+----------+-------+--------+------+---------+---------+
| 电源设备 | 601727 | 上海电气 | 710.4 | 1405.1 | 0.7  |   1.1   |   3.4   |
| 电源设备 | 600875 | 东方电气 | 546.1 |  14.7  | -1.4 |   9.0   |   5.7   |
| 电源设备 | 300376 |  易事特  | 204.4 |  51.8  | 4.8  |   4.8   |  14.8   |
| 电源设备 | 002518 |  科士达  | 184.1 |  84.8  | 5.0  |   2.4   |   2.2   |
| 电源设备 | 002335 | 科华数据 | 169.5 |  43.2  | 10.0 |   4.6   |  10.0   |
| 电源设备 | 300593 |  新雷能  | 151.5 |  43.6  | 2.9  |  -0.4   |  -1.8   |
| 电源设备 | 002851 | 麦格米特 | 150.7 |  51.3  | 3.4  |   1.1   |   7.8   |
| 电源设备 | 002534 | 西子洁能 | 141.3 |  88.0  | 6.2  |   5.0   |   8.2   |
| 电源设备 | 300820 | 英杰电气 | 103.4 |  47.9  | 4.0  |   5.2   |  11.7   |
| 电源设备 | 002665 | 首航高科 | 82.2  | -38.2  | 1.6  |   5.2   |   7.3   |
| 电源设备 | 600475 | 华光环能 | 79.9  |  9.6   | -0.5 |   1.3   |   2.0   |
| 电源设备 | 300693 | 盛弘股份 | 75.0  |  81.7  | 20.0 |  27.7   |  28.7   |
| 电源设备 | 002255 | 海陆重工 | 48.6  |  37.2  | -1.4 |  -4.3   |  -1.4   |
| 电源设备 | 002364 | 中恒电气 | 48.0  | 211.2  | 1.6  |   8.5   |  10.9   |
| 电源设备 | 300870 |  欧陆通  | 47.7  | -40.5  | 12.1 |   4.2   |  10.8   |
| 电源设备 | 002366 | *ST海核  | 42.5  | -34.4  | 3.4  |   6.3   |  21.0   |
| 电源设备 | 002227 |  奥特迅  | 37.2  | -107.6 | 0.7  |   5.3   |   5.0   |
| 电源设备 | 002630 | 华西能源 | 34.8  |  -5.6  | -4.2 |  -2.3   |  -1.0   |
| 电源设备 | 600405 |  动力源  | 34.2  | -44.7  | 2.3  |   4.9   |   8.3   |
| 电源设备 | 300105 | 龙源技术 | 32.5  | -111.0 | -2.0 |   2.5   |   3.5   |
| 电源设备 | 688551 |  科威尔  | 30.9  | 103.4  | 5.2  |   4.5   |   4.3   |
| 电源设备 | 300153 | 科泰电源 | 29.9  | 159.1  | 5.9  |   6.4   |  11.2   |
| 电源设备 | 300491 | 通合科技 | 26.9  | -81.3  | 2.1  |   4.7   |   5.9   |
| 电源设备 | 300713 |  英可瑞  | 24.5  | 367.4  | 2.6  |   5.0   |   3.2   |
| 电源设备 | 600202 |  哈空调  | 21.6  |  91.5  | -2.1 |   0.9   |   8.5   |
+----------+--------+----------+-------+--------+------+---------+---------+
 




 [行业>单日涨幅]
+----------+--------+----------+-------+--------+------+---------+---------+
|   行业   |  代码  |   名称   | 市值  |   pe   | 涨幅 | 3日涨幅 | 6日涨幅 |
+----------+--------+----------+-------+--------+------+---------+---------+
| 电源设备 | 300693 | 盛弘股份 | 75.0  |  81.7  | 20.0 |  27.7   |  28.7   |
| 电源设备 | 300870 |  欧陆通  | 47.7  | -40.5  | 12.1 |   4.2   |  10.8   |
| 电源设备 | 002335 | 科华数据 | 169.5 |  43.2  | 10.0 |   4.6   |  10.0   |
| 电源设备 | 002534 | 西子洁能 | 141.3 |  88.0  | 6.2  |   5.0   |   8.2   |
| 电源设备 | 300153 | 科泰电源 | 29.9  | 159.1  | 5.9  |   6.4   |  11.2   |
| 电源设备 | 688551 |  科威尔  | 30.9  | 103.4  | 5.2  |   4.5   |   4.3   |
| 电源设备 | 002518 |  科士达  | 184.1 |  84.8  | 5.0  |   2.4   |   2.2   |
| 电源设备 | 300376 |  易事特  | 204.4 |  51.8  | 4.8  |   4.8   |  14.8   |
| 电源设备 | 300820 | 英杰电气 | 103.4 |  47.9  | 4.0  |   5.2   |  11.7   |
| 电源设备 | 002851 | 麦格米特 | 150.7 |  51.3  | 3.4  |   1.1   |   7.8   |
| 电源设备 | 002366 | *ST海核  | 42.5  | -34.4  | 3.4  |   6.3   |  21.0   |
| 电源设备 | 300593 |  新雷能  | 151.5 |  43.6  | 2.9  |  -0.4   |  -1.8   |
| 电源设备 | 300713 |  英可瑞  | 24.5  | 367.4  | 2.6  |   5.0   |   3.2   |
| 电源设备 | 600405 |  动力源  | 34.2  | -44.7  | 2.3  |   4.9   |   8.3   |
| 电源设备 | 300491 | 通合科技 | 26.9  | -81.3  | 2.1  |   4.7   |   5.9   |
| 电源设备 | 002665 | 首航高科 | 82.2  | -38.2  | 1.6  |   5.2   |   7.3   |
| 电源设备 | 002364 | 中恒电气 | 48.0  | 211.2  | 1.6  |   8.5   |  10.9   |
| 电源设备 | 002227 |  奥特迅  | 37.2  | -107.6 | 0.7  |   5.3   |   5.0   |
| 电源设备 | 601727 | 上海电气 | 710.4 | 1405.1 | 0.7  |   1.1   |   3.4   |
| 电源设备 | 600475 | 华光环能 | 79.9  |  9.6   | -0.5 |   1.3   |   2.0   |
| 电源设备 | 600875 | 东方电气 | 546.1 |  14.7  | -1.4 |   9.0   |   5.7   |
| 电源设备 | 002255 | 海陆重工 | 48.6  |  37.2  | -1.4 |  -4.3   |  -1.4   |
| 电源设备 | 300105 | 龙源技术 | 32.5  | -111.0 | -2.0 |   2.5   |   3.5   |
| 电源设备 | 600202 |  哈空调  | 21.6  |  91.5  | -2.1 |   0.9   |   8.5   |
| 电源设备 | 002630 | 华西能源 | 34.8  |  -5.6  | -4.2 |  -2.3   |  -1.0   |
+----------+--------+----------+-------+--------+------+---------+---------+
