[行业>市值]
+----------+--------+----------+-------+--------+------+---------+---------+
|   行业   |  代码  |   名称   | 市值  |   pe   | 涨幅 | 3日涨幅 | 6日涨幅 |
+----------+--------+----------+-------+--------+------+---------+---------+
| 综合行业 | 000009 | 中国宝安 | 322.7 |  48.9  | -0.6 |  -0.6   |  -6.4   |
| 综合行业 | 600673 |  东阳光  | 300.2 |  26.1  | 6.1  |   6.4   |   5.6   |
| 综合行业 | 000958 | 电投产融 | 271.3 |  22.3  | 1.8  |   3.7   |  10.0   |
| 综合行业 | 600770 | 综艺股份 | 105.6 | -18.0  | -2.4 |  -3.5   |  -6.9   |
| 综合行业 | 000158 | 常山北明 | 92.9  | -26.9  | 1.0  |   0.2   |  -1.7   |
| 综合行业 | 000839 |  ST国安  | 82.7  | -14.1  | -0.5 |   1.0   |   0.5   |
| 综合行业 | 000652 | 泰达股份 | 67.0  | 431.8  | 9.9  |  14.4   |  14.4   |
| 综合行业 | 000861 | 海印股份 | 66.3  |  16.3  | 0.8  |  -1.5   |  -0.8   |
| 综合行业 | 002758 | 浙农股份 | 65.2  |  11.7  | 0.9  |   1.9   |   1.5   |
| 综合行业 | 600784 | 鲁银投资 | 54.8  |  23.5  | 10.0 |   6.4   |  14.6   |
| 综合行业 | 000833 | 粤桂股份 | 54.1  |  38.0  | -2.3 |  -8.3   |  -17.3  |
| 综合行业 | 000803 | 北清环能 | 50.7  |  31.4  | 0.2  |   0.8   |  -5.7   |
| 综合行业 | 600624 | 复旦复华 | 48.1  | 208.7  | 1.0  |  -2.4   |   4.6   |
| 综合行业 | 000576 | 甘化科工 | 45.7  |  45.3  | 0.6  |  -2.4   |   3.5   |
| 综合行业 | 600805 | 悦达投资 | 44.8  |  13.4  | 1.4  |   1.7   |  10.2   |
| 综合行业 | 000909 | 数源科技 | 40.6  | 208.4  | -2.7 |   0.1   |   0.7   |
| 综合行业 | 000532 | 华金资本 | 39.8  |  71.0  | 1.9  |   1.1   |   2.5   |
| 综合行业 | 600568 |  ST中珠  | 31.1  | -189.2 | -1.3 |  -0.6   |   0.0   |
| 综合行业 | 600113 | 浙江东日 | 28.5  |  15.6  | -3.8 |   0.6   |  -2.0   |
| 综合行业 | 000409 | 云鼎科技 | 27.5  | 264.4  | -0.6 |  -0.7   |   2.9   |
| 综合行业 | 002591 | 恒大高新 | 22.5  | -206.2 | 10.0 |  33.0   |  51.5   |
| 综合行业 | 000632 | 三木集团 | 21.7  |  85.9  | -0.6 |  -5.3   |  -0.6   |
| 综合行业 | 600051 | 宁波联合 | 21.1  | -94.8  | -0.6 |   1.8   |   2.7   |
+----------+--------+----------+-------+--------+------+---------+---------+
 




 [行业>单日涨幅]
+----------+--------+----------+-------+--------+------+---------+---------+
|   行业   |  代码  |   名称   | 市值  |   pe   | 涨幅 | 3日涨幅 | 6日涨幅 |
+----------+--------+----------+-------+--------+------+---------+---------+
| 综合行业 | 600784 | 鲁银投资 | 54.8  |  23.5  | 10.0 |   6.4   |  14.6   |
| 综合行业 | 002591 | 恒大高新 | 22.5  | -206.2 | 10.0 |  33.0   |  51.5   |
| 综合行业 | 000652 | 泰达股份 | 67.0  | 431.8  | 9.9  |  14.4   |  14.4   |
| 综合行业 | 600673 |  东阳光  | 300.2 |  26.1  | 6.1  |   6.4   |   5.6   |
| 综合行业 | 000532 | 华金资本 | 39.8  |  71.0  | 1.9  |   1.1   |   2.5   |
| 综合行业 | 000958 | 电投产融 | 271.3 |  22.3  | 1.8  |   3.7   |  10.0   |
| 综合行业 | 600805 | 悦达投资 | 44.8  |  13.4  | 1.4  |   1.7   |  10.2   |
| 综合行业 | 000158 | 常山北明 | 92.9  | -26.9  | 1.0  |   0.2   |  -1.7   |
| 综合行业 | 600624 | 复旦复华 | 48.1  | 208.7  | 1.0  |  -2.4   |   4.6   |
| 综合行业 | 002758 | 浙农股份 | 65.2  |  11.7  | 0.9  |   1.9   |   1.5   |
| 综合行业 | 000861 | 海印股份 | 66.3  |  16.3  | 0.8  |  -1.5   |  -0.8   |
| 综合行业 | 000576 | 甘化科工 | 45.7  |  45.3  | 0.6  |  -2.4   |   3.5   |
| 综合行业 | 000803 | 北清环能 | 50.7  |  31.4  | 0.2  |   0.8   |  -5.7   |
| 综合行业 | 000839 |  ST国安  | 82.7  | -14.1  | -0.5 |   1.0   |   0.5   |
| 综合行业 | 000409 | 云鼎科技 | 27.5  | 264.4  | -0.6 |  -0.7   |   2.9   |
| 综合行业 | 000009 | 中国宝安 | 322.7 |  48.9  | -0.6 |  -0.6   |  -6.4   |
| 综合行业 | 600051 | 宁波联合 | 21.1  | -94.8  | -0.6 |   1.8   |   2.7   |
| 综合行业 | 000632 | 三木集团 | 21.7  |  85.9  | -0.6 |  -5.3   |  -0.6   |
| 综合行业 | 600568 |  ST中珠  | 31.1  | -189.2 | -1.3 |  -0.6   |   0.0   |
| 综合行业 | 000833 | 粤桂股份 | 54.1  |  38.0  | -2.3 |  -8.3   |  -17.3  |
| 综合行业 | 600770 | 综艺股份 | 105.6 | -18.0  | -2.4 |  -3.5   |  -6.9   |
| 综合行业 | 000909 | 数源科技 | 40.6  | 208.4  | -2.7 |   0.1   |   0.7   |
| 综合行业 | 600113 | 浙江东日 | 28.5  |  15.6  | -3.8 |   0.6   |  -2.0   |
+----------+--------+----------+-------+--------+------+---------+---------+
