[行业>市值]
+----------+--------+----------+--------+----------+------+---------+---------+
|   行业   |  代码  |   名称   |  市值  |    pe    | 涨幅 | 3日涨幅 | 6日涨幅 |
+----------+--------+----------+--------+----------+------+---------+---------+
| 美容护理 | 300896 |  爱美客  | 1243.0 |  111.0   | 1.1  |   2.4   |  -0.2   |
| 美容护理 | 300957 |  贝泰妮  | 853.5  |  146.2   | 0.6  |  -0.2   |  -4.0   |
| 美容护理 | 688363 | 华熙生物 | 659.1  |   82.5   | 0.5  |   4.7   |   1.5   |
| 美容护理 | 603605 |  珀莱雅  | 445.1  |   70.2   | 2.2  |   1.9   |  -1.0   |
| 美容护理 | 300888 | 稳健医疗 | 318.4  |   22.3   | 2.6  |   2.0   |   3.5   |
| 美容护理 | 600315 | 上海家化 | 235.2  |   29.5   | 0.5  |  -1.4   |  -5.0   |
| 美容护理 | 002511 | 中顺洁柔 | 152.2  |   28.5   | 0.1  |  -3.0   |  -5.5   |
| 美容护理 | 002243 | 力合科创 | 109.2  |   78.4   | -0.6 |  -1.1   |  -1.6   |
| 美容护理 | 603983 | 丸美股份 |  97.5  |   37.2   | 0.4  |  -2.2   |  -4.0   |
| 美容护理 | 300856 | 科思股份 |  67.5  |   29.1   | 0.2  |  -6.9   |  -5.4   |
| 美容护理 | 000523 | 广州浪奇 |  57.2  |  -111.4  | -3.5 |  -3.0   |  -4.0   |
| 美容护理 | 605009 | 豪悦护理 |  57.0  |   26.0   | -0.5 |  -1.5   |  -3.5   |
| 美容护理 | 000615 | 奥园美谷 |  52.5  |  -33.8   | -1.6 |  -3.9   |  -4.5   |
| 美容护理 | 300740 | 水羊股份 |  50.8  |   30.5   | 0.5  |  -3.0   |  -5.5   |
| 美容护理 | 003006 | 百亚股份 |  47.5  |   21.4   | -0.5 |  -2.6   |  -7.3   |
| 美容护理 | 300132 | 青松股份 |  34.7  |  -14.2   | 2.4  |   2.6   |  -1.5   |
| 美容护理 | 301009 | 可靠股份 |  31.9  |  406.9   | 0.8  |  -0.7   |  -1.5   |
| 美容护理 | 603630 | 拉芳家化 |  30.7  |  -300.1  | 0.0  |  -1.4   |  -1.2   |
| 美容护理 | 001206 | 依依股份 |  30.0  |   41.0   | 0.0  |  -0.4   |  -3.2   |
| 美容护理 | 002919 | 名臣健康 |  29.6  |  451.2   | -1.0 |  -3.7   |  -4.5   |
| 美容护理 | 600249 |  两面针  |  27.1  |  -22.9   | -2.0 |  -2.4   |  -2.6   |
| 美容护理 | 002094 | 青岛金王 |  26.7  |   50.6   | 3.2  |   3.8   |   8.1   |
| 美容护理 | 300955 | 嘉亨家化 |  23.2  |   34.6   | 1.2  |  -3.1   |  -6.0   |
| 美容护理 | 300886 | 华业香料 |  23.1  |   83.2   | 0.0  |   0.0   |   0.0   |
| 美容护理 | 300658 | 延江股份 |  20.8  |   77.7   | -0.8 |  -1.7   |  -3.1   |
| 美容护理 | 603238 | 诺邦股份 |  18.7  |   61.4   | 0.9  |   0.2   |  -0.6   |
| 美容护理 | 603059 |  倍加洁  |  18.6  | -12331.7 | 2.8  |   3.2   |   3.0   |
| 美容护理 | 300849 | 锦盛新材 |  18.2  |  205.3   | -0.2 |  -0.2   |   0.2   |
+----------+--------+----------+--------+----------+------+---------+---------+
 




 [行业>单日涨幅]
+----------+--------+----------+--------+----------+------+---------+---------+
|   行业   |  代码  |   名称   |  市值  |    pe    | 涨幅 | 3日涨幅 | 6日涨幅 |
+----------+--------+----------+--------+----------+------+---------+---------+
| 美容护理 | 002094 | 青岛金王 |  26.7  |   50.6   | 3.2  |   3.8   |   8.1   |
| 美容护理 | 603059 |  倍加洁  |  18.6  | -12331.7 | 2.8  |   3.2   |   3.0   |
| 美容护理 | 300888 | 稳健医疗 | 318.4  |   22.3   | 2.6  |   2.0   |   3.5   |
| 美容护理 | 300132 | 青松股份 |  34.7  |  -14.2   | 2.4  |   2.6   |  -1.5   |
| 美容护理 | 603605 |  珀莱雅  | 445.1  |   70.2   | 2.2  |   1.9   |  -1.0   |
| 美容护理 | 300955 | 嘉亨家化 |  23.2  |   34.6   | 1.2  |  -3.1   |  -6.0   |
| 美容护理 | 300896 |  爱美客  | 1243.0 |  111.0   | 1.1  |   2.4   |  -0.2   |
| 美容护理 | 603238 | 诺邦股份 |  18.7  |   61.4   | 0.9  |   0.2   |  -0.6   |
| 美容护理 | 301009 | 可靠股份 |  31.9  |  406.9   | 0.8  |  -0.7   |  -1.5   |
| 美容护理 | 300957 |  贝泰妮  | 853.5  |  146.2   | 0.6  |  -0.2   |  -4.0   |
| 美容护理 | 688363 | 华熙生物 | 659.1  |   82.5   | 0.5  |   4.7   |   1.5   |
| 美容护理 | 300740 | 水羊股份 |  50.8  |   30.5   | 0.5  |  -3.0   |  -5.5   |
| 美容护理 | 600315 | 上海家化 | 235.2  |   29.5   | 0.5  |  -1.4   |  -5.0   |
| 美容护理 | 603983 | 丸美股份 |  97.5  |   37.2   | 0.4  |  -2.2   |  -4.0   |
| 美容护理 | 300856 | 科思股份 |  67.5  |   29.1   | 0.2  |  -6.9   |  -5.4   |
| 美容护理 | 002511 | 中顺洁柔 | 152.2  |   28.5   | 0.1  |  -3.0   |  -5.5   |
| 美容护理 | 001206 | 依依股份 |  30.0  |   41.0   | 0.0  |  -0.4   |  -3.2   |
| 美容护理 | 603630 | 拉芳家化 |  30.7  |  -300.1  | 0.0  |  -1.4   |  -1.2   |
| 美容护理 | 300886 | 华业香料 |  23.1  |   83.2   | 0.0  |   0.0   |   0.0   |
| 美容护理 | 300849 | 锦盛新材 |  18.2  |  205.3   | -0.2 |  -0.2   |   0.2   |
| 美容护理 | 605009 | 豪悦护理 |  57.0  |   26.0   | -0.5 |  -1.5   |  -3.5   |
| 美容护理 | 003006 | 百亚股份 |  47.5  |   21.4   | -0.5 |  -2.6   |  -7.3   |
| 美容护理 | 002243 | 力合科创 | 109.2  |   78.4   | -0.6 |  -1.1   |  -1.6   |
| 美容护理 | 300658 | 延江股份 |  20.8  |   77.7   | -0.8 |  -1.7   |  -3.1   |
| 美容护理 | 002919 | 名臣健康 |  29.6  |  451.2   | -1.0 |  -3.7   |  -4.5   |
| 美容护理 | 000615 | 奥园美谷 |  52.5  |  -33.8   | -1.6 |  -3.9   |  -4.5   |
| 美容护理 | 600249 |  两面针  |  27.1  |  -22.9   | -2.0 |  -2.4   |  -2.6   |
| 美容护理 | 000523 | 广州浪奇 |  57.2  |  -111.4  | -3.5 |  -3.0   |  -4.0   |
+----------+--------+----------+--------+----------+------+---------+---------+
