[行业>市值]
+----------+--------+----------+-------+--------+-------+---------+---------+
|   行业   |  代码  |   名称   | 市值  |   pe   | 涨幅  | 3日涨幅 | 6日涨幅 |
+----------+--------+----------+-------+--------+-------+---------+---------+
| 铁路公路 | 001965 | 招商公路 | 475.1 |  10.9  | -1.7  |   2.3   |   3.0   |
| 铁路公路 | 600377 | 宁沪高速 | 415.6 |  13.1  | -2.0  |   0.2   |  -1.1   |
| 铁路公路 | 600350 | 山东高速 | 255.5 |  8.9   | -7.0  |   1.9   |   1.3   |
| 铁路公路 | 600548 |  深高速  | 207.4 |  12.6  | -3.9  |   0.5   |   1.2   |
| 铁路公路 | 000429 | 粤高速Ａ  | 157.6 |  9.2   | -4.6  |   2.2   |  -2.2   |
| 铁路公路 | 600662 | 外服控股 | 140.0 |  20.2  | -7.1  |  -2.4   |  -4.1   |
| 铁路公路 | 603032 | 德新交运 | 135.9 |  65.5  |  6.5  |  11.2   |   4.9   |
| 铁路公路 | 601107 | 四川成渝 | 123.9 |  12.3  | -4.3  |   2.8   |   3.0   |
| 铁路公路 | 600012 | 皖通高速 | 123.2 |  7.6   | -3.3  |   0.8   |   1.5   |
| 铁路公路 | 000755 | 山西路桥 | 116.5 |  30.3  | 10.0  |  33.2   |  77.2   |
| 铁路公路 | 000828 | 东莞控股 | 107.0 |  15.7  | -1.1  |   2.6   |   3.5   |
| 铁路公路 | 603069 | 海汽集团 | 93.1  | -142.8 | -3.7  |   1.8   |  -8.2   |
| 铁路公路 | 600269 | 赣粤高速 | 84.8  |  6.4   | -6.2  |   4.0   |   4.9   |
| 铁路公路 | 600033 | 福建高速 | 84.2  |  9.4   | -7.8  |  11.6   |  12.9   |
| 铁路公路 | 600620 | 天宸股份 | 77.7  | -80.1  |  1.6  |   6.4   |   9.8   |
| 铁路公路 | 600611 | 大众交通 | 75.4  |  -7.2  | -2.5  |   0.9   |   1.3   |
| 铁路公路 | 600020 | 中原高速 | 73.7  |  13.1  | -4.7  |   6.5   |   7.2   |
| 铁路公路 | 000900 | 现代投资 | 65.7  |  10.2  | -0.7  |   5.1   |   7.4   |
| 铁路公路 | 600650 | 锦江在线 | 65.0  |  2.9   | -2.6  |  -0.5   |  -1.0   |
| 铁路公路 | 000885 | 城发环境 | 63.5  |  7.1   | -5.5  |   6.9   |   8.2   |
| 铁路公路 | 600106 | 重庆路桥 | 56.9  |  94.2  | -3.2  |  -2.7   |   2.1   |
| 铁路公路 | 600035 | 楚天高速 | 56.0  |  5.7   | -7.5  |   8.1   |   9.1   |
| 铁路公路 | 600834 | 申通地铁 | 45.3  |  62.2  | -2.0  |   0.2   |  -2.9   |
| 铁路公路 | 600368 | 五洲交通 | 44.8  |  6.2   | -5.0  |   5.8   |   6.4   |
| 铁路公路 | 601188 | 龙江交通 | 42.2  |  17.9  | -4.5  |   1.3   |   2.9   |
| 铁路公路 | 601518 | 吉林高速 | 40.2  |  11.8  | -6.3  |  13.3   |  15.5   |
| 铁路公路 | 002627 | 三峡旅游 | 40.0  |  70.2  | -1.3  |  -0.7   |  -1.3   |
| 铁路公路 | 000548 | 湖南投资 | 25.9  |  78.8  | -6.7  |  13.1   |  19.6   |
| 铁路公路 | 002357 | 富临运业 | 18.4  |  10.0  | -1.7  |   4.1   |   6.3   |
| 铁路公路 | 600561 | 江西长运 | 16.4  | -25.4  | -10.0 |   8.9   |  10.8   |
+----------+--------+----------+-------+--------+-------+---------+---------+
 




 [行业>单日涨幅]
+----------+--------+----------+-------+--------+-------+---------+---------+
|   行业   |  代码  |   名称   | 市值  |   pe   | 涨幅  | 3日涨幅 | 6日涨幅 |
+----------+--------+----------+-------+--------+-------+---------+---------+
| 铁路公路 | 000755 | 山西路桥 | 116.5 |  30.3  | 10.0  |  33.2   |  77.2   |
| 铁路公路 | 603032 | 德新交运 | 135.9 |  65.5  |  6.5  |  11.2   |   4.9   |
| 铁路公路 | 600620 | 天宸股份 | 77.7  | -80.1  |  1.6  |   6.4   |   9.8   |
| 铁路公路 | 000900 | 现代投资 | 65.7  |  10.2  | -0.7  |   5.1   |   7.4   |
| 铁路公路 | 000828 | 东莞控股 | 107.0 |  15.7  | -1.1  |   2.6   |   3.5   |
| 铁路公路 | 002627 | 三峡旅游 | 40.0  |  70.2  | -1.3  |  -0.7   |  -1.3   |
| 铁路公路 | 001965 | 招商公路 | 475.1 |  10.9  | -1.7  |   2.3   |   3.0   |
| 铁路公路 | 002357 | 富临运业 | 18.4  |  10.0  | -1.7  |   4.1   |   6.3   |
| 铁路公路 | 600834 | 申通地铁 | 45.3  |  62.2  | -2.0  |   0.2   |  -2.9   |
| 铁路公路 | 600377 | 宁沪高速 | 415.6 |  13.1  | -2.0  |   0.2   |  -1.1   |
| 铁路公路 | 600611 | 大众交通 | 75.4  |  -7.2  | -2.5  |   0.9   |   1.3   |
| 铁路公路 | 600650 | 锦江在线 | 65.0  |  2.9   | -2.6  |  -0.5   |  -1.0   |
| 铁路公路 | 600106 | 重庆路桥 | 56.9  |  94.2  | -3.2  |  -2.7   |   2.1   |
| 铁路公路 | 600012 | 皖通高速 | 123.2 |  7.6   | -3.3  |   0.8   |   1.5   |
| 铁路公路 | 603069 | 海汽集团 | 93.1  | -142.8 | -3.7  |   1.8   |  -8.2   |
| 铁路公路 | 600548 |  深高速  | 207.4 |  12.6  | -3.9  |   0.5   |   1.2   |
| 铁路公路 | 601107 | 四川成渝 | 123.9 |  12.3  | -4.3  |   2.8   |   3.0   |
| 铁路公路 | 601188 | 龙江交通 | 42.2  |  17.9  | -4.5  |   1.3   |   2.9   |
| 铁路公路 | 000429 | 粤高速Ａ  | 157.6 |  9.2   | -4.6  |   2.2   |  -2.2   |
| 铁路公路 | 600020 | 中原高速 | 73.7  |  13.1  | -4.7  |   6.5   |   7.2   |
| 铁路公路 | 600368 | 五洲交通 | 44.8  |  6.2   | -5.0  |   5.8   |   6.4   |
| 铁路公路 | 000885 | 城发环境 | 63.5  |  7.1   | -5.5  |   6.9   |   8.2   |
| 铁路公路 | 600269 | 赣粤高速 | 84.8  |  6.4   | -6.2  |   4.0   |   4.9   |
| 铁路公路 | 601518 | 吉林高速 | 40.2  |  11.8  | -6.3  |  13.3   |  15.5   |
| 铁路公路 | 000548 | 湖南投资 | 25.9  |  78.8  | -6.7  |  13.1   |  19.6   |
| 铁路公路 | 600350 | 山东高速 | 255.5 |  8.9   | -7.0  |   1.9   |   1.3   |
| 铁路公路 | 600662 | 外服控股 | 140.0 |  20.2  | -7.1  |  -2.4   |  -4.1   |
| 铁路公路 | 600035 | 楚天高速 | 56.0  |  5.7   | -7.5  |   8.1   |   9.1   |
| 铁路公路 | 600033 | 福建高速 | 84.2  |  9.4   | -7.8  |  11.6   |  12.9   |
| 铁路公路 | 600561 | 江西长运 | 16.4  | -25.4  | -10.0 |   8.9   |  10.8   |
+----------+--------+----------+-------+--------+-------+---------+---------+
