[行业>市值]
+------------+--------+----------+--------+-------+------+---------+---------+
|    行业    |  代码  |   名称   |  市值  |  pe   | 涨幅 | 3日涨幅 | 6日涨幅 |
+------------+--------+----------+--------+-------+------+---------+---------+
| 非金属材料 | 603260 | 合盛硅业 | 1138.0 | 13.9  | 2.2  |   1.7   |  -8.1   |
| 非金属材料 | 603688 | 石英股份 | 505.5  | 144.7 | 3.5  |  -4.6   |  -5.6   |
| 非金属材料 | 300861 | 美畅股份 | 372.8  | 32.7  | 5.4  |   1.1   |  -2.8   |
| 非金属材料 | 600516 | 方大炭素 | 278.2  | 206.3 | 0.4  |  -0.5   |  -2.5   |
| 非金属材料 | 688281 | 华秦科技 | 277.2  | 116.9 | 1.2  |  -4.5   |  -3.0   |
| 非金属材料 | 603826 | 坤彩科技 | 268.4  | 251.4 | 1.4  |  -1.3   |  -2.4   |
| 非金属材料 | 300395 |  菲利华  | 243.3  | 67.3  | 3.9  |  -2.0   |  -0.2   |
| 非金属材料 | 603612 | 索通发展 | 206.2  | 32.6  | 10.0 |   2.8   |  21.2   |
| 非金属材料 | 300035 | 中科电气 | 196.8  | 38.2  | 4.1  |   4.5   |   5.1   |
| 非金属材料 | 301071 | 力量钻石 | 195.3  | 48.3  | 2.6  |  -0.5   |   0.7   |
| 非金属材料 | 688733 |  壹石通  | 146.1  | 83.8  | -0.1 |  -2.3   |  -3.6   |
| 非金属材料 | 300409 | 道氏技术 | 141.9  | 20.7  | 3.5  |   2.1   |  -4.1   |
| 非金属材料 | 600330 | 天通股份 | 125.6  | 28.6  | 2.5  |   3.9   |  -3.1   |
| 非金属材料 | 600172 | 黄河旋风 | 120.4  | 104.8 | 1.0  |   0.4   |  -5.1   |
| 非金属材料 | 600783 | 鲁信创投 |  97.2  | 49.5  | -0.6 |  -1.1   |   0.5   |
| 非金属材料 | 688119 | 中钢洛耐 |  90.9  | 58.4  | 2.9  |  -0.5   |  -1.7   |
| 非金属材料 | 002130 | 沃尔核材 |  79.8  | 18.7  | 3.1  |   0.8   |  -2.3   |
| 非金属材料 | 688357 | 建龙微纳 |  58.1  | 33.1  | 3.1  |  -2.4   |  -5.7   |
| 非金属材料 | 688300 | 联瑞新材 |  57.3  | 33.6  | 2.6  |  -1.6   |  -6.9   |
| 非金属材料 | 001296 | 长江材料 |  24.9  | 43.5  | 0.8  |   1.4   |  -2.1   |
| 非金属材料 | 300743 | 天地数码 |  16.7  | 56.5  | 3.0  |   3.7   |   7.0   |
+------------+--------+----------+--------+-------+------+---------+---------+
 




 [行业>单日涨幅]
+------------+--------+----------+--------+-------+------+---------+---------+
|    行业    |  代码  |   名称   |  市值  |  pe   | 涨幅 | 3日涨幅 | 6日涨幅 |
+------------+--------+----------+--------+-------+------+---------+---------+
| 非金属材料 | 603612 | 索通发展 | 206.2  | 32.6  | 10.0 |   2.8   |  21.2   |
| 非金属材料 | 300861 | 美畅股份 | 372.8  | 32.7  | 5.4  |   1.1   |  -2.8   |
| 非金属材料 | 300035 | 中科电气 | 196.8  | 38.2  | 4.1  |   4.5   |   5.1   |
| 非金属材料 | 300395 |  菲利华  | 243.3  | 67.3  | 3.9  |  -2.0   |  -0.2   |
| 非金属材料 | 300409 | 道氏技术 | 141.9  | 20.7  | 3.5  |   2.1   |  -4.1   |
| 非金属材料 | 603688 | 石英股份 | 505.5  | 144.7 | 3.5  |  -4.6   |  -5.6   |
| 非金属材料 | 002130 | 沃尔核材 |  79.8  | 18.7  | 3.1  |   0.8   |  -2.3   |
| 非金属材料 | 688357 | 建龙微纳 |  58.1  | 33.1  | 3.1  |  -2.4   |  -5.7   |
| 非金属材料 | 300743 | 天地数码 |  16.7  | 56.5  | 3.0  |   3.7   |   7.0   |
| 非金属材料 | 688119 | 中钢洛耐 |  90.9  | 58.4  | 2.9  |  -0.5   |  -1.7   |
| 非金属材料 | 301071 | 力量钻石 | 195.3  | 48.3  | 2.6  |  -0.5   |   0.7   |
| 非金属材料 | 688300 | 联瑞新材 |  57.3  | 33.6  | 2.6  |  -1.6   |  -6.9   |
| 非金属材料 | 600330 | 天通股份 | 125.6  | 28.6  | 2.5  |   3.9   |  -3.1   |
| 非金属材料 | 603260 | 合盛硅业 | 1138.0 | 13.9  | 2.2  |   1.7   |  -8.1   |
| 非金属材料 | 603826 | 坤彩科技 | 268.4  | 251.4 | 1.4  |  -1.3   |  -2.4   |
| 非金属材料 | 688281 | 华秦科技 | 277.2  | 116.9 | 1.2  |  -4.5   |  -3.0   |
| 非金属材料 | 600172 | 黄河旋风 | 120.4  | 104.8 | 1.0  |   0.4   |  -5.1   |
| 非金属材料 | 001296 | 长江材料 |  24.9  | 43.5  | 0.8  |   1.4   |  -2.1   |
| 非金属材料 | 600516 | 方大炭素 | 278.2  | 206.3 | 0.4  |  -0.5   |  -2.5   |
| 非金属材料 | 688733 |  壹石通  | 146.1  | 83.8  | -0.1 |  -2.3   |  -3.6   |
| 非金属材料 | 600783 | 鲁信创投 |  97.2  | 49.5  | -0.6 |  -1.1   |   0.5   |
+------------+--------+----------+--------+-------+------+---------+---------+
