[行业>市值]
+----------+--------+----------+-------+-------+------+---------+---------+
|   行业   |  代码  |   名称   | 市值  |  pe   | 涨幅 | 3日涨幅 | 6日涨幅 |
+----------+--------+----------+-------+-------+------+---------+---------+
| 专业服务 | 300012 | 华测检测 | 374.1 | 78.0  | 1.5  |   0.6   |  -4.1   |
| 专业服务 | 003035 | 南网能源 | 260.6 | 72.8  | 4.1  |   5.2   |   8.3   |
| 专业服务 | 301080 | 百普赛斯 | 144.0 | 67.3  | 6.2  |   5.6   |   7.9   |
| 专业服务 | 688133 | 泰坦科技 | 137.1 | 176.3 | 0.7  |  -1.5   |   1.5   |
| 专业服务 | 300887 | 谱尼测试 | 123.1 | 558.5 | -1.2 |  -1.5   |   0.4   |
| 专业服务 | 002967 | 广电计量 | 115.0 | -36.2 | 10.0 |   7.2   |   5.5   |
| 专业服务 | 603060 | 国检集团 | 91.4  | -81.5 | 6.4  |   6.8   |   4.7   |
| 专业服务 | 300416 | 苏试试验 | 88.5  | 76.7  | -0.9 |   0.7   |  -2.6   |
| 专业服务 | 688179 |  阿拉丁  | 70.6  | 56.9  | 0.1  |  -2.9   |  -2.5   |
| 专业服务 | 603698 | 航天工程 | 68.5  | 93.6  | -0.2 |   0.0   |  -1.0   |
| 专业服务 | 300384 | 三联虹普 | 58.0  | 24.5  | 0.8  |  -0.5   |  -2.1   |
| 专业服务 | 301166 |  优宁维  | 52.8  | 60.8  | 5.8  |   4.5   |   3.6   |
| 专业服务 | 300215 |  电科院  | 52.0  | 89.0  | -1.3 |   0.1   |  -0.3   |
| 专业服务 | 002878 | 元隆雅图 | 42.4  | 11.5  | 0.5  |  -1.3   |  -1.6   |
| 专业服务 | 002564 | 天沃科技 | 41.1  | 549.5 | 4.0  |   6.5   |   7.5   |
| 专业服务 | 300962 | 中金辐照 | 39.0  | 32.7  | 1.4  |  -0.4   |  -2.2   |
| 专业服务 | 300938 | 信测标准 | 38.2  | 42.7  | 3.1  |  10.5   |  21.5   |
| 专业服务 | 300572 | 安车检测 | 35.9  | 59.3  | 14.1 |  10.5   |   4.7   |
| 专业服务 | 300797 | 钢研纳克 | 34.9  | 58.7  | 0.2  |   2.4   |   0.6   |
| 专业服务 | 603776 |  永安行  | 32.4  | 65.5  | 0.5  |  -0.3   |  -11.4  |
| 专业服务 | 301257 |  普蕊斯  | 32.1  | 82.2  | 3.6  |   4.2   |   9.2   |
| 专业服务 | 301169 | 零点有数 | 27.7  | -57.6 | -1.6 |  -4.2   |  -2.7   |
| 专业服务 | 301289 | 国缆检测 | 25.1  | 37.4  | -2.3 |  -3.6   |  -4.1   |
| 专业服务 | 301228 | 实朴检测 | 24.7  | -42.7 | 1.9  |   1.4   |  -0.5   |
| 专业服务 | 603183 |  建研院  | 24.6  | -60.5 | 0.8  |  -1.0   |  -3.3   |
| 专业服务 | 003008 | 开普检测 | 20.2  | 37.5  | 2.1  |   3.6   |   2.4   |
| 专业服务 | 301306 | 西测测试 |  0.0  |  0.0  | 0.0  |   0.0   |   0.0   |
+----------+--------+----------+-------+-------+------+---------+---------+
 




 [行业>单日涨幅]
+----------+--------+----------+-------+-------+------+---------+---------+
|   行业   |  代码  |   名称   | 市值  |  pe   | 涨幅 | 3日涨幅 | 6日涨幅 |
+----------+--------+----------+-------+-------+------+---------+---------+
| 专业服务 | 300572 | 安车检测 | 35.9  | 59.3  | 14.1 |  10.5   |   4.7   |
| 专业服务 | 002967 | 广电计量 | 115.0 | -36.2 | 10.0 |   7.2   |   5.5   |
| 专业服务 | 603060 | 国检集团 | 91.4  | -81.5 | 6.4  |   6.8   |   4.7   |
| 专业服务 | 301080 | 百普赛斯 | 144.0 | 67.3  | 6.2  |   5.6   |   7.9   |
| 专业服务 | 301166 |  优宁维  | 52.8  | 60.8  | 5.8  |   4.5   |   3.6   |
| 专业服务 | 003035 | 南网能源 | 260.6 | 72.8  | 4.1  |   5.2   |   8.3   |
| 专业服务 | 002564 | 天沃科技 | 41.1  | 549.5 | 4.0  |   6.5   |   7.5   |
| 专业服务 | 301257 |  普蕊斯  | 32.1  | 82.2  | 3.6  |   4.2   |   9.2   |
| 专业服务 | 300938 | 信测标准 | 38.2  | 42.7  | 3.1  |  10.5   |  21.5   |
| 专业服务 | 003008 | 开普检测 | 20.2  | 37.5  | 2.1  |   3.6   |   2.4   |
| 专业服务 | 301228 | 实朴检测 | 24.7  | -42.7 | 1.9  |   1.4   |  -0.5   |
| 专业服务 | 300012 | 华测检测 | 374.1 | 78.0  | 1.5  |   0.6   |  -4.1   |
| 专业服务 | 300962 | 中金辐照 | 39.0  | 32.7  | 1.4  |  -0.4   |  -2.2   |
| 专业服务 | 300384 | 三联虹普 | 58.0  | 24.5  | 0.8  |  -0.5   |  -2.1   |
| 专业服务 | 603183 |  建研院  | 24.6  | -60.5 | 0.8  |  -1.0   |  -3.3   |
| 专业服务 | 688133 | 泰坦科技 | 137.1 | 176.3 | 0.7  |  -1.5   |   1.5   |
| 专业服务 | 002878 | 元隆雅图 | 42.4  | 11.5  | 0.5  |  -1.3   |  -1.6   |
| 专业服务 | 603776 |  永安行  | 32.4  | 65.5  | 0.5  |  -0.3   |  -11.4  |
| 专业服务 | 300797 | 钢研纳克 | 34.9  | 58.7  | 0.2  |   2.4   |   0.6   |
| 专业服务 | 688179 |  阿拉丁  | 70.6  | 56.9  | 0.1  |  -2.9   |  -2.5   |
| 专业服务 | 301306 | 西测测试 |  0.0  |  0.0  | 0.0  |   0.0   |   0.0   |
| 专业服务 | 603698 | 航天工程 | 68.5  | 93.6  | -0.2 |   0.0   |  -1.0   |
| 专业服务 | 300416 | 苏试试验 | 88.5  | 76.7  | -0.9 |   0.7   |  -2.6   |
| 专业服务 | 300887 | 谱尼测试 | 123.1 | 558.5 | -1.2 |  -1.5   |   0.4   |
| 专业服务 | 300215 |  电科院  | 52.0  | 89.0  | -1.3 |   0.1   |  -0.3   |
| 专业服务 | 301169 | 零点有数 | 27.7  | -57.6 | -1.6 |  -4.2   |  -2.7   |
| 专业服务 | 301289 | 国缆检测 | 25.1  | 37.4  | -2.3 |  -3.6   |  -4.1   |
+----------+--------+----------+-------+-------+------+---------+---------+
