[行业>市值]
+------+--------+----------+--------+------+------+---------+---------+
| 行业 |  代码  |   名称   |  市值  |  pe  | 涨幅 | 3日涨幅 | 6日涨幅 |
+------+--------+----------+--------+------+------+---------+---------+
| 保险 | 601628 | 中国人寿 | 8550.0 | 14.1 | 0.3  |  -1.9   |  -2.7   |
| 保险 | 601318 | 中国平安 | 8376.0 | 10.1 | 0.5  |  -1.7   |  -1.9   |
| 保险 | 601601 | 中国太保 | 2201.0 | 10.1 | -0.5 |  -2.1   |  -2.8   |
| 保险 | 601319 | 中国人保 | 2180.0 | 6.2  | -0.4 |  -1.6   |  -2.6   |
| 保险 | 601336 | 新华保险 | 972.4  | 18.1 | -0.7 |  -2.6   |  -3.2   |
| 保险 | 000627 | 天茂集团 | 170.0  | 28.9 | 1.5  |   0.3   |   0.9   |
+------+--------+----------+--------+------+------+---------+---------+
 




 [行业>单日涨幅]
+------+--------+----------+--------+------+------+---------+---------+
| 行业 |  代码  |   名称   |  市值  |  pe  | 涨幅 | 3日涨幅 | 6日涨幅 |
+------+--------+----------+--------+------+------+---------+---------+
| 保险 | 000627 | 天茂集团 | 170.0  | 28.9 | 1.5  |   0.3   |   0.9   |
| 保险 | 601318 | 中国平安 | 8376.0 | 10.1 | 0.5  |  -1.7   |  -1.9   |
| 保险 | 601628 | 中国人寿 | 8550.0 | 14.1 | 0.3  |  -1.9   |  -2.7   |
| 保险 | 601319 | 中国人保 | 2180.0 | 6.2  | -0.4 |  -1.6   |  -2.6   |
| 保险 | 601601 | 中国太保 | 2201.0 | 10.1 | -0.5 |  -2.1   |  -2.8   |
| 保险 | 601336 | 新华保险 | 972.4  | 18.1 | -0.7 |  -2.6   |  -3.2   |
+------+--------+----------+--------+------+------+---------+---------+
