[行业>市值]
+----------+--------+----------+-------+--------+------+---------+---------+
|   行业   |  代码  |   名称   | 市值  |   pe   | 涨幅 | 3日涨幅 | 6日涨幅 |
+----------+--------+----------+-------+--------+------+---------+---------+
| 包装材料 | 002191 | 劲嘉股份 | 140.5 |  11.5  | 0.0  |  -2.0   |  -10.9  |
| 包装材料 | 002701 |  奥瑞金  | 132.0 |  16.0  | 0.0  |  -0.4   |  -1.4   |
| 包装材料 | 600210 | 紫江企业 | 95.7  |  19.7  | -3.4 |  -2.2   |  -1.2   |
| 包装材料 | 601968 | 宝钢包装 | 91.1  |  35.5  | -1.1 |   4.5   |   3.5   |
| 包装材料 | 601515 | 东风股份 | 84.6  |  17.4  | -0.4 |  -1.9   |  -0.4   |
| 包装材料 | 002735 | 王子新材 | 56.7  |  34.8  | 3.4  |  14.8   |  25.4   |
| 包装材料 | 301062 | 上海艾录 | 52.2  |  41.1  | 6.4  |   3.9   |  11.7   |
| 包装材料 | 002303 |  美盈森  | 51.1  |  31.1  | 0.6  |  -1.2   |  -3.2   |
| 包装材料 | 002565 | 顺灏股份 | 49.8  | -430.9 | -1.3 |  -1.3   |  -3.7   |
| 包装材料 | 600836 | 上海易连 | 47.0  | 539.2  | -2.1 |   4.6   |   2.8   |
| 包装材料 | 000659 | 珠海中富 | 46.5  | -59.8  | 6.5  |   9.0   |  16.0   |
| 包装材料 | 002752 | 昇兴股份 | 46.0  |  24.5  | 0.2  |  -2.5   |  -4.7   |
| 包装材料 | 000812 | 陕西金叶 | 42.7  | 164.1  | -1.6 |  -4.3   |  -4.2   |
| 包装材料 | 002228 | 合兴包装 | 42.6  |  20.4  | -0.3 |   0.3   |  -0.9   |
| 包装材料 | 603687 |  大胜达  | 42.2  |  43.2  | -1.2 |  -0.2   |   7.9   |
| 包装材料 | 002014 | 永新股份 | 41.0  |  15.7  | 0.3  |   0.3   |  -0.6   |
| 包装材料 | 002969 | 嘉美包装 | 39.2  | 166.9  | 0.7  |  -1.0   |  -0.2   |
| 包装材料 | 002951 | 金时科技 | 36.9  | 963.0  | -0.1 |   1.7   |  -5.9   |
| 包装材料 | 300501 | 海顺新材 | 28.8  |  28.3  | -1.5 |   0.9   |  -0.5   |
| 包装材料 | 002799 | 环球印务 | 27.6  |  25.1  | -0.8 |  -2.3   |  -2.6   |
| 包装材料 | 002599 | 盛通股份 | 26.2  | -26.4  | -1.6 |   0.6   |  -2.2   |
| 包装材料 | 002846 | 英联股份 | 20.4  | -96.0  | 1.3  |   1.1   |   1.1   |
| 包装材料 | 002787 | 华源控股 | 18.6  | 144.7  | 1.0  |   1.7   |   0.7   |
| 包装材料 | 603022 |  新通联  | 18.0  |  56.2  | 1.1  |  -1.2   |  -1.5   |
| 包装材料 | 003003 | 天元股份 | 15.9  | 1365.3 | 1.1  |   0.5   |  -1.9   |
+----------+--------+----------+-------+--------+------+---------+---------+
 




 [行业>单日涨幅]
+----------+--------+----------+-------+--------+------+---------+---------+
|   行业   |  代码  |   名称   | 市值  |   pe   | 涨幅 | 3日涨幅 | 6日涨幅 |
+----------+--------+----------+-------+--------+------+---------+---------+
| 包装材料 | 000659 | 珠海中富 | 46.5  | -59.8  | 6.5  |   9.0   |  16.0   |
| 包装材料 | 301062 | 上海艾录 | 52.2  |  41.1  | 6.4  |   3.9   |  11.7   |
| 包装材料 | 002735 | 王子新材 | 56.7  |  34.8  | 3.4  |  14.8   |  25.4   |
| 包装材料 | 002846 | 英联股份 | 20.4  | -96.0  | 1.3  |   1.1   |   1.1   |
| 包装材料 | 003003 | 天元股份 | 15.9  | 1365.3 | 1.1  |   0.5   |  -1.9   |
| 包装材料 | 603022 |  新通联  | 18.0  |  56.2  | 1.1  |  -1.2   |  -1.5   |
| 包装材料 | 002787 | 华源控股 | 18.6  | 144.7  | 1.0  |   1.7   |   0.7   |
| 包装材料 | 002969 | 嘉美包装 | 39.2  | 166.9  | 0.7  |  -1.0   |  -0.2   |
| 包装材料 | 002303 |  美盈森  | 51.1  |  31.1  | 0.6  |  -1.2   |  -3.2   |
| 包装材料 | 002014 | 永新股份 | 41.0  |  15.7  | 0.3  |   0.3   |  -0.6   |
| 包装材料 | 002752 | 昇兴股份 | 46.0  |  24.5  | 0.2  |  -2.5   |  -4.7   |
| 包装材料 | 002191 | 劲嘉股份 | 140.5 |  11.5  | 0.0  |  -2.0   |  -10.9  |
| 包装材料 | 002701 |  奥瑞金  | 132.0 |  16.0  | 0.0  |  -0.4   |  -1.4   |
| 包装材料 | 002951 | 金时科技 | 36.9  | 963.0  | -0.1 |   1.7   |  -5.9   |
| 包装材料 | 002228 | 合兴包装 | 42.6  |  20.4  | -0.3 |   0.3   |  -0.9   |
| 包装材料 | 601515 | 东风股份 | 84.6  |  17.4  | -0.4 |  -1.9   |  -0.4   |
| 包装材料 | 002799 | 环球印务 | 27.6  |  25.1  | -0.8 |  -2.3   |  -2.6   |
| 包装材料 | 601968 | 宝钢包装 | 91.1  |  35.5  | -1.1 |   4.5   |   3.5   |
| 包装材料 | 603687 |  大胜达  | 42.2  |  43.2  | -1.2 |  -0.2   |   7.9   |
| 包装材料 | 002565 | 顺灏股份 | 49.8  | -430.9 | -1.3 |  -1.3   |  -3.7   |
| 包装材料 | 300501 | 海顺新材 | 28.8  |  28.3  | -1.5 |   0.9   |  -0.5   |
| 包装材料 | 000812 | 陕西金叶 | 42.7  | 164.1  | -1.6 |  -4.3   |  -4.2   |
| 包装材料 | 002599 | 盛通股份 | 26.2  | -26.4  | -1.6 |   0.6   |  -2.2   |
| 包装材料 | 600836 | 上海易连 | 47.0  | 539.2  | -2.1 |   4.6   |   2.8   |
| 包装材料 | 600210 | 紫江企业 | 95.7  |  19.7  | -3.4 |  -2.2   |  -1.2   |
+----------+--------+----------+-------+--------+------+---------+---------+
