[行业>市值]
+----------+--------+----------+--------+-------+------+---------+---------+
|   行业   |  代码  |   名称   |  市值  |  pe   | 涨幅 | 3日涨幅 | 6日涨幅 |
+----------+--------+----------+--------+-------+------+---------+---------+
| 化纤行业 | 600346 | 恒力石化 | 1497.0 |  8.9  | 0.0  |  -3.1   |  -4.4   |
| 化纤行业 | 002493 | 荣盛石化 | 1474.0 | 11.8  | -1.1 |  -4.4   |  -5.4   |
| 化纤行业 | 000301 | 东方盛虹 | 997.2  | 36.2  | -0.4 |  -1.3   |  -0.8   |
| 化纤行业 | 002064 | 华峰化学 | 404.4  |  7.4  | -2.4 |  -5.2   |  -3.4   |
| 化纤行业 | 601233 | 桐昆股份 | 366.2  |  6.1  | -0.5 |  -4.7   |  -2.3   |
| 化纤行业 | 000703 | 恒逸石化 | 361.5  | 12.3  | 0.1  |  -5.3   |  -4.4   |
| 化纤行业 | 688295 | 中复神鹰 | 347.3  | 73.7  | -2.4 |  -0.3   |   2.9   |
| 化纤行业 | 300777 | 中简科技 | 219.9  | 60.6  | -0.9 |  -2.3   |   3.8   |
| 化纤行业 | 603225 |  新凤鸣  | 169.6  | 14.9  | -0.5 |  -4.1   |  -3.9   |
| 化纤行业 | 600063 | 皖维高新 | 146.9  |  8.8  | -0.7 |  -3.0   |   0.7   |
| 化纤行业 | 002254 | 泰和新材 | 113.3  | 19.4  | 1.0  |  -3.2   |  -1.1   |
| 化纤行业 | 000420 | 吉林化纤 | 106.0  | -54.1 | -4.5 |   2.3   |   2.5   |
| 化纤行业 | 600810 | 神马股份 |  92.9  |  6.3  | -1.3 |  -5.4   |  -1.1   |
| 化纤行业 | 002206 |  海利得  |  73.4  | 15.0  | -0.7 |  -2.0   |  -5.1   |
| 化纤行业 | 000949 | 新乡化纤 |  53.4  | 32.6  | -0.6 |  -2.1   |   0.0   |
| 化纤行业 | 601113 | 华鼎股份 |  47.8  | -15.7 | -0.9 |  -1.4   |  -3.7   |
| 化纤行业 | 000936 | 华西股份 |  47.2  | 61.1  | 0.2  |   0.4   |  -1.5   |
| 化纤行业 | 002427 | *ST尤夫  |  43.1  | -6.1  | 3.0  |   7.0   |  16.3   |
| 化纤行业 | 600527 | 江南高纤 |  40.0  | 62.5  | 1.8  |  -1.3   |   4.5   |
| 化纤行业 | 603332 | 苏州龙杰 |  39.0  | -72.5 | -0.1 |   0.8   |   2.2   |
| 化纤行业 | 688722 |  同益中  |  37.7  | 30.8  | -3.7 |  -4.1   |   0.2   |
| 化纤行业 | 000677 | 恒天海龙 |  27.3  | 44.0  | 2.3  |   1.6   |   3.6   |
| 化纤行业 | 301057 | 汇隆新材 |  27.3  | 54.9  | -4.2 |  -4.2   |   2.5   |
| 化纤行业 | 000782 | 美达股份 |  24.8  | 31.2  | 0.6  |   0.0   |   1.1   |
| 化纤行业 | 002998 | 优彩资源 |  22.5  | 18.9  | 0.1  |  -2.3   |  -3.0   |
| 化纤行业 | 300876 | 蒙泰高新 |  21.5  | 35.4  | 1.2  |   1.1   |   0.0   |
| 化纤行业 | 600889 | 南京化纤 |  17.9  | -14.2 | 0.0  |  -1.0   |   2.3   |
+----------+--------+----------+--------+-------+------+---------+---------+
 




 [行业>单日涨幅]
+----------+--------+----------+--------+-------+------+---------+---------+
|   行业   |  代码  |   名称   |  市值  |  pe   | 涨幅 | 3日涨幅 | 6日涨幅 |
+----------+--------+----------+--------+-------+------+---------+---------+
| 化纤行业 | 002427 | *ST尤夫  |  43.1  | -6.1  | 3.0  |   7.0   |  16.3   |
| 化纤行业 | 000677 | 恒天海龙 |  27.3  | 44.0  | 2.3  |   1.6   |   3.6   |
| 化纤行业 | 600527 | 江南高纤 |  40.0  | 62.5  | 1.8  |  -1.3   |   4.5   |
| 化纤行业 | 300876 | 蒙泰高新 |  21.5  | 35.4  | 1.2  |   1.1   |   0.0   |
| 化纤行业 | 002254 | 泰和新材 | 113.3  | 19.4  | 1.0  |  -3.2   |  -1.1   |
| 化纤行业 | 000782 | 美达股份 |  24.8  | 31.2  | 0.6  |   0.0   |   1.1   |
| 化纤行业 | 000936 | 华西股份 |  47.2  | 61.1  | 0.2  |   0.4   |  -1.5   |
| 化纤行业 | 002998 | 优彩资源 |  22.5  | 18.9  | 0.1  |  -2.3   |  -3.0   |
| 化纤行业 | 000703 | 恒逸石化 | 361.5  | 12.3  | 0.1  |  -5.3   |  -4.4   |
| 化纤行业 | 600346 | 恒力石化 | 1497.0 |  8.9  | 0.0  |  -3.1   |  -4.4   |
| 化纤行业 | 600889 | 南京化纤 |  17.9  | -14.2 | 0.0  |  -1.0   |   2.3   |
| 化纤行业 | 603332 | 苏州龙杰 |  39.0  | -72.5 | -0.1 |   0.8   |   2.2   |
| 化纤行业 | 000301 | 东方盛虹 | 997.2  | 36.2  | -0.4 |  -1.3   |  -0.8   |
| 化纤行业 | 601233 | 桐昆股份 | 366.2  |  6.1  | -0.5 |  -4.7   |  -2.3   |
| 化纤行业 | 603225 |  新凤鸣  | 169.6  | 14.9  | -0.5 |  -4.1   |  -3.9   |
| 化纤行业 | 000949 | 新乡化纤 |  53.4  | 32.6  | -0.6 |  -2.1   |   0.0   |
| 化纤行业 | 600063 | 皖维高新 | 146.9  |  8.8  | -0.7 |  -3.0   |   0.7   |
| 化纤行业 | 002206 |  海利得  |  73.4  | 15.0  | -0.7 |  -2.0   |  -5.1   |
| 化纤行业 | 300777 | 中简科技 | 219.9  | 60.6  | -0.9 |  -2.3   |   3.8   |
| 化纤行业 | 601113 | 华鼎股份 |  47.8  | -15.7 | -0.9 |  -1.4   |  -3.7   |
| 化纤行业 | 002493 | 荣盛石化 | 1474.0 | 11.8  | -1.1 |  -4.4   |  -5.4   |
| 化纤行业 | 600810 | 神马股份 |  92.9  |  6.3  | -1.3 |  -5.4   |  -1.1   |
| 化纤行业 | 002064 | 华峰化学 | 404.4  |  7.4  | -2.4 |  -5.2   |  -3.4   |
| 化纤行业 | 688295 | 中复神鹰 | 347.3  | 73.7  | -2.4 |  -0.3   |   2.9   |
| 化纤行业 | 688722 |  同益中  |  37.7  | 30.8  | -3.7 |  -4.1   |   0.2   |
| 化纤行业 | 301057 | 汇隆新材 |  27.3  | 54.9  | -4.2 |  -4.2   |   2.5   |
| 化纤行业 | 000420 | 吉林化纤 | 106.0  | -54.1 | -4.5 |   2.3   |   2.5   |
+----------+--------+----------+--------+-------+------+---------+---------+
