[行业>市值]
+----------+--------+----------+--------+-------+------+---------+---------+
|   行业   |  代码  |   名称   |  市值  |  pe   | 涨幅 | 3日涨幅 | 6日涨幅 |
+----------+--------+----------+--------+-------+------+---------+---------+
| 化肥行业 | 000792 | 盐湖股份 | 1808.0 | 12.9  | -1.6 |   3.4   |  11.1   |
| 化肥行业 | 000408 | 藏格矿业 | 597.1  | 18.3  | 0.4  |   1.1   |  14.7   |
| 化肥行业 | 600096 |  云天化  | 577.2  |  8.8  | -4.2 |  -12.8  |  -0.1   |
| 化肥行业 | 600141 | 兴发集团 | 472.0  |  6.9  | -4.5 |  -9.7   |  -3.5   |
| 化肥行业 | 002312 | 川发龙蟒 | 286.6  | 26.2  | -2.3 |  -6.9   |  -6.1   |
| 化肥行业 | 000893 | 亚钾国际 | 260.7  | 23.3  | -3.1 |  -6.9   |   0.1   |
| 化肥行业 | 000902 |  新洋丰  | 238.7  | 14.7  | -1.0 |  -5.5   |   8.3   |
| 化肥行业 | 002895 | 川恒股份 | 163.3  | 39.2  | -7.8 |  -16.8  |  -3.6   |
| 化肥行业 | 002539 | 云图控股 | 161.3  |  8.7  | -3.1 |  -10.0  |  -0.1   |
| 化肥行业 | 603938 | 三孚股份 | 133.9  | 22.2  | -3.7 |  -9.5   |  -0.9   |
| 化肥行业 | 002556 | 辉隆股份 | 108.8  | 13.0  | -1.3 |  -3.1   |  -2.6   |
| 化肥行业 | 600691 | 阳煤化工 |  95.3  | 25.7  | -1.0 |  -5.4   |  -0.7   |
| 化肥行业 | 002538 |  司尔特  |  91.7  | 14.8  | -5.0 |  -12.1  |  -1.5   |
| 化肥行业 | 002274 | 华昌化工 |  89.0  |  9.1  | -1.5 |  -7.1   |  -4.1   |
| 化肥行业 | 002588 |  史丹利  |  83.2  | 13.9  | -1.9 |  -5.4   |   5.0   |
| 化肥行业 | 000912 |  泸天化  |  82.0  | 14.6  | -1.1 |  -5.9   |  -0.4   |
| 化肥行业 | 600078 | *ST澄星  |  78.1  | 28.9  | -4.7 |  -4.2   |   5.5   |
| 化肥行业 | 002470 |  ST金正  |  76.2  | -73.1 | -2.5 |  -2.9   |  10.5   |
| 化肥行业 | 300505 |  川金诺  |  69.1  | 28.9  | -2.7 |  -11.8  |  -0.7   |
| 化肥行业 | 002170 | 芭田股份 |  58.9  | 67.8  | -1.8 |  -5.7   |   3.6   |
| 化肥行业 | 000731 | 四川美丰 |  54.1  |  7.6  | -1.0 |  -5.9   |   1.5   |
| 化肥行业 | 600470 | 六国化工 |  42.3  | 15.9  | -4.8 |  -6.1   |   9.6   |
| 化肥行业 | 002999 | 天禾股份 |  24.5  | 43.9  | -0.4 |  -5.6   |  -3.7   |
| 化肥行业 | 300387 | 富邦股份 |  20.4  | 37.8  | -0.3 |  -4.5   |   2.2   |
+----------+--------+----------+--------+-------+------+---------+---------+
 




 [行业>单日涨幅]
+----------+--------+----------+--------+-------+------+---------+---------+
|   行业   |  代码  |   名称   |  市值  |  pe   | 涨幅 | 3日涨幅 | 6日涨幅 |
+----------+--------+----------+--------+-------+------+---------+---------+
| 化肥行业 | 000408 | 藏格矿业 | 597.1  | 18.3  | 0.4  |   1.1   |  14.7   |
| 化肥行业 | 300387 | 富邦股份 |  20.4  | 37.8  | -0.3 |  -4.5   |   2.2   |
| 化肥行业 | 002999 | 天禾股份 |  24.5  | 43.9  | -0.4 |  -5.6   |  -3.7   |
| 化肥行业 | 000731 | 四川美丰 |  54.1  |  7.6  | -1.0 |  -5.9   |   1.5   |
| 化肥行业 | 000902 |  新洋丰  | 238.7  | 14.7  | -1.0 |  -5.5   |   8.3   |
| 化肥行业 | 600691 | 阳煤化工 |  95.3  | 25.7  | -1.0 |  -5.4   |  -0.7   |
| 化肥行业 | 000912 |  泸天化  |  82.0  | 14.6  | -1.1 |  -5.9   |  -0.4   |
| 化肥行业 | 002556 | 辉隆股份 | 108.8  | 13.0  | -1.3 |  -3.1   |  -2.6   |
| 化肥行业 | 002274 | 华昌化工 |  89.0  |  9.1  | -1.5 |  -7.1   |  -4.1   |
| 化肥行业 | 000792 | 盐湖股份 | 1808.0 | 12.9  | -1.6 |   3.4   |  11.1   |
| 化肥行业 | 002170 | 芭田股份 |  58.9  | 67.8  | -1.8 |  -5.7   |   3.6   |
| 化肥行业 | 002588 |  史丹利  |  83.2  | 13.9  | -1.9 |  -5.4   |   5.0   |
| 化肥行业 | 002312 | 川发龙蟒 | 286.6  | 26.2  | -2.3 |  -6.9   |  -6.1   |
| 化肥行业 | 002470 |  ST金正  |  76.2  | -73.1 | -2.5 |  -2.9   |  10.5   |
| 化肥行业 | 300505 |  川金诺  |  69.1  | 28.9  | -2.7 |  -11.8  |  -0.7   |
| 化肥行业 | 000893 | 亚钾国际 | 260.7  | 23.3  | -3.1 |  -6.9   |   0.1   |
| 化肥行业 | 002539 | 云图控股 | 161.3  |  8.7  | -3.1 |  -10.0  |  -0.1   |
| 化肥行业 | 603938 | 三孚股份 | 133.9  | 22.2  | -3.7 |  -9.5   |  -0.9   |
| 化肥行业 | 600096 |  云天化  | 577.2  |  8.8  | -4.2 |  -12.8  |  -0.1   |
| 化肥行业 | 600141 | 兴发集团 | 472.0  |  6.9  | -4.5 |  -9.7   |  -3.5   |
| 化肥行业 | 600078 | *ST澄星  |  78.1  | 28.9  | -4.7 |  -4.2   |   5.5   |
| 化肥行业 | 600470 | 六国化工 |  42.3  | 15.9  | -4.8 |  -6.1   |   9.6   |
| 化肥行业 | 002538 |  司尔特  |  91.7  | 14.8  | -5.0 |  -12.1  |  -1.5   |
| 化肥行业 | 002895 | 川恒股份 | 163.3  | 39.2  | -7.8 |  -16.8  |  -3.6   |
+----------+--------+----------+--------+-------+------+---------+---------+
