[行业>市值]
+----------+--------+----------+-------+--------+------+---------+---------+
|   行业   |  代码  |   名称   | 市值  |   pe   | 涨幅 | 3日涨幅 | 6日涨幅 |
+----------+--------+----------+-------+--------+------+---------+---------+
| 多元金融 | 000617 | 中油资本 | 572.7 |  8.3   | 0.7  |  -1.5   |  -3.2   |
| 多元金融 | 000987 | 越秀金控 | 324.1 |  13.9  | -0.8 |  -3.7   |  -8.1   |
| 多元金融 | 600705 | 中航产融 | 290.8 | 634.7  | -0.3 |  -1.1   |  -1.4   |
| 多元金融 | 600927 | 永安期货 | 280.8 | 215.4  | 0.1  |  -1.5   |  -4.4   |
| 多元金融 | 600816 |  ST安信  | 228.6 | -12.0  | 0.7  |  -0.7   |  -1.2   |
| 多元金融 | 600390 | 五矿资本 | 218.2 |  7.7   | 0.4  |  -0.4   |  -0.8   |
| 多元金融 | 002423 | 中粮资本 | 153.0 | -11.2  | -0.5 |  -0.3   |  -1.0   |
| 多元金融 | 600901 | 江苏租赁 | 150.8 |  6.1   | -0.2 |  -1.9   |  -1.6   |
| 多元金融 | 000567 | 海德股份 | 139.2 |  27.3  | -1.4 |  -2.4   |   1.1   |
| 多元金融 | 000415 | 渤海租赁 | 135.4 |  -4.6  | 1.9  |  -1.4   |   0.9   |
| 多元金融 | 000563 | 陕国投Ａ  | 120.5 |  17.1  | 0.3  |  -1.0   |  -2.6   |
| 多元金融 | 600120 | 浙江东方 | 115.6 |  72.3  | 2.0  |   2.0   |  -0.5   |
| 多元金融 | 600643 | 爱建集团 | 92.6  |  7.8   | 0.3  |  -2.2   |  -3.7   |
| 多元金融 | 000046 | 泛海控股 | 76.4  |  -2.4  | 0.7  |  -0.7   |  -3.3   |
| 多元金融 | 002961 | 瑞达期货 | 75.2  |  19.7  | 0.1  |  -1.0   |  -6.4   |
| 多元金融 | 600053 | 九鼎投资 | 71.1  |  40.0  | 1.6  |   1.9   |   0.6   |
| 多元金融 | 603093 | 南华期货 | 61.9  |  55.0  | 0.2  |  -0.4   |  -4.2   |
| 多元金融 | 000666 | 经纬纺机 | 61.2  |  11.2  | -0.5 |  -0.8   |  -3.2   |
| 多元金融 | 600318 | 新力金融 | 36.8  | 400.9  | 0.7  |  -1.2   |  -3.8   |
| 多元金融 | 002647 | 仁东控股 | 36.6  | -44.4  | 0.0  |  -2.5   |  -2.7   |
| 多元金融 | 600830 | 香溢融通 | 25.1  |  52.3  | 1.1  |   0.6   |  -2.3   |
| 多元金融 | 000416 | 民生控股 | 20.3  | -109.2 | 1.1  |   1.1   |  -1.6   |
| 多元金融 | 001236 | 弘业期货 | 16.9  |  59.8  | 0.0  |   0.0   |   0.0   |
| 多元金融 | 600139 | *ST西源  | 16.7  | -11.4  | 5.0  |  11.5   |  16.7   |
| 多元金融 | 600599 |  ST熊猫  | 15.3  |  10.5  | -0.4 |  -0.1   |  -1.5   |
| 多元金融 | 300309 | *ST吉艾  | 15.2  |  -3.4  | 0.0  |   3.0   |   6.8   |
+----------+--------+----------+-------+--------+------+---------+---------+
 




 [行业>单日涨幅]
+----------+--------+----------+-------+--------+------+---------+---------+
|   行业   |  代码  |   名称   | 市值  |   pe   | 涨幅 | 3日涨幅 | 6日涨幅 |
+----------+--------+----------+-------+--------+------+---------+---------+
| 多元金融 | 600139 | *ST西源  | 16.7  | -11.4  | 5.0  |  11.5   |  16.7   |
| 多元金融 | 600120 | 浙江东方 | 115.6 |  72.3  | 2.0  |   2.0   |  -0.5   |
| 多元金融 | 000415 | 渤海租赁 | 135.4 |  -4.6  | 1.9  |  -1.4   |   0.9   |
| 多元金融 | 600053 | 九鼎投资 | 71.1  |  40.0  | 1.6  |   1.9   |   0.6   |
| 多元金融 | 600830 | 香溢融通 | 25.1  |  52.3  | 1.1  |   0.6   |  -2.3   |
| 多元金融 | 000416 | 民生控股 | 20.3  | -109.2 | 1.1  |   1.1   |  -1.6   |
| 多元金融 | 600816 |  ST安信  | 228.6 | -12.0  | 0.7  |  -0.7   |  -1.2   |
| 多元金融 | 600318 | 新力金融 | 36.8  | 400.9  | 0.7  |  -1.2   |  -3.8   |
| 多元金融 | 000046 | 泛海控股 | 76.4  |  -2.4  | 0.7  |  -0.7   |  -3.3   |
| 多元金融 | 000617 | 中油资本 | 572.7 |  8.3   | 0.7  |  -1.5   |  -3.2   |
| 多元金融 | 600390 | 五矿资本 | 218.2 |  7.7   | 0.4  |  -0.4   |  -0.8   |
| 多元金融 | 600643 | 爱建集团 | 92.6  |  7.8   | 0.3  |  -2.2   |  -3.7   |
| 多元金融 | 000563 | 陕国投Ａ  | 120.5 |  17.1  | 0.3  |  -1.0   |  -2.6   |
| 多元金融 | 603093 | 南华期货 | 61.9  |  55.0  | 0.2  |  -0.4   |  -4.2   |
| 多元金融 | 002961 | 瑞达期货 | 75.2  |  19.7  | 0.1  |  -1.0   |  -6.4   |
| 多元金融 | 600927 | 永安期货 | 280.8 | 215.4  | 0.1  |  -1.5   |  -4.4   |
| 多元金融 | 002647 | 仁东控股 | 36.6  | -44.4  | 0.0  |  -2.5   |  -2.7   |
| 多元金融 | 001236 | 弘业期货 | 16.9  |  59.8  | 0.0  |   0.0   |   0.0   |
| 多元金融 | 300309 | *ST吉艾  | 15.2  |  -3.4  | 0.0  |   3.0   |   6.8   |
| 多元金融 | 600901 | 江苏租赁 | 150.8 |  6.1   | -0.2 |  -1.9   |  -1.6   |
| 多元金融 | 600705 | 中航产融 | 290.8 | 634.7  | -0.3 |  -1.1   |  -1.4   |
| 多元金融 | 600599 |  ST熊猫  | 15.3  |  10.5  | -0.4 |  -0.1   |  -1.5   |
| 多元金融 | 002423 | 中粮资本 | 153.0 | -11.2  | -0.5 |  -0.3   |  -1.0   |
| 多元金融 | 000666 | 经纬纺机 | 61.2  |  11.2  | -0.5 |  -0.8   |  -3.2   |
| 多元金融 | 000987 | 越秀金控 | 324.1 |  13.9  | -0.8 |  -3.7   |  -8.1   |
| 多元金融 | 000567 | 海德股份 | 139.2 |  27.3  | -1.4 |  -2.4   |   1.1   |
+----------+--------+----------+-------+--------+------+---------+---------+
