[行业>市值]
+----------+--------+----------+-------+--------+------+---------+---------+
|   行业   |  代码  |   名称   | 市值  |   pe   | 涨幅 | 3日涨幅 | 6日涨幅 |
+----------+--------+----------+-------+--------+------+---------+---------+
| 橡胶制品 | 601966 | 玲珑轮胎 | 403.3 | -109.7 | -1.3 |   8.9   |   7.1   |
| 橡胶制品 | 601058 | 赛轮轮胎 | 337.3 |  26.2  | -4.1 |   1.0   |  -2.3   |
| 橡胶制品 | 002984 |  森麒麟  | 205.4 |  22.0  | -1.7 |   2.6   |   1.6   |
| 橡胶制品 | 601118 | 海南橡胶 | 200.3 | -176.9 | -0.4 |  -1.5   |  -2.1   |
| 橡胶制品 | 603650 | 彤程新材 | 176.7 |  61.4  | -2.1 |  -2.8   |  -8.8   |
| 橡胶制品 | 603033 | 三维股份 | 174.8 |  89.8  | -3.1 |  -1.8   |  -0.0   |
| 橡胶制品 | 300587 | 天铁股份 | 150.4 |  32.5  | -2.2 |   2.2   |  15.5   |
| 橡胶制品 | 002068 | 黑猫股份 | 132.3 | -317.1 | -4.6 |   0.4   |  26.7   |
| 橡胶制品 | 300767 | 震安科技 | 127.0 |  97.5  | -2.1 |  -3.8   |  -10.1  |
| 橡胶制品 | 601163 | 三角轮胎 | 93.0  |  39.8  | -0.3 |   0.3   |  -0.3   |
| 橡胶制品 | 300320 | 海达股份 | 81.2  |  50.4  | -5.9 |  -3.2   |  -10.1  |
| 橡胶制品 | 605183 | 确成股份 | 79.0  |  23.6  | -1.3 |  -3.2   |  -1.9   |
| 橡胶制品 | 601500 | 通用股份 | 50.2  | 169.2  | -0.6 |   5.2   |   4.0   |
| 橡胶制品 | 000589 | 贵州轮胎 | 50.1  |  22.3  | -0.2 |   0.7   |  -0.7   |
| 橡胶制品 | 600182 | S*ST佳通 | 48.1  | 298.9  | 1.0  |   1.7   |   6.2   |
| 橡胶制品 | 300121 | 阳谷华泰 | 42.0  |  9.2   | 2.3  |   0.5   |   4.4   |
| 橡胶制品 | 300547 | 川环科技 | 38.0  |  45.1  | 0.3  |   4.3   |   7.8   |
| 橡胶制品 | 002224 |  三力士  | 34.4  | -158.6 | 1.7  |   1.3   |   1.5   |
| 橡胶制品 | 600469 | 风神股份 | 33.8  | -20.5  | -2.3 |  -0.9   |  -6.3   |
| 橡胶制品 | 002753 | 永东股份 | 33.3  |  78.9  | -6.3 |  -6.8   |  -14.3  |
| 橡胶制品 | 000599 | 青岛双星 | 31.9  |  -5.5  | -1.0 |  -0.5   |  -3.2   |
| 橡胶制品 | 001207 | 联科科技 | 29.8  |  31.3  | -0.6 |  -2.0   |  -2.0   |
| 橡胶制品 | 300731 | 科创新源 | 29.0  | -65.0  | -3.9 |   1.2   |  -5.2   |
| 橡胶制品 | 002442 | 龙星化工 | 27.1  |  59.5  | -1.2 |  -1.9   |   0.0   |
| 橡胶制品 | 002381 | 双箭股份 | 26.2  |  20.1  | 0.8  |  -0.2   |  -0.9   |
| 橡胶制品 | 301233 |  C盛帮   | 24.3  |  41.2  | -4.0 |  13.6   |  13.6   |
+----------+--------+----------+-------+--------+------+---------+---------+
 




 [行业>单日涨幅]
+----------+--------+----------+-------+--------+------+---------+---------+
|   行业   |  代码  |   名称   | 市值  |   pe   | 涨幅 | 3日涨幅 | 6日涨幅 |
+----------+--------+----------+-------+--------+------+---------+---------+
| 橡胶制品 | 300121 | 阳谷华泰 | 42.0  |  9.2   | 2.3  |   0.5   |   4.4   |
| 橡胶制品 | 002224 |  三力士  | 34.4  | -158.6 | 1.7  |   1.3   |   1.5   |
| 橡胶制品 | 600182 | S*ST佳通 | 48.1  | 298.9  | 1.0  |   1.7   |   6.2   |
| 橡胶制品 | 002381 | 双箭股份 | 26.2  |  20.1  | 0.8  |  -0.2   |  -0.9   |
| 橡胶制品 | 300547 | 川环科技 | 38.0  |  45.1  | 0.3  |   4.3   |   7.8   |
| 橡胶制品 | 000589 | 贵州轮胎 | 50.1  |  22.3  | -0.2 |   0.7   |  -0.7   |
| 橡胶制品 | 601163 | 三角轮胎 | 93.0  |  39.8  | -0.3 |   0.3   |  -0.3   |
| 橡胶制品 | 601118 | 海南橡胶 | 200.3 | -176.9 | -0.4 |  -1.5   |  -2.1   |
| 橡胶制品 | 001207 | 联科科技 | 29.8  |  31.3  | -0.6 |  -2.0   |  -2.0   |
| 橡胶制品 | 601500 | 通用股份 | 50.2  | 169.2  | -0.6 |   5.2   |   4.0   |
| 橡胶制品 | 000599 | 青岛双星 | 31.9  |  -5.5  | -1.0 |  -0.5   |  -3.2   |
| 橡胶制品 | 002442 | 龙星化工 | 27.1  |  59.5  | -1.2 |  -1.9   |   0.0   |
| 橡胶制品 | 605183 | 确成股份 | 79.0  |  23.6  | -1.3 |  -3.2   |  -1.9   |
| 橡胶制品 | 601966 | 玲珑轮胎 | 403.3 | -109.7 | -1.3 |   8.9   |   7.1   |
| 橡胶制品 | 002984 |  森麒麟  | 205.4 |  22.0  | -1.7 |   2.6   |   1.6   |
| 橡胶制品 | 603650 | 彤程新材 | 176.7 |  61.4  | -2.1 |  -2.8   |  -8.8   |
| 橡胶制品 | 300767 | 震安科技 | 127.0 |  97.5  | -2.1 |  -3.8   |  -10.1  |
| 橡胶制品 | 300587 | 天铁股份 | 150.4 |  32.5  | -2.2 |   2.2   |  15.5   |
| 橡胶制品 | 600469 | 风神股份 | 33.8  | -20.5  | -2.3 |  -0.9   |  -6.3   |
| 橡胶制品 | 603033 | 三维股份 | 174.8 |  89.8  | -3.1 |  -1.8   |  -0.0   |
| 橡胶制品 | 300731 | 科创新源 | 29.0  | -65.0  | -3.9 |   1.2   |  -5.2   |
| 橡胶制品 | 301233 |  C盛帮   | 24.3  |  41.2  | -4.0 |  13.6   |  13.6   |
| 橡胶制品 | 601058 | 赛轮轮胎 | 337.3 |  26.2  | -4.1 |   1.0   |  -2.3   |
| 橡胶制品 | 002068 | 黑猫股份 | 132.3 | -317.1 | -4.6 |   0.4   |  26.7   |
| 橡胶制品 | 300320 | 海达股份 | 81.2  |  50.4  | -5.9 |  -3.2   |  -10.1  |
| 橡胶制品 | 002753 | 永东股份 | 33.3  |  78.9  | -6.3 |  -6.8   |  -14.3  |
+----------+--------+----------+-------+--------+------+---------+---------+
