[行业>市值]
+----------+--------+----------+--------+-------+-------+---------+---------+
|   行业   |  代码  |   名称   |  市值  |  pe   | 涨幅  | 3日涨幅 | 6日涨幅 |
+----------+--------+----------+--------+-------+-------+---------+---------+
| 汽车整车 | 002594 |  比亚迪  | 9840.0 | 304.3 | -3.3  |   1.2   |   1.4   |
| 汽车整车 | 601633 | 长城汽车 | 3332.0 | 51.0  | -3.7  |   2.3   |  -2.9   |
| 汽车整车 | 600104 | 上汽集团 | 2168.0 |  9.8  |  5.6  |   7.2   |   4.2   |
| 汽车整车 | 000625 | 长安汽车 | 1769.0 |  9.8  | -6.1  |   3.8   |   2.9   |
| 汽车整车 | 601238 | 广汽集团 | 1744.0 | 14.5  | -2.7  |   8.8   |   9.4   |
| 汽车整车 | 601127 | 小康股份 | 1067.0 | -31.8 | -3.5  |  -0.6   |  -3.2   |
| 汽车整车 | 000800 | 一汽解放 | 433.8  | 24.0  |  1.1  |   2.5   |  -0.2   |
| 汽车整车 | 600733 | 北汽蓝谷 | 397.4  | -10.4 | -4.7  |  -1.7   |   0.0   |
| 汽车整车 | 600418 | 江淮汽车 | 388.8  | -33.5 | -6.1  |   2.1   |   3.7   |
| 汽车整车 | 601777 | 力帆科技 | 240.3  | 118.1 | -3.3  |   1.3   |  -3.8   |
| 汽车整车 | 301039 | 中集车辆 | 216.1  | 43.4  | -3.4  |   1.8   |  -1.1   |
| 汽车整车 | 600166 | 福田汽车 | 213.7  | 39.5  | 10.2  |  18.6   |  14.8   |
| 汽车整车 | 000550 | 江铃汽车 | 195.3  | 25.2  | 10.0  |  33.1   |  40.7   |
| 汽车整车 | 600066 | 宇通客车 | 187.1  | -40.4 | -3.0  |   0.7   |  -2.3   |
| 汽车整车 | 000980 |  ST众泰  | 175.4  | -28.0 | -1.1  |  -1.4   |  -1.7   |
| 汽车整车 | 000951 | 中国重汽 | 168.4  | 33.9  |  2.7  |   4.4   |  10.3   |
| 汽车整车 | 600006 | 东风汽车 | 147.4  | 31.1  | -2.2  |   2.1   |  -2.4   |
| 汽车整车 | 000957 | 中通客车 | 112.7  | -79.8 | -10.0 |  -10.9  |  -10.9  |
| 汽车整车 | 000572 | 海马汽车 |  97.0  | -39.8 | -3.6  |  -0.5   |  -3.1   |
| 汽车整车 | 600686 | 金龙汽车 |  56.4  | 363.5 |  0.5  |   5.5   |  12.9   |
| 汽车整车 | 000868 | 安凯客车 |  49.3  | -30.8 | -0.3  |   5.5   |   1.7   |
| 汽车整车 | 600213 | 亚星客车 |  28.6  | -16.4 | -4.9  |  -5.4   |  -10.4  |
| 汽车整车 | 600303 |  ST曙光  |  22.3  | -17.1 | -0.3  |   0.9   |  -5.2   |
+----------+--------+----------+--------+-------+-------+---------+---------+
 




 [行业>单日涨幅]
+----------+--------+----------+--------+-------+-------+---------+---------+
|   行业   |  代码  |   名称   |  市值  |  pe   | 涨幅  | 3日涨幅 | 6日涨幅 |
+----------+--------+----------+--------+-------+-------+---------+---------+
| 汽车整车 | 600166 | 福田汽车 | 213.7  | 39.5  | 10.2  |  18.6   |  14.8   |
| 汽车整车 | 000550 | 江铃汽车 | 195.3  | 25.2  | 10.0  |  33.1   |  40.7   |
| 汽车整车 | 600104 | 上汽集团 | 2168.0 |  9.8  |  5.6  |   7.2   |   4.2   |
| 汽车整车 | 000951 | 中国重汽 | 168.4  | 33.9  |  2.7  |   4.4   |  10.3   |
| 汽车整车 | 000800 | 一汽解放 | 433.8  | 24.0  |  1.1  |   2.5   |  -0.2   |
| 汽车整车 | 600686 | 金龙汽车 |  56.4  | 363.5 |  0.5  |   5.5   |  12.9   |
| 汽车整车 | 000868 | 安凯客车 |  49.3  | -30.8 | -0.3  |   5.5   |   1.7   |
| 汽车整车 | 600303 |  ST曙光  |  22.3  | -17.1 | -0.3  |   0.9   |  -5.2   |
| 汽车整车 | 000980 |  ST众泰  | 175.4  | -28.0 | -1.1  |  -1.4   |  -1.7   |
| 汽车整车 | 600006 | 东风汽车 | 147.4  | 31.1  | -2.2  |   2.1   |  -2.4   |
| 汽车整车 | 601238 | 广汽集团 | 1744.0 | 14.5  | -2.7  |   8.8   |   9.4   |
| 汽车整车 | 600066 | 宇通客车 | 187.1  | -40.4 | -3.0  |   0.7   |  -2.3   |
| 汽车整车 | 002594 |  比亚迪  | 9840.0 | 304.3 | -3.3  |   1.2   |   1.4   |
| 汽车整车 | 601777 | 力帆科技 | 240.3  | 118.1 | -3.3  |   1.3   |  -3.8   |
| 汽车整车 | 301039 | 中集车辆 | 216.1  | 43.4  | -3.4  |   1.8   |  -1.1   |
| 汽车整车 | 601127 | 小康股份 | 1067.0 | -31.8 | -3.5  |  -0.6   |  -3.2   |
| 汽车整车 | 000572 | 海马汽车 |  97.0  | -39.8 | -3.6  |  -0.5   |  -3.1   |
| 汽车整车 | 601633 | 长城汽车 | 3332.0 | 51.0  | -3.7  |   2.3   |  -2.9   |
| 汽车整车 | 600733 | 北汽蓝谷 | 397.4  | -10.4 | -4.7  |  -1.7   |   0.0   |
| 汽车整车 | 600213 | 亚星客车 |  28.6  | -16.4 | -4.9  |  -5.4   |  -10.4  |
| 汽车整车 | 600418 | 江淮汽车 | 388.8  | -33.5 | -6.1  |   2.1   |   3.7   |
| 汽车整车 | 000625 | 长安汽车 | 1769.0 |  9.8  | -6.1  |   3.8   |   2.9   |
| 汽车整车 | 000957 | 中通客车 | 112.7  | -79.8 | -10.0 |  -10.9  |  -10.9  |
+----------+--------+----------+--------+-------+-------+---------+---------+
