[行业>市值]
+------+--------+----------+-------+--------+------+---------+---------+
| 行业 |  代码  |   名称   | 市值  |   pe   | 涨幅 | 3日涨幅 | 6日涨幅 |
+------+--------+----------+-------+--------+------+---------+---------+
| 燃气 | 600956 | 新天绿能 | 545.6 |  14.6  | -4.6 |  -7.3   |   5.8   |
| 燃气 | 600803 | 新奥股份 | 517.7 |  17.2  | 0.2  |  -3.1   |  -2.1   |
| 燃气 | 601139 | 深圳燃气 | 197.9 |  21.8  | 0.3  |  -1.0   |  -0.9   |
| 燃气 | 605090 | 九丰能源 | 129.6 |  8.2   | 0.5  |  -1.3   |   3.1   |
| 燃气 | 600917 | 重庆燃气 | 117.2 |  29.0  | -0.8 |  -2.1   |   3.3   |
| 燃气 | 300332 | 天壕环境 | 112.4 |  21.2  | 1.8  |   0.4   |  13.8   |
| 燃气 | 000968 | 蓝焰控股 | 101.7 |  9.3   | -0.8 |  -8.8   |   0.6   |
| 燃气 | 600635 | 大众公用 | 95.4  |  -7.3  | 0.0  |  -1.2   |  -2.1   |
| 燃气 | 603393 | 新天然气 | 90.6  |  11.0  | 0.1  |  -4.3   |   0.1   |
| 燃气 | 600903 | 贵州燃气 | 88.4  | -35.7  | -0.3 |  -5.8   |  -0.3   |
| 燃气 | 002911 | 佛燃能源 | 86.4  |  28.8  | 0.0  |  -1.7   |   0.7   |
| 燃气 | 603053 | 成都燃气 | 82.8  |  10.5  | -0.1 |  -6.3   |   3.1   |
| 燃气 | 002267 | 陕天然气 | 78.5  |  3.9   | 0.7  |  -1.4   |   1.0   |
| 燃气 | 600617 | 国新能源 | 67.8  |  9.8   | 3.4  |   1.4   |   6.7   |
| 燃气 | 605368 | 蓝天燃气 | 63.5  |  8.3   | -1.4 |  -0.2   |   1.9   |
| 燃气 | 600681 | 百川能源 | 61.5  |  10.5  | 0.5  |  -0.2   |   1.8   |
| 燃气 | 300435 | 中泰股份 | 58.6  |  23.5  | -2.2 |  -3.1   |   1.4   |
| 燃气 | 300483 | 首华燃气 | 37.6  |  22.0  | 1.4  |  -4.0   |   0.0   |
| 燃气 | 605169 | 洪通燃气 | 34.1  |  16.0  | 0.0  |  -0.1   |   7.0   |
| 燃气 | 603689 | 皖天然气 | 34.0  |  12.6  | 1.0  |  -1.5   |   2.4   |
| 燃气 | 000407 | 胜利股份 | 33.1  |  26.8  | 1.1  |   0.0   |   1.1   |
| 燃气 | 603706 | 东方环宇 | 31.6  |  12.6  | -0.7 |  -2.7   |   6.8   |
| 燃气 | 600333 | 长春燃气 | 30.6  | -65.6  | 0.2  |  -1.8   |   2.0   |
| 燃气 | 603318 | 水发燃气 | 29.7  |  57.5  | 0.6  |   0.4   |   2.6   |
| 燃气 | 000421 | 南京公用 | 28.3  | -54.2  | 0.8  |   0.6   |   2.1   |
| 燃气 | 002259 |  ST升达  | 21.1  | -141.4 | -1.1 |  -2.4   |  -2.1   |
| 燃气 | 000593 | 德龙汇能 | 21.1  | 223.2  | 0.7  |  -1.2   |   4.8   |
| 燃气 | 603080 | 新疆火炬 | 18.8  |  13.0  | 0.5  |  -1.3   |   1.4   |
| 燃气 | 002700 |  ST浩源  | 18.1  |  30.4  | 0.7  |   0.5   |   1.9   |
| 燃气 | 000669 |  ST金鸿  | 11.6  | -48.1  | 1.8  |   1.8   |   3.6   |
+------+--------+----------+-------+--------+------+---------+---------+
 




 [行业>单日涨幅]
+------+--------+----------+-------+--------+------+---------+---------+
| 行业 |  代码  |   名称   | 市值  |   pe   | 涨幅 | 3日涨幅 | 6日涨幅 |
+------+--------+----------+-------+--------+------+---------+---------+
| 燃气 | 600617 | 国新能源 | 67.8  |  9.8   | 3.4  |   1.4   |   6.7   |
| 燃气 | 000669 |  ST金鸿  | 11.6  | -48.1  | 1.8  |   1.8   |   3.6   |
| 燃气 | 300332 | 天壕环境 | 112.4 |  21.2  | 1.8  |   0.4   |  13.8   |
| 燃气 | 300483 | 首华燃气 | 37.6  |  22.0  | 1.4  |  -4.0   |   0.0   |
| 燃气 | 000407 | 胜利股份 | 33.1  |  26.8  | 1.1  |   0.0   |   1.1   |
| 燃气 | 603689 | 皖天然气 | 34.0  |  12.6  | 1.0  |  -1.5   |   2.4   |
| 燃气 | 000421 | 南京公用 | 28.3  | -54.2  | 0.8  |   0.6   |   2.1   |
| 燃气 | 002267 | 陕天然气 | 78.5  |  3.9   | 0.7  |  -1.4   |   1.0   |
| 燃气 | 002700 |  ST浩源  | 18.1  |  30.4  | 0.7  |   0.5   |   1.9   |
| 燃气 | 000593 | 德龙汇能 | 21.1  | 223.2  | 0.7  |  -1.2   |   4.8   |
| 燃气 | 603318 | 水发燃气 | 29.7  |  57.5  | 0.6  |   0.4   |   2.6   |
| 燃气 | 605090 | 九丰能源 | 129.6 |  8.2   | 0.5  |  -1.3   |   3.1   |
| 燃气 | 600681 | 百川能源 | 61.5  |  10.5  | 0.5  |  -0.2   |   1.8   |
| 燃气 | 603080 | 新疆火炬 | 18.8  |  13.0  | 0.5  |  -1.3   |   1.4   |
| 燃气 | 601139 | 深圳燃气 | 197.9 |  21.8  | 0.3  |  -1.0   |  -0.9   |
| 燃气 | 600803 | 新奥股份 | 517.7 |  17.2  | 0.2  |  -3.1   |  -2.1   |
| 燃气 | 600333 | 长春燃气 | 30.6  | -65.6  | 0.2  |  -1.8   |   2.0   |
| 燃气 | 603393 | 新天然气 | 90.6  |  11.0  | 0.1  |  -4.3   |   0.1   |
| 燃气 | 600635 | 大众公用 | 95.4  |  -7.3  | 0.0  |  -1.2   |  -2.1   |
| 燃气 | 002911 | 佛燃能源 | 86.4  |  28.8  | 0.0  |  -1.7   |   0.7   |
| 燃气 | 605169 | 洪通燃气 | 34.1  |  16.0  | 0.0  |  -0.1   |   7.0   |
| 燃气 | 603053 | 成都燃气 | 82.8  |  10.5  | -0.1 |  -6.3   |   3.1   |
| 燃气 | 600903 | 贵州燃气 | 88.4  | -35.7  | -0.3 |  -5.8   |  -0.3   |
| 燃气 | 603706 | 东方环宇 | 31.6  |  12.6  | -0.7 |  -2.7   |   6.8   |
| 燃气 | 600917 | 重庆燃气 | 117.2 |  29.0  | -0.8 |  -2.1   |   3.3   |
| 燃气 | 000968 | 蓝焰控股 | 101.7 |  9.3   | -0.8 |  -8.8   |   0.6   |
| 燃气 | 002259 |  ST升达  | 21.1  | -141.4 | -1.1 |  -2.4   |  -2.1   |
| 燃气 | 605368 | 蓝天燃气 | 63.5  |  8.3   | -1.4 |  -0.2   |   1.9   |
| 燃气 | 300435 | 中泰股份 | 58.6  |  23.5  | -2.2 |  -3.1   |   1.4   |
| 燃气 | 600956 | 新天绿能 | 545.6 |  14.6  | -4.6 |  -7.3   |   5.8   |
+------+--------+----------+-------+--------+------+---------+---------+
