[行业>市值]
+------------+--------+----------+-------+--------+------+---------+---------+
|    行业    |  代码  |   名称   | 市值  |   pe   | 涨幅 | 3日涨幅 | 6日涨幅 |
+------------+--------+----------+-------+--------+------+---------+---------+
| 电子化学品 | 300054 | 鼎龙股份 | 203.2 |  71.2  | -1.1 |   6.0   |   1.6   |
| 电子化学品 | 002643 | 万润股份 | 180.1 |  19.3  | 0.3  |   0.7   |  -7.2   |
| 电子化学品 | 300346 | 南大光电 | 179.2 |  55.5  | -1.6 |  -4.0   |  -8.4   |
| 电子化学品 | 688019 | 安集科技 | 149.3 |  94.2  | -1.7 |   3.1   |  -5.9   |
| 电子化学品 | 300398 | 飞凯材料 | 117.4 |  21.1  | -0.7 |  -0.7   |  -2.9   |
| 电子化学品 | 300655 | 晶瑞电材 | 108.5 |  84.9  | -1.3 |   1.2   |  -3.9   |
| 电子化学品 | 300236 | 上海新阳 | 106.1 | -194.9 | 1.4  |   1.9   |   2.3   |
| 电子化学品 | 688106 | 金宏气体 | 92.2  |  59.4  | 0.2  |   2.9   |  -2.9   |
| 电子化学品 | 688268 | 华特气体 | 84.0  |  53.6  | -1.8 |   1.3   |  -0.3   |
| 电子化学品 | 002741 | 光华科技 | 82.8  |  58.6  | 0.1  |   3.5   |   5.6   |
| 电子化学品 | 300481 | 濮阳惠成 | 82.3  |  24.5  | -1.4 |  13.8   |  18.3   |
| 电子化学品 | 603078 |  江化微  | 69.2  |  52.4  | 0.7  |   1.3   |  -5.0   |
| 电子化学品 | 688550 | 瑞联新材 | 66.0  |  20.7  | -1.3 |  -2.0   |  -2.0   |
| 电子化学品 | 300576 | 容大感光 | 56.1  | 135.6  | -0.9 |  -0.4   |  -5.8   |
| 电子化学品 | 002584 | 西陇科学 | 48.7  |  14.5  | -2.5 |   0.5   |   4.4   |
| 电子化学品 | 300429 | 强力新材 | 47.2  |  47.3  | -0.2 |  -1.0   |  -3.4   |
| 电子化学品 | 688359 | 三孚新科 | 41.0  | -172.3 | -1.1 |  16.2   |   5.5   |
| 电子化学品 | 603931 |  格林达  | 39.8  |  25.2  | -0.3 |   1.7   |  -0.7   |
| 电子化学品 | 300446 | 乐凯新材 | 23.6  | 372.8  | -0.5 |  -2.0   |  -3.2   |
| 电子化学品 | 300537 | 广信材料 | 23.3  | -50.7  | 0.8  |   2.5   |  -1.9   |
| 电子化学品 | 300637 | 扬帆新材 | 17.8  |  38.3  | -0.1 |   1.5   |   0.7   |
+------------+--------+----------+-------+--------+------+---------+---------+
 




 [行业>单日涨幅]
+------------+--------+----------+-------+--------+------+---------+---------+
|    行业    |  代码  |   名称   | 市值  |   pe   | 涨幅 | 3日涨幅 | 6日涨幅 |
+------------+--------+----------+-------+--------+------+---------+---------+
| 电子化学品 | 300236 | 上海新阳 | 106.1 | -194.9 | 1.4  |   1.9   |   2.3   |
| 电子化学品 | 300537 | 广信材料 | 23.3  | -50.7  | 0.8  |   2.5   |  -1.9   |
| 电子化学品 | 603078 |  江化微  | 69.2  |  52.4  | 0.7  |   1.3   |  -5.0   |
| 电子化学品 | 002643 | 万润股份 | 180.1 |  19.3  | 0.3  |   0.7   |  -7.2   |
| 电子化学品 | 688106 | 金宏气体 | 92.2  |  59.4  | 0.2  |   2.9   |  -2.9   |
| 电子化学品 | 002741 | 光华科技 | 82.8  |  58.6  | 0.1  |   3.5   |   5.6   |
| 电子化学品 | 300637 | 扬帆新材 | 17.8  |  38.3  | -0.1 |   1.5   |   0.7   |
| 电子化学品 | 300429 | 强力新材 | 47.2  |  47.3  | -0.2 |  -1.0   |  -3.4   |
| 电子化学品 | 603931 |  格林达  | 39.8  |  25.2  | -0.3 |   1.7   |  -0.7   |
| 电子化学品 | 300446 | 乐凯新材 | 23.6  | 372.8  | -0.5 |  -2.0   |  -3.2   |
| 电子化学品 | 300398 | 飞凯材料 | 117.4 |  21.1  | -0.7 |  -0.7   |  -2.9   |
| 电子化学品 | 300576 | 容大感光 | 56.1  | 135.6  | -0.9 |  -0.4   |  -5.8   |
| 电子化学品 | 688359 | 三孚新科 | 41.0  | -172.3 | -1.1 |  16.2   |   5.5   |
| 电子化学品 | 300054 | 鼎龙股份 | 203.2 |  71.2  | -1.1 |   6.0   |   1.6   |
| 电子化学品 | 300655 | 晶瑞电材 | 108.5 |  84.9  | -1.3 |   1.2   |  -3.9   |
| 电子化学品 | 688550 | 瑞联新材 | 66.0  |  20.7  | -1.3 |  -2.0   |  -2.0   |
| 电子化学品 | 300481 | 濮阳惠成 | 82.3  |  24.5  | -1.4 |  13.8   |  18.3   |
| 电子化学品 | 300346 | 南大光电 | 179.2 |  55.5  | -1.6 |  -4.0   |  -8.4   |
| 电子化学品 | 688019 | 安集科技 | 149.3 |  94.2  | -1.7 |   3.1   |  -5.9   |
| 电子化学品 | 688268 | 华特气体 | 84.0  |  53.6  | -1.8 |   1.3   |  -0.3   |
| 电子化学品 | 002584 | 西陇科学 | 48.7  |  14.5  | -2.5 |   0.5   |   4.4   |
+------------+--------+----------+-------+--------+------+---------+---------+
