[行业>市值]
+----------+--------+----------+-------+--------+------+---------+---------+
|   行业   |  代码  |   名称   | 市值  |   pe   | 涨幅 | 3日涨幅 | 6日涨幅 |
+----------+--------+----------+-------+--------+------+---------+---------+
| 综合行业 | 000009 | 中国宝安 | 338.4 |  51.2  | -3.5 |  -4.5   |  -2.7   |
| 综合行业 | 600673 |  东阳光  | 286.3 |  24.9  | -1.0 |  -2.3   |   5.7   |
| 综合行业 | 000958 | 电投产融 | 260.0 |  21.4  | 2.8  |   3.4   |   6.4   |
| 综合行业 | 600770 | 综艺股份 | 111.2 | -18.9  | -0.3 |  -3.0   |  -2.3   |
| 综合行业 | 000158 | 常山北明 | 94.6  | -27.4  | 0.3  |  -1.0   |  -1.3   |
| 综合行业 | 000839 |  ST国安  | 82.3  | -14.0  | 0.0  |   1.0   |   0.5   |
| 综合行业 | 000861 | 海印股份 | 68.1  |  16.8  | -1.5 |   0.4   |  -1.8   |
| 综合行业 | 000833 | 粤桂股份 | 65.2  |  45.8  | 3.0  |  -4.0   |   9.5   |
| 综合行业 | 002758 | 浙农股份 | 64.5  |  11.5  | -0.4 |  -3.0   |  -2.6   |
| 综合行业 | 000652 | 泰达股份 | 58.7  | 378.6  | 0.0  |  -0.8   |  -0.2   |
| 综合行业 | 600784 | 鲁银投资 | 53.2  |  22.8  | 1.0  |   8.7   |   8.6   |
| 综合行业 | 000803 | 北清环能 | 52.9  |  32.8  | 1.1  |  -6.5   |  -3.0   |
| 综合行业 | 000576 | 甘化科工 | 47.6  |  47.2  | 1.1  |   3.8   |  -0.8   |
| 综合行业 | 600624 | 复旦复华 | 44.8  | 194.4  | -0.1 |  -0.3   |  -3.2   |
| 综合行业 | 600805 | 悦达投资 | 44.1  |  13.2  | 4.9  |   7.2   |   5.9   |
| 综合行业 | 000909 | 数源科技 | 40.2  | 206.6  | 0.7  |  -2.5   |  -4.8   |
| 综合行业 | 000532 | 华金资本 | 39.0  |  69.7  | 0.2  |  -1.2   |  -8.9   |
| 综合行业 | 600568 |  ST中珠  | 31.9  | -194.1 | 1.9  |   0.0   |  -0.6   |
| 综合行业 | 600113 | 浙江东日 | 28.8  |  15.7  | -0.4 |  -4.9   |  -6.2   |
| 综合行业 | 000409 | 云鼎科技 | 27.3  | 262.0  | 1.3  |   0.2   |  -1.7   |
| 综合行业 | 000632 | 三木集团 | 22.9  |  90.7  | 4.7  |   9.1   |   4.7   |
| 综合行业 | 600051 | 宁波联合 | 20.8  | -93.3  | 1.2  |  -0.5   |  -2.2   |
| 综合行业 | 002591 | 恒大高新 | 15.4  | -141.1 | 3.2  |   2.0   |   1.2   |
+----------+--------+----------+-------+--------+------+---------+---------+
 




 [行业>单日涨幅]
+----------+--------+----------+-------+--------+------+---------+---------+
|   行业   |  代码  |   名称   | 市值  |   pe   | 涨幅 | 3日涨幅 | 6日涨幅 |
+----------+--------+----------+-------+--------+------+---------+---------+
| 综合行业 | 600805 | 悦达投资 | 44.1  |  13.2  | 4.9  |   7.2   |   5.9   |
| 综合行业 | 000632 | 三木集团 | 22.9  |  90.7  | 4.7  |   9.1   |   4.7   |
| 综合行业 | 002591 | 恒大高新 | 15.4  | -141.1 | 3.2  |   2.0   |   1.2   |
| 综合行业 | 000833 | 粤桂股份 | 65.2  |  45.8  | 3.0  |  -4.0   |   9.5   |
| 综合行业 | 000958 | 电投产融 | 260.0 |  21.4  | 2.8  |   3.4   |   6.4   |
| 综合行业 | 600568 |  ST中珠  | 31.9  | -194.1 | 1.9  |   0.0   |  -0.6   |
| 综合行业 | 000409 | 云鼎科技 | 27.3  | 262.0  | 1.3  |   0.2   |  -1.7   |
| 综合行业 | 600051 | 宁波联合 | 20.8  | -93.3  | 1.2  |  -0.5   |  -2.2   |
| 综合行业 | 000803 | 北清环能 | 52.9  |  32.8  | 1.1  |  -6.5   |  -3.0   |
| 综合行业 | 000576 | 甘化科工 | 47.6  |  47.2  | 1.1  |   3.8   |  -0.8   |
| 综合行业 | 600784 | 鲁银投资 | 53.2  |  22.8  | 1.0  |   8.7   |   8.6   |
| 综合行业 | 000909 | 数源科技 | 40.2  | 206.6  | 0.7  |  -2.5   |  -4.8   |
| 综合行业 | 000158 | 常山北明 | 94.6  | -27.4  | 0.3  |  -1.0   |  -1.3   |
| 综合行业 | 000532 | 华金资本 | 39.0  |  69.7  | 0.2  |  -1.2   |  -8.9   |
| 综合行业 | 000839 |  ST国安  | 82.3  | -14.0  | 0.0  |   1.0   |   0.5   |
| 综合行业 | 000652 | 泰达股份 | 58.7  | 378.6  | 0.0  |  -0.8   |  -0.2   |
| 综合行业 | 600624 | 复旦复华 | 44.8  | 194.4  | -0.1 |  -0.3   |  -3.2   |
| 综合行业 | 600770 | 综艺股份 | 111.2 | -18.9  | -0.3 |  -3.0   |  -2.3   |
| 综合行业 | 002758 | 浙农股份 | 64.5  |  11.5  | -0.4 |  -3.0   |  -2.6   |
| 综合行业 | 600113 | 浙江东日 | 28.8  |  15.7  | -0.4 |  -4.9   |  -6.2   |
| 综合行业 | 600673 |  东阳光  | 286.3 |  24.9  | -1.0 |  -2.3   |   5.7   |
| 综合行业 | 000861 | 海印股份 | 68.1  |  16.8  | -1.5 |   0.4   |  -1.8   |
| 综合行业 | 000009 | 中国宝安 | 338.4 |  51.2  | -3.5 |  -4.5   |  -2.7   |
+----------+--------+----------+-------+--------+------+---------+---------+
