[行业>市值]
+----------+--------+----------+--------+----------+------+---------+---------+
|   行业   |  代码  |   名称   |  市值  |    pe    | 涨幅 | 3日涨幅 | 6日涨幅 |
+----------+--------+----------+--------+----------+------+---------+---------+
| 美容护理 | 300896 |  爱美客  | 1257.0 |  112.2   | 1.6  |  -3.9   |  -3.2   |
| 美容护理 | 300957 |  贝泰妮  | 870.0  |  149.0   | -0.6 |  -4.5   |  -5.6   |
| 美容护理 | 688363 | 华熙生物 | 652.7  |   81.7   | 0.4  |  -1.0   |  -4.6   |
| 美容护理 | 603605 |  珀莱雅  | 439.0  |   69.3   | -1.8 |  -3.7   |  -5.6   |
| 美容护理 | 300888 | 稳健医疗 | 307.5  |   21.5   | 0.7  |  -0.8   |   8.4   |
| 美容护理 | 600315 | 上海家化 | 240.9  |   30.2   | -0.9 |  -6.0   |  -17.1  |
| 美容护理 | 002511 | 中顺洁柔 | 159.8  |   29.9   | 0.1  |  -1.9   |  -2.8   |
| 美容护理 | 002243 | 力合科创 | 113.3  |   81.3   | 1.5  |   2.1   |  -3.0   |
| 美容护理 | 603983 | 丸美股份 | 100.2  |   38.3   | 0.6  |  -3.2   |  -6.8   |
| 美容护理 | 300856 | 科思股份 |  70.2  |   30.3   | -0.8 |  -2.6   |  -4.4   |
| 美容护理 | 000523 | 广州浪奇 |  59.8  |  -116.4  | 0.0  |  -2.9   |  -3.6   |
| 美容护理 | 605009 | 豪悦护理 |  58.8  |   26.8   | -0.4 |  -1.1   |  -3.0   |
| 美容护理 | 000615 | 奥园美谷 |  54.5  |  -35.1   | 0.0  |  -3.2   |  -8.4   |
| 美容护理 | 300740 | 水羊股份 |  53.3  |   32.0   | 0.1  |  -2.6   |  -5.8   |
| 美容护理 | 003006 | 百亚股份 |  49.3  |   22.2   | -1.6 |  -3.2   |  -7.1   |
| 美容护理 | 300132 | 青松股份 |  34.5  |  -14.1   | -1.6 |  -2.8   |  -4.7   |
| 美容护理 | 301009 | 可靠股份 |  32.4  |  413.9   | 0.9  |  -1.2   |  -4.5   |
| 美容护理 | 603630 | 拉芳家化 |  31.4  |  -307.5  | 1.5  |  -0.6   |  -0.9   |
| 美容护理 | 002919 | 名臣健康 |  31.4  |  479.4   | 1.9  |   0.4   |  -7.3   |
| 美容护理 | 001206 | 依依股份 |  30.3  |   41.3   | 0.2  |  -1.5   |  -3.1   |
| 美容护理 | 600249 |  两面针  |  27.9  |  -23.6   | 0.6  |  -1.4   |  -1.4   |
| 美容护理 | 002094 | 青岛金王 |  25.4  |   48.1   | 0.8  |   1.1   |   1.4   |
| 美容护理 | 300955 | 嘉亨家化 |  24.3  |   36.3   | 1.7  |   1.8   |  -1.6   |
| 美容护理 | 300886 | 华业香料 |  23.1  |   83.2   | 0.0  |   0.0   |  -0.3   |
| 美容护理 | 300658 | 延江股份 |  21.7  |   80.9   | 2.8  |  -0.9   |   3.9   |
| 美容护理 | 603238 | 诺邦股份 |  18.6  |   61.3   | 0.7  |  -0.8   |  -1.1   |
| 美容护理 | 603059 |  倍加洁  |  18.3  | -12146.2 | 1.1  |  -0.7   |  -1.6   |
| 美容护理 | 300849 | 锦盛新材 |  18.3  |  205.8   | 0.3  |   0.2   |   0.5   |
+----------+--------+----------+--------+----------+------+---------+---------+
 




 [行业>单日涨幅]
+----------+--------+----------+--------+----------+------+---------+---------+
|   行业   |  代码  |   名称   |  市值  |    pe    | 涨幅 | 3日涨幅 | 6日涨幅 |
+----------+--------+----------+--------+----------+------+---------+---------+
| 美容护理 | 300658 | 延江股份 |  21.7  |   80.9   | 2.8  |  -0.9   |   3.9   |
| 美容护理 | 002919 | 名臣健康 |  31.4  |  479.4   | 1.9  |   0.4   |  -7.3   |
| 美容护理 | 300955 | 嘉亨家化 |  24.3  |   36.3   | 1.7  |   1.8   |  -1.6   |
| 美容护理 | 300896 |  爱美客  | 1257.0 |  112.2   | 1.6  |  -3.9   |  -3.2   |
| 美容护理 | 603630 | 拉芳家化 |  31.4  |  -307.5  | 1.5  |  -0.6   |  -0.9   |
| 美容护理 | 002243 | 力合科创 | 113.3  |   81.3   | 1.5  |   2.1   |  -3.0   |
| 美容护理 | 603059 |  倍加洁  |  18.3  | -12146.2 | 1.1  |  -0.7   |  -1.6   |
| 美容护理 | 301009 | 可靠股份 |  32.4  |  413.9   | 0.9  |  -1.2   |  -4.5   |
| 美容护理 | 002094 | 青岛金王 |  25.4  |   48.1   | 0.8  |   1.1   |   1.4   |
| 美容护理 | 300888 | 稳健医疗 | 307.5  |   21.5   | 0.7  |  -0.8   |   8.4   |
| 美容护理 | 603238 | 诺邦股份 |  18.6  |   61.3   | 0.7  |  -0.8   |  -1.1   |
| 美容护理 | 600249 |  两面针  |  27.9  |  -23.6   | 0.6  |  -1.4   |  -1.4   |
| 美容护理 | 603983 | 丸美股份 | 100.2  |   38.3   | 0.6  |  -3.2   |  -6.8   |
| 美容护理 | 688363 | 华熙生物 | 652.7  |   81.7   | 0.4  |  -1.0   |  -4.6   |
| 美容护理 | 300849 | 锦盛新材 |  18.3  |  205.8   | 0.3  |   0.2   |   0.5   |
| 美容护理 | 001206 | 依依股份 |  30.3  |   41.3   | 0.2  |  -1.5   |  -3.1   |
| 美容护理 | 002511 | 中顺洁柔 | 159.8  |   29.9   | 0.1  |  -1.9   |  -2.8   |
| 美容护理 | 300740 | 水羊股份 |  53.3  |   32.0   | 0.1  |  -2.6   |  -5.8   |
| 美容护理 | 000523 | 广州浪奇 |  59.8  |  -116.4  | 0.0  |  -2.9   |  -3.6   |
| 美容护理 | 000615 | 奥园美谷 |  54.5  |  -35.1   | 0.0  |  -3.2   |  -8.4   |
| 美容护理 | 300886 | 华业香料 |  23.1  |   83.2   | 0.0  |   0.0   |  -0.3   |
| 美容护理 | 605009 | 豪悦护理 |  58.8  |   26.8   | -0.4 |  -1.1   |  -3.0   |
| 美容护理 | 300957 |  贝泰妮  | 870.0  |  149.0   | -0.6 |  -4.5   |  -5.6   |
| 美容护理 | 300856 | 科思股份 |  70.2  |   30.3   | -0.8 |  -2.6   |  -4.4   |
| 美容护理 | 600315 | 上海家化 | 240.9  |   30.2   | -0.9 |  -6.0   |  -17.1  |
| 美容护理 | 300132 | 青松股份 |  34.5  |  -14.1   | -1.6 |  -2.8   |  -4.7   |
| 美容护理 | 003006 | 百亚股份 |  49.3  |   22.2   | -1.6 |  -3.2   |  -7.1   |
| 美容护理 | 603605 |  珀莱雅  | 439.0  |   69.3   | -1.8 |  -3.7   |  -5.6   |
+----------+--------+----------+--------+----------+------+---------+---------+
