[行业>市值]
+----------+--------+----------+-------+--------+------+---------+---------+
|   行业   |  代码  |   名称   | 市值  |   pe   | 涨幅 | 3日涨幅 | 6日涨幅 |
+----------+--------+----------+-------+--------+------+---------+---------+
| 铁路公路 | 001965 | 招商公路 | 456.0 |  10.4  | -0.8 |  -0.8   |   1.3   |
| 铁路公路 | 600377 | 宁沪高速 | 416.1 |  13.1  | 0.5  |  -1.8   |  -3.6   |
| 铁路公路 | 600350 | 山东高速 | 250.7 |  8.7   | 0.0  |  -1.3   |  -0.8   |
| 铁路公路 | 600548 |  深高速  | 206.7 |  12.5  | -0.2 |  -0.3   |  -0.6   |
| 铁路公路 | 000429 | 粤高速Ａ  | 154.9 |  9.0   | 0.5  |  -3.9   |  -0.9   |
| 铁路公路 | 600662 | 外服控股 | 146.1 |  21.1  | -0.6 |   0.2   |  -5.2   |
| 铁路公路 | 603032 | 德新交运 | 129.7 |  62.5  | -2.4 |  -1.4   |  -1.9   |
| 铁路公路 | 600012 | 皖通高速 | 122.1 |  7.5   | 0.4  |  -0.8   |  -1.5   |
| 铁路公路 | 601107 | 四川成渝 | 120.2 |  11.9  | 0.0  |  -1.5   |  -0.8   |
| 铁路公路 | 000828 | 东莞控股 | 104.0 |  15.3  | -0.8 |  -0.3   |  -2.4   |
| 铁路公路 | 603069 | 海汽集团 | 97.5  | -149.5 | -1.5 |  -3.3   |  -29.4  |
| 铁路公路 | 600269 | 赣粤高速 | 81.3  |  6.1   | 0.9  |   0.0   |   0.3   |
| 铁路公路 | 000755 | 山西路桥 | 79.5  |  20.7  | 9.9  |  33.2   |  29.7   |
| 铁路公路 | 600611 | 大众交通 | 75.2  |  -7.2  | 0.6  |  -0.6   |  -2.1   |
| 铁路公路 | 600033 | 福建高速 | 74.9  |  8.3   | 0.0  |  -1.4   |  -1.4   |
| 铁路公路 | 600620 | 天宸股份 | 72.4  | -74.7  | 1.6  |  -2.9   |  -6.1   |
| 铁路公路 | 600020 | 中原高速 | 69.4  |  12.3  | 1.0  |  -0.3   |  -1.0   |
| 铁路公路 | 600650 | 锦江在线 | 65.5  |  2.9   | -1.1 |  -2.4   |  -10.2  |
| 铁路公路 | 000900 | 现代投资 | 61.6  |  9.6   | 0.2  |  -0.2   |  -1.5   |
| 铁路公路 | 000885 | 城发环境 | 58.7  |  6.5   | 0.0  |  -2.1   |  -1.7   |
| 铁路公路 | 600106 | 重庆路桥 | 56.8  |  94.0  | 0.7  |   1.4   |   0.0   |
| 铁路公路 | 600035 | 楚天高速 | 51.4  |  5.2   | 0.3  |  -3.0   |  -2.5   |
| 铁路公路 | 600834 | 申通地铁 | 45.0  |  61.8  | -0.7 |  -0.2   |  -5.8   |
| 铁路公路 | 600368 | 五洲交通 | 42.1  |  5.8   | 0.0  |  -2.6   |  -2.6   |
| 铁路公路 | 002627 | 三峡旅游 | 41.6  |  73.1  | 0.9  |  -1.9   |  -10.6  |
| 铁路公路 | 601188 | 龙江交通 | 41.5  |  17.6  | 1.3  |   0.0   |  -2.5   |
| 铁路公路 | 601518 | 吉林高速 | 35.1  |  10.3  | 0.0  |  -0.8   |  -2.6   |
| 铁路公路 | 000548 | 湖南投资 | 22.4  |  68.2  | 3.0  |  -0.2   |  -2.4   |
| 铁路公路 | 002357 | 富临运业 | 17.9  |  9.7   | 2.0  |   0.2   |  -4.2   |
| 铁路公路 | 600561 | 江西长运 | 15.2  | -23.7  | 2.9  |   1.7   |  -1.8   |
+----------+--------+----------+-------+--------+------+---------+---------+
 




 [行业>单日涨幅]
+----------+--------+----------+-------+--------+------+---------+---------+
|   行业   |  代码  |   名称   | 市值  |   pe   | 涨幅 | 3日涨幅 | 6日涨幅 |
+----------+--------+----------+-------+--------+------+---------+---------+
| 铁路公路 | 000755 | 山西路桥 | 79.5  |  20.7  | 9.9  |  33.2   |  29.7   |
| 铁路公路 | 000548 | 湖南投资 | 22.4  |  68.2  | 3.0  |  -0.2   |  -2.4   |
| 铁路公路 | 600561 | 江西长运 | 15.2  | -23.7  | 2.9  |   1.7   |  -1.8   |
| 铁路公路 | 002357 | 富临运业 | 17.9  |  9.7   | 2.0  |   0.2   |  -4.2   |
| 铁路公路 | 600620 | 天宸股份 | 72.4  | -74.7  | 1.6  |  -2.9   |  -6.1   |
| 铁路公路 | 601188 | 龙江交通 | 41.5  |  17.6  | 1.3  |   0.0   |  -2.5   |
| 铁路公路 | 600020 | 中原高速 | 69.4  |  12.3  | 1.0  |  -0.3   |  -1.0   |
| 铁路公路 | 002627 | 三峡旅游 | 41.6  |  73.1  | 0.9  |  -1.9   |  -10.6  |
| 铁路公路 | 600269 | 赣粤高速 | 81.3  |  6.1   | 0.9  |   0.0   |   0.3   |
| 铁路公路 | 600106 | 重庆路桥 | 56.8  |  94.0  | 0.7  |   1.4   |   0.0   |
| 铁路公路 | 600611 | 大众交通 | 75.2  |  -7.2  | 0.6  |  -0.6   |  -2.1   |
| 铁路公路 | 000429 | 粤高速Ａ  | 154.9 |  9.0   | 0.5  |  -3.9   |  -0.9   |
| 铁路公路 | 600377 | 宁沪高速 | 416.1 |  13.1  | 0.5  |  -1.8   |  -3.6   |
| 铁路公路 | 600012 | 皖通高速 | 122.1 |  7.5   | 0.4  |  -0.8   |  -1.5   |
| 铁路公路 | 600035 | 楚天高速 | 51.4  |  5.2   | 0.3  |  -3.0   |  -2.5   |
| 铁路公路 | 000900 | 现代投资 | 61.6  |  9.6   | 0.2  |  -0.2   |  -1.5   |
| 铁路公路 | 600350 | 山东高速 | 250.7 |  8.7   | 0.0  |  -1.3   |  -0.8   |
| 铁路公路 | 601107 | 四川成渝 | 120.2 |  11.9  | 0.0  |  -1.5   |  -0.8   |
| 铁路公路 | 600033 | 福建高速 | 74.9  |  8.3   | 0.0  |  -1.4   |  -1.4   |
| 铁路公路 | 000885 | 城发环境 | 58.7  |  6.5   | 0.0  |  -2.1   |  -1.7   |
| 铁路公路 | 600368 | 五洲交通 | 42.1  |  5.8   | 0.0  |  -2.6   |  -2.6   |
| 铁路公路 | 601518 | 吉林高速 | 35.1  |  10.3  | 0.0  |  -0.8   |  -2.6   |
| 铁路公路 | 600548 |  深高速  | 206.7 |  12.5  | -0.2 |  -0.3   |  -0.6   |
| 铁路公路 | 600662 | 外服控股 | 146.1 |  21.1  | -0.6 |   0.2   |  -5.2   |
| 铁路公路 | 600834 | 申通地铁 | 45.0  |  61.8  | -0.7 |  -0.2   |  -5.8   |
| 铁路公路 | 000828 | 东莞控股 | 104.0 |  15.3  | -0.8 |  -0.3   |  -2.4   |
| 铁路公路 | 001965 | 招商公路 | 456.0 |  10.4  | -0.8 |  -0.8   |   1.3   |
| 铁路公路 | 600650 | 锦江在线 | 65.5  |  2.9   | -1.1 |  -2.4   |  -10.2  |
| 铁路公路 | 603069 | 海汽集团 | 97.5  | -149.5 | -1.5 |  -3.3   |  -29.4  |
| 铁路公路 | 603032 | 德新交运 | 129.7 |  62.5  | -2.4 |  -1.4   |  -1.9   |
+----------+--------+----------+-------+--------+------+---------+---------+
