[行业>市值]
+------------+--------+----------+--------+-------+------+---------+---------+
|    行业    |  代码  |   名称   |  市值  |  pe   | 涨幅 | 3日涨幅 | 6日涨幅 |
+------------+--------+----------+--------+-------+------+---------+---------+
| 非金属材料 | 603260 | 合盛硅业 | 1234.0 | 15.0  | -1.8 |  -5.9   |  -2.6   |
| 非金属材料 | 603688 | 石英股份 | 517.8  | 148.2 | -4.4 |  -4.4   |   9.5   |
| 非金属材料 | 300861 | 美畅股份 | 378.4  | 33.2  | -3.6 |   4.1   |   3.2   |
| 非金属材料 | 600516 | 方大炭素 | 288.1  | 213.7 | -1.7 |  -1.7   |  -0.4   |
| 非金属材料 | 688281 | 华秦科技 | 285.6  | 120.4 | -1.7 |   4.4   |  16.4   |
| 非金属材料 | 603826 | 坤彩科技 | 269.4  | 252.4 | -1.4 |  -3.4   |  -2.2   |
| 非金属材料 | 300395 |  菲利华  | 248.4  | 68.8  | -3.7 |   0.2   |   8.9   |
| 非金属材料 | 301071 | 力量钻石 | 198.5  | 49.1  | -2.4 |   2.6   |   6.0   |
| 非金属材料 | 300035 | 中科电气 | 196.5  | 38.1  | -3.8 |   1.5   |  -2.8   |
| 非金属材料 | 603612 | 索通发展 | 182.4  | 28.8  | -2.6 |   6.6   |   7.6   |
| 非金属材料 | 688733 |  壹石通  | 155.7  | 89.3  | -4.0 |   4.3   |  16.4   |
| 非金属材料 | 300409 | 道氏技术 | 142.9  | 20.8  | -6.4 |  -6.5   |  -5.0   |
| 非金属材料 | 600330 | 天通股份 | 124.0  | 28.3  | -6.5 |  -3.6   |   4.5   |
| 非金属材料 | 600172 | 黄河旋风 | 123.9  | 107.8 | -3.2 |  -5.1   |  -1.5   |
| 非金属材料 | 600783 | 鲁信创投 |  97.7  | 49.7  | 0.7  |  -1.3   |  -1.1   |
| 非金属材料 | 688119 | 中钢洛耐 |  90.5  | 58.1  | -0.9 |  -5.7   |  -8.8   |
| 非金属材料 | 002130 | 沃尔核材 |  78.5  | 18.4  | -2.4 |  -0.5   |   1.5   |
| 非金属材料 | 688357 | 建龙微纳 |  61.2  | 34.9  | -1.2 |  -1.3   |  -8.1   |
| 非金属材料 | 688300 | 联瑞新材 |  60.4  | 35.4  | 0.6  |  -0.3   |  -9.6   |
| 非金属材料 | 001296 | 长江材料 |  25.0  | 43.6  | -1.4 |  -0.8   |  -4.8   |
| 非金属材料 | 300743 | 天地数码 |  16.1  | 54.4  | 3.4  |   1.8   |   0.7   |
+------------+--------+----------+--------+-------+------+---------+---------+
 




 [行业>单日涨幅]
+------------+--------+----------+--------+-------+------+---------+---------+
|    行业    |  代码  |   名称   |  市值  |  pe   | 涨幅 | 3日涨幅 | 6日涨幅 |
+------------+--------+----------+--------+-------+------+---------+---------+
| 非金属材料 | 300743 | 天地数码 |  16.1  | 54.4  | 3.4  |   1.8   |   0.7   |
| 非金属材料 | 600783 | 鲁信创投 |  97.7  | 49.7  | 0.7  |  -1.3   |  -1.1   |
| 非金属材料 | 688300 | 联瑞新材 |  60.4  | 35.4  | 0.6  |  -0.3   |  -9.6   |
| 非金属材料 | 688119 | 中钢洛耐 |  90.5  | 58.1  | -0.9 |  -5.7   |  -8.8   |
| 非金属材料 | 688357 | 建龙微纳 |  61.2  | 34.9  | -1.2 |  -1.3   |  -8.1   |
| 非金属材料 | 603826 | 坤彩科技 | 269.4  | 252.4 | -1.4 |  -3.4   |  -2.2   |
| 非金属材料 | 001296 | 长江材料 |  25.0  | 43.6  | -1.4 |  -0.8   |  -4.8   |
| 非金属材料 | 600516 | 方大炭素 | 288.1  | 213.7 | -1.7 |  -1.7   |  -0.4   |
| 非金属材料 | 688281 | 华秦科技 | 285.6  | 120.4 | -1.7 |   4.4   |  16.4   |
| 非金属材料 | 603260 | 合盛硅业 | 1234.0 | 15.0  | -1.8 |  -5.9   |  -2.6   |
| 非金属材料 | 301071 | 力量钻石 | 198.5  | 49.1  | -2.4 |   2.6   |   6.0   |
| 非金属材料 | 002130 | 沃尔核材 |  78.5  | 18.4  | -2.4 |  -0.5   |   1.5   |
| 非金属材料 | 603612 | 索通发展 | 182.4  | 28.8  | -2.6 |   6.6   |   7.6   |
| 非金属材料 | 600172 | 黄河旋风 | 123.9  | 107.8 | -3.2 |  -5.1   |  -1.5   |
| 非金属材料 | 300861 | 美畅股份 | 378.4  | 33.2  | -3.6 |   4.1   |   3.2   |
| 非金属材料 | 300395 |  菲利华  | 248.4  | 68.8  | -3.7 |   0.2   |   8.9   |
| 非金属材料 | 300035 | 中科电气 | 196.5  | 38.1  | -3.8 |   1.5   |  -2.8   |
| 非金属材料 | 688733 |  壹石通  | 155.7  | 89.3  | -4.0 |   4.3   |  16.4   |
| 非金属材料 | 603688 | 石英股份 | 517.8  | 148.2 | -4.4 |  -4.4   |   9.5   |
| 非金属材料 | 300409 | 道氏技术 | 142.9  | 20.8  | -6.4 |  -6.5   |  -5.0   |
| 非金属材料 | 600330 | 天通股份 | 124.0  | 28.3  | -6.5 |  -3.6   |   4.5   |
+------------+--------+----------+--------+-------+------+---------+---------+
