[行业>市值]
+----------+--------+----------+-------+-------+------+---------+---------+
|   行业   |  代码  |   名称   | 市值  |  pe   | 涨幅 | 3日涨幅 | 6日涨幅 |
+----------+--------+----------+-------+-------+------+---------+---------+
| 专业服务 | 300012 | 华测检测 | 381.3 | 79.5  | 1.1  |   6.3   |   2.6   |
| 专业服务 | 003035 | 南网能源 | 240.2 | 67.1  | 0.2  |   1.1   |   3.9   |
| 专业服务 | 301080 | 百普赛斯 | 119.9 | 56.0  | -1.1 |   4.9   |  13.1   |
| 专业服务 | 688133 | 泰坦科技 | 119.0 | 153.1 | -0.5 |  -0.3   |   8.3   |
| 专业服务 | 300887 | 谱尼测试 | 108.4 | 491.6 | -0.9 |   4.2   |  -0.3   |
| 专业服务 | 002967 | 广电计量 | 101.8 | -32.0 | -1.7 |  -2.0   |   4.4   |
| 专业服务 | 300416 | 苏试试验 | 86.9  | 75.3  | 1.2  |   0.5   |   3.5   |
| 专业服务 | 603060 | 国检集团 | 84.5  | -75.3 | -0.4 |  -0.8   |   3.3   |
| 专业服务 | 688179 |  阿拉丁  | 73.3  | 59.1  | -2.0 |   6.8   |  19.1   |
| 专业服务 | 603698 | 航天工程 | 70.3  | 96.0  | -0.5 |  -1.6   |   0.1   |
| 专业服务 | 301166 |  优宁维  | 54.8  | 63.1  | -3.0 |  -2.7   |  -7.7   |
| 专业服务 | 300384 | 三联虹普 | 53.5  | 22.6  | -1.5 |  -3.9   |  -2.7   |
| 专业服务 | 300215 |  电科院  | 49.4  | 84.6  | -0.9 |  -1.4   |   1.4   |
| 专业服务 | 002564 | 天沃科技 | 44.3  | 592.5 | 1.4  |  12.3   |  17.2   |
| 专业服务 | 002878 | 元隆雅图 | 40.1  | 10.8  | -1.6 |  -0.7   |  -2.0   |
| 专业服务 | 300962 | 中金辐照 | 39.3  | 34.5  | -0.9 |  -0.8   |  -3.4   |
| 专业服务 | 300797 | 钢研纳克 | 33.6  | 56.5  | -1.1 |  -1.7   |  -0.9   |
| 专业服务 | 300572 | 安车检测 | 32.6  | 53.9  | -0.7 |   0.0   |   6.9   |
| 专业服务 | 301257 |  普蕊斯  | 31.5  | 80.8  | -2.3 |  -1.1   |  -3.0   |
| 专业服务 | 603776 |  永安行  | 30.6  | 61.8  | -0.8 |   1.1   |   3.9   |
| 专业服务 | 300938 | 信测标准 | 30.1  | 33.6  | -3.1 |  -0.6   |  -2.7   |
| 专业服务 | 301169 | 零点有数 | 27.2  | -56.5 | -0.1 |   0.0   |  -1.1   |
| 专业服务 | 301228 | 实朴检测 | 26.0  | -44.9 | -1.7 |  -1.4   |   0.8   |
| 专业服务 | 603183 |  建研院  | 25.0  | -61.5 | -4.0 |  -1.4   |  -2.0   |
| 专业服务 | 003008 | 开普检测 | 19.1  | 35.3  | -1.6 |   0.2   |   3.3   |
+----------+--------+----------+-------+-------+------+---------+---------+
 




 [行业>单日涨幅]
+----------+--------+----------+-------+-------+------+---------+---------+
|   行业   |  代码  |   名称   | 市值  |  pe   | 涨幅 | 3日涨幅 | 6日涨幅 |
+----------+--------+----------+-------+-------+------+---------+---------+
| 专业服务 | 002564 | 天沃科技 | 44.3  | 592.5 | 1.4  |  12.3   |  17.2   |
| 专业服务 | 300416 | 苏试试验 | 86.9  | 75.3  | 1.2  |   0.5   |   3.5   |
| 专业服务 | 300012 | 华测检测 | 381.3 | 79.5  | 1.1  |   6.3   |   2.6   |
| 专业服务 | 003035 | 南网能源 | 240.2 | 67.1  | 0.2  |   1.1   |   3.9   |
| 专业服务 | 301169 | 零点有数 | 27.2  | -56.5 | -0.1 |   0.0   |  -1.1   |
| 专业服务 | 603060 | 国检集团 | 84.5  | -75.3 | -0.4 |  -0.8   |   3.3   |
| 专业服务 | 688133 | 泰坦科技 | 119.0 | 153.1 | -0.5 |  -0.3   |   8.3   |
| 专业服务 | 603698 | 航天工程 | 70.3  | 96.0  | -0.5 |  -1.6   |   0.1   |
| 专业服务 | 300572 | 安车检测 | 32.6  | 53.9  | -0.7 |   0.0   |   6.9   |
| 专业服务 | 603776 |  永安行  | 30.6  | 61.8  | -0.8 |   1.1   |   3.9   |
| 专业服务 | 300962 | 中金辐照 | 39.3  | 34.5  | -0.9 |  -0.8   |  -3.4   |
| 专业服务 | 300887 | 谱尼测试 | 108.4 | 491.6 | -0.9 |   4.2   |  -0.3   |
| 专业服务 | 300215 |  电科院  | 49.4  | 84.6  | -0.9 |  -1.4   |   1.4   |
| 专业服务 | 301080 | 百普赛斯 | 119.9 | 56.0  | -1.1 |   4.9   |  13.1   |
| 专业服务 | 300797 | 钢研纳克 | 33.6  | 56.5  | -1.1 |  -1.7   |  -0.9   |
| 专业服务 | 300384 | 三联虹普 | 53.5  | 22.6  | -1.5 |  -3.9   |  -2.7   |
| 专业服务 | 003008 | 开普检测 | 19.1  | 35.3  | -1.6 |   0.2   |   3.3   |
| 专业服务 | 002878 | 元隆雅图 | 40.1  | 10.8  | -1.6 |  -0.7   |  -2.0   |
| 专业服务 | 301228 | 实朴检测 | 26.0  | -44.9 | -1.7 |  -1.4   |   0.8   |
| 专业服务 | 002967 | 广电计量 | 101.8 | -32.0 | -1.7 |  -2.0   |   4.4   |
| 专业服务 | 688179 |  阿拉丁  | 73.3  | 59.1  | -2.0 |   6.8   |  19.1   |
| 专业服务 | 301257 |  普蕊斯  | 31.5  | 80.8  | -2.3 |  -1.1   |  -3.0   |
| 专业服务 | 301166 |  优宁维  | 54.8  | 63.1  | -3.0 |  -2.7   |  -7.7   |
| 专业服务 | 300938 | 信测标准 | 30.1  | 33.6  | -3.1 |  -0.6   |  -2.7   |
| 专业服务 | 603183 |  建研院  | 25.0  | -61.5 | -4.0 |  -1.4   |  -2.0   |
+----------+--------+----------+-------+-------+------+---------+---------+
