[行业>市值]
+------+--------+----------+--------+------+------+---------+---------+
| 行业 |  代码  |   名称   |  市值  |  pe  | 涨幅 | 3日涨幅 | 6日涨幅 |
+------+--------+----------+--------+------+------+---------+---------+
| 保险 | 601318 | 中国平安 | 8151.0 | 9.9  | 1.0  |   1.3   |   1.0   |
| 保险 | 601628 | 中国人寿 | 7114.0 | 11.7 | 0.2  |   0.2   |   2.9   |
| 保险 | 601601 | 中国太保 | 2074.0 | 9.5  | 0.6  |   2.3   |   2.3   |
| 保险 | 601319 | 中国人保 | 2061.0 | 5.9  | 1.3  |   1.1   |   0.9   |
| 保险 | 601336 | 新华保险 | 902.5  | 16.8 | 1.2  |   2.8   |   3.1   |
| 保险 | 000627 | 天茂集团 | 146.7  | 24.9 | 0.0  |   1.0   |   2.6   |
+------+--------+----------+--------+------+------+---------+---------+
 




 [行业>单日涨幅]
+------+--------+----------+--------+------+------+---------+---------+
| 行业 |  代码  |   名称   |  市值  |  pe  | 涨幅 | 3日涨幅 | 6日涨幅 |
+------+--------+----------+--------+------+------+---------+---------+
| 保险 | 601319 | 中国人保 | 2061.0 | 5.9  | 1.3  |   1.1   |   0.9   |
| 保险 | 601336 | 新华保险 | 902.5  | 16.8 | 1.2  |   2.8   |   3.1   |
| 保险 | 601318 | 中国平安 | 8151.0 | 9.9  | 1.0  |   1.3   |   1.0   |
| 保险 | 601601 | 中国太保 | 2074.0 | 9.5  | 0.6  |   2.3   |   2.3   |
| 保险 | 601628 | 中国人寿 | 7114.0 | 11.7 | 0.2  |   0.2   |   2.9   |
| 保险 | 000627 | 天茂集团 | 146.7  | 24.9 | 0.0  |   1.0   |   2.6   |
+------+--------+----------+--------+------+------+---------+---------+
