[行业>市值]
+----------+--------+----------+-------+--------+------+---------+---------+
|   行业   |  代码  |   名称   | 市值  |   pe   | 涨幅 | 3日涨幅 | 6日涨幅 |
+----------+--------+----------+-------+--------+------+---------+---------+
| 包装材料 | 002191 | 劲嘉股份 | 141.8 |  11.7  | -2.5 |   7.8   |  11.1   |
| 包装材料 | 002701 |  奥瑞金  | 127.9 |  15.5  | -0.4 |   0.0   |   1.8   |
| 包装材料 | 600210 | 紫江企业 | 96.5  |  19.9  | 7.1  |   9.8   |  15.4   |
| 包装材料 | 601515 | 东风股份 | 83.3  |  17.2  | -0.2 |   2.7   |   4.6   |
| 包装材料 | 601968 | 宝钢包装 | 78.4  |  30.6  | -2.1 |  -2.5   |  -6.0   |
| 包装材料 | 002735 | 王子新材 | 52.0  |  31.9  | 2.4  |   2.9   |   1.4   |
| 包装材料 | 002303 |  美盈森  | 51.3  |  31.2  | -0.9 |  -0.3   |   3.1   |
| 包装材料 | 002565 | 顺灏股份 | 50.8  | -439.2 | -0.2 |  21.0   |  21.3   |
| 包装材料 | 600836 | 上海易连 | 46.4  | 533.0  | 0.1  |   0.0   |   7.6   |
| 包装材料 | 301062 | 上海艾录 | 46.4  |  36.5  | -1.7 |  -1.4   |   0.0   |
| 包装材料 | 002752 | 昇兴股份 | 43.9  |  23.3  | 0.5  |   0.2   |   2.3   |
| 包装材料 | 000812 | 陕西金叶 | 43.4  | 167.0  | -1.9 |   4.4   |   6.6   |
| 包装材料 | 000659 | 珠海中富 | 43.2  | -55.5  | -1.2 |  -2.0   |  -1.8   |
| 包装材料 | 002228 | 合兴包装 | 42.5  |  20.3  | -0.9 |  -1.4   |   2.1   |
| 包装材料 | 002014 | 永新股份 | 40.2  |  15.4  | -0.8 |  -2.1   |   1.1   |
| 包装材料 | 002969 | 嘉美包装 | 39.6  | 169.0  | -0.5 |   0.5   |   2.0   |
| 包装材料 | 603687 | XD大胜达 | 35.6  |  36.5  | -0.9 |  -0.5   |   3.3   |
| 包装材料 | 002951 | 金时科技 | 33.0  | 862.6  | -1.1 |  -1.0   |   0.2   |
| 包装材料 | 300501 | 海顺新材 | 27.6  |  27.1  | -1.0 |  -0.1   |   2.2   |
| 包装材料 | 002799 | 环球印务 | 27.3  |  24.9  | 1.5  |   2.3   |   2.6   |
| 包装材料 | 002599 | 盛通股份 | 24.4  | -24.6  | 0.9  |  -0.2   |  -2.0   |
| 包装材料 | 002846 | 英联股份 | 19.4  | -91.2  | -1.0 |  -0.7   |  -1.6   |
| 包装材料 | 603022 |  新通联  | 17.7  |  55.2  | -0.9 |  -1.7   |  -0.5   |
| 包装材料 | 002787 | 华源控股 | 17.6  | 137.5  | 0.0  |   0.9   |   1.3   |
| 包装材料 | 003003 | 天元股份 | 15.9  | 1367.7 | -0.4 |   0.0   |   0.1   |
+----------+--------+----------+-------+--------+------+---------+---------+
 




 [行业>单日涨幅]
+----------+--------+----------+-------+--------+------+---------+---------+
|   行业   |  代码  |   名称   | 市值  |   pe   | 涨幅 | 3日涨幅 | 6日涨幅 |
+----------+--------+----------+-------+--------+------+---------+---------+
| 包装材料 | 600210 | 紫江企业 | 96.5  |  19.9  | 7.1  |   9.8   |  15.4   |
| 包装材料 | 002735 | 王子新材 | 52.0  |  31.9  | 2.4  |   2.9   |   1.4   |
| 包装材料 | 002799 | 环球印务 | 27.3  |  24.9  | 1.5  |   2.3   |   2.6   |
| 包装材料 | 002599 | 盛通股份 | 24.4  | -24.6  | 0.9  |  -0.2   |  -2.0   |
| 包装材料 | 002752 | 昇兴股份 | 43.9  |  23.3  | 0.5  |   0.2   |   2.3   |
| 包装材料 | 600836 | 上海易连 | 46.4  | 533.0  | 0.1  |   0.0   |   7.6   |
| 包装材料 | 002787 | 华源控股 | 17.6  | 137.5  | 0.0  |   0.9   |   1.3   |
| 包装材料 | 002565 | 顺灏股份 | 50.8  | -439.2 | -0.2 |  21.0   |  21.3   |
| 包装材料 | 601515 | 东风股份 | 83.3  |  17.2  | -0.2 |   2.7   |   4.6   |
| 包装材料 | 002701 |  奥瑞金  | 127.9 |  15.5  | -0.4 |   0.0   |   1.8   |
| 包装材料 | 003003 | 天元股份 | 15.9  | 1367.7 | -0.4 |   0.0   |   0.1   |
| 包装材料 | 002969 | 嘉美包装 | 39.6  | 169.0  | -0.5 |   0.5   |   2.0   |
| 包装材料 | 002014 | 永新股份 | 40.2  |  15.4  | -0.8 |  -2.1   |   1.1   |
| 包装材料 | 002228 | 合兴包装 | 42.5  |  20.3  | -0.9 |  -1.4   |   2.1   |
| 包装材料 | 002303 |  美盈森  | 51.3  |  31.2  | -0.9 |  -0.3   |   3.1   |
| 包装材料 | 603022 |  新通联  | 17.7  |  55.2  | -0.9 |  -1.7   |  -0.5   |
| 包装材料 | 603687 | XD大胜达 | 35.6  |  36.5  | -0.9 |  -0.5   |   3.3   |
| 包装材料 | 300501 | 海顺新材 | 27.6  |  27.1  | -1.0 |  -0.1   |   2.2   |
| 包装材料 | 002846 | 英联股份 | 19.4  | -91.2  | -1.0 |  -0.7   |  -1.6   |
| 包装材料 | 002951 | 金时科技 | 33.0  | 862.6  | -1.1 |  -1.0   |   0.2   |
| 包装材料 | 000659 | 珠海中富 | 43.2  | -55.5  | -1.2 |  -2.0   |  -1.8   |
| 包装材料 | 301062 | 上海艾录 | 46.4  |  36.5  | -1.7 |  -1.4   |   0.0   |
| 包装材料 | 000812 | 陕西金叶 | 43.4  | 167.0  | -1.9 |   4.4   |   6.6   |
| 包装材料 | 601968 | 宝钢包装 | 78.4  |  30.6  | -2.1 |  -2.5   |  -6.0   |
| 包装材料 | 002191 | 劲嘉股份 | 141.8 |  11.7  | -2.5 |   7.8   |  11.1   |
+----------+--------+----------+-------+--------+------+---------+---------+
