[行业>市值]
+----------+--------+----------+--------+-------+------+---------+---------+
|   行业   |  代码  |   名称   |  市值  |  pe   | 涨幅 | 3日涨幅 | 6日涨幅 |
+----------+--------+----------+--------+-------+------+---------+---------+
| 化纤行业 | 600346 | 恒力石化 | 1639.0 |  9.7  | 3.0  |   4.2   |   3.7   |
| 化纤行业 | 002493 | 荣盛石化 | 1629.0 | 13.1  | 3.5  |   5.7   |   6.8   |
| 化纤行业 | 000301 | 东方盛虹 | 931.8  | 33.8  | 0.3  |   2.4   |   1.8   |
| 化纤行业 | 002064 | 华峰化学 | 419.8  |  7.7  | 0.2  |   2.3   |   6.4   |
| 化纤行业 | 601233 | 桐昆股份 | 412.5  |  6.9  | 0.2  |   1.8   |   1.4   |
| 化纤行业 | 000703 | 恒逸石化 | 389.4  | 13.3  | 0.3  |   4.3   |   1.9   |
| 化纤行业 | 688295 | 中复神鹰 | 334.1  | 70.9  | 1.8  |   2.7   |  13.1   |
| 化纤行业 | 300777 | 中简科技 | 203.5  | 56.1  | -1.9 |   1.2   |   2.1   |
| 化纤行业 | 603225 |  新凤鸣  | 178.9  | 15.7  | -0.7 |   2.8   |  -1.6   |
| 化纤行业 | 600063 | 皖维高新 | 138.7  |  8.3  | 2.1  |   2.6   |  -1.5   |
| 化纤行业 | 002254 | 泰和新材 | 103.5  | 17.7  | 0.7  |   3.3   |   6.2   |
| 化纤行业 | 600810 | 神马股份 |  98.2  |  6.7  | 1.0  |   1.5   |   3.5   |
| 化纤行业 | 000420 | 吉林化纤 |  91.5  | -46.7 | -2.5 |   4.5   |  13.1   |
| 化纤行业 | 002206 | 海 利 得 |  77.7  | 15.8  | -2.6 |  11.6   |   5.3   |
| 化纤行业 | 000949 | 新乡化纤 |  54.4  | 33.2  | 0.3  |   1.6   |   1.9   |
| 化纤行业 | 601113 |  ST华鼎  |  49.9  | -16.4 | 3.3  |  -1.8   |  -4.6   |
| 化纤行业 | 000936 | 华西股份 |  47.0  | 60.9  | 0.6  |  -1.3   |   9.9   |
| 化纤行业 | 002427 | *ST尤夫  |  38.5  | -5.5  | 2.4  |   0.2   |  11.4   |
| 化纤行业 | 600527 | 江南高纤 |  37.1  | 57.9  | 0.0  |   0.5   |   0.5   |
| 化纤行业 | 603332 | 苏州龙杰 |  34.4  | -64.0 | 0.9  |   4.1   |  10.8   |
| 化纤行业 | 688722 |  同益中  |  33.0  | 27.0  | -1.7 |   0.6   |  11.4   |
| 化纤行业 | 002172 | 澳洋健康 |  26.7  | 20.6  | -0.6 |   0.3   |   0.3   |
| 化纤行业 | 000677 | 恒天海龙 |  26.0  | 41.9  | -0.7 |  -1.3   |  -1.6   |
| 化纤行业 | 301057 | 汇隆新材 |  25.6  | 51.7  | -0.6 |   1.4   |   2.6   |
| 化纤行业 | 000782 | 美达股份 |  24.8  | 31.2  | 0.9  |   1.5   |   0.9   |
| 化纤行业 | 002998 | 优彩资源 |  23.8  | 19.9  | -1.1 |  -1.9   |   1.8   |
| 化纤行业 | 300876 | 蒙泰高新 |  22.0  | 36.2  | -2.1 |  -1.1   |   0.3   |
| 化纤行业 | 600889 | 南京化纤 |  17.5  | -13.8 | -0.4 |  -0.6   |   1.3   |
+----------+--------+----------+--------+-------+------+---------+---------+
 




 [行业>单日涨幅]
+----------+--------+----------+--------+-------+------+---------+---------+
|   行业   |  代码  |   名称   |  市值  |  pe   | 涨幅 | 3日涨幅 | 6日涨幅 |
+----------+--------+----------+--------+-------+------+---------+---------+
| 化纤行业 | 002493 | 荣盛石化 | 1629.0 | 13.1  | 3.5  |   5.7   |   6.8   |
| 化纤行业 | 601113 |  ST华鼎  |  49.9  | -16.4 | 3.3  |  -1.8   |  -4.6   |
| 化纤行业 | 600346 | 恒力石化 | 1639.0 |  9.7  | 3.0  |   4.2   |   3.7   |
| 化纤行业 | 002427 | *ST尤夫  |  38.5  | -5.5  | 2.4  |   0.2   |  11.4   |
| 化纤行业 | 600063 | 皖维高新 | 138.7  |  8.3  | 2.1  |   2.6   |  -1.5   |
| 化纤行业 | 688295 | 中复神鹰 | 334.1  | 70.9  | 1.8  |   2.7   |  13.1   |
| 化纤行业 | 600810 | 神马股份 |  98.2  |  6.7  | 1.0  |   1.5   |   3.5   |
| 化纤行业 | 603332 | 苏州龙杰 |  34.4  | -64.0 | 0.9  |   4.1   |  10.8   |
| 化纤行业 | 000782 | 美达股份 |  24.8  | 31.2  | 0.9  |   1.5   |   0.9   |
| 化纤行业 | 002254 | 泰和新材 | 103.5  | 17.7  | 0.7  |   3.3   |   6.2   |
| 化纤行业 | 000936 | 华西股份 |  47.0  | 60.9  | 0.6  |  -1.3   |   9.9   |
| 化纤行业 | 000703 | 恒逸石化 | 389.4  | 13.3  | 0.3  |   4.3   |   1.9   |
| 化纤行业 | 000949 | 新乡化纤 |  54.4  | 33.2  | 0.3  |   1.6   |   1.9   |
| 化纤行业 | 000301 | 东方盛虹 | 931.8  | 33.8  | 0.3  |   2.4   |   1.8   |
| 化纤行业 | 002064 | 华峰化学 | 419.8  |  7.7  | 0.2  |   2.3   |   6.4   |
| 化纤行业 | 601233 | 桐昆股份 | 412.5  |  6.9  | 0.2  |   1.8   |   1.4   |
| 化纤行业 | 600527 | 江南高纤 |  37.1  | 57.9  | 0.0  |   0.5   |   0.5   |
| 化纤行业 | 600889 | 南京化纤 |  17.5  | -13.8 | -0.4 |  -0.6   |   1.3   |
| 化纤行业 | 002172 | 澳洋健康 |  26.7  | 20.6  | -0.6 |   0.3   |   0.3   |
| 化纤行业 | 301057 | 汇隆新材 |  25.6  | 51.7  | -0.6 |   1.4   |   2.6   |
| 化纤行业 | 000677 | 恒天海龙 |  26.0  | 41.9  | -0.7 |  -1.3   |  -1.6   |
| 化纤行业 | 603225 |  新凤鸣  | 178.9  | 15.7  | -0.7 |   2.8   |  -1.6   |
| 化纤行业 | 002998 | 优彩资源 |  23.8  | 19.9  | -1.1 |  -1.9   |   1.8   |
| 化纤行业 | 688722 |  同益中  |  33.0  | 27.0  | -1.7 |   0.6   |  11.4   |
| 化纤行业 | 300777 | 中简科技 | 203.5  | 56.1  | -1.9 |   1.2   |   2.1   |
| 化纤行业 | 300876 | 蒙泰高新 |  22.0  | 36.2  | -2.1 |  -1.1   |   0.3   |
| 化纤行业 | 000420 | 吉林化纤 |  91.5  | -46.7 | -2.5 |   4.5   |  13.1   |
| 化纤行业 | 002206 | 海 利 得 |  77.7  | 15.8  | -2.6 |  11.6   |   5.3   |
+----------+--------+----------+--------+-------+------+---------+---------+
