[行业>市值]
+----------+--------+----------+--------+-------+------+---------+---------+
|   行业   |  代码  |   名称   |  市值  |  pe   | 涨幅 | 3日涨幅 | 6日涨幅 |
+----------+--------+----------+--------+-------+------+---------+---------+
| 化肥行业 | 000792 | 盐湖股份 | 1765.0 | 12.6  | 4.2  |   6.8   |   3.0   |
| 化肥行业 | 600096 |  云天化  | 544.7  |  8.3  | 5.9  |  10.3   |  10.8   |
| 化肥行业 | 000408 | 藏格矿业 | 515.5  | 15.8  | 3.4  |   8.1   |   7.7   |
| 化肥行业 | 600141 | 兴发集团 | 451.4  |  6.6  | 1.9  |   8.6   |  10.0   |
| 化肥行业 | 000893 | 亚钾国际 | 267.1  | 23.8  | 2.0  |   6.3   |  -1.6   |
| 化肥行业 | 002312 | 川发龙蟒 | 231.5  | 21.2  | 10.0 |  17.3   |  19.0   |
| 化肥行业 | 000902 |  新洋丰  | 220.7  | 13.6  | -0.6 |   3.5   |   3.0   |
| 化肥行业 | 002895 | 川恒股份 | 187.2  | 45.0  | 6.0  |   9.1   |  20.0   |
| 化肥行业 | 002539 | 云图控股 | 168.2  |  9.0  | 1.6  |   9.6   |  10.8   |
| 化肥行业 | 603938 | 三孚股份 | 130.2  | 21.6  | 4.3  |   6.4   |   1.1   |
| 化肥行业 | 002556 | 辉隆股份 | 111.9  | 13.4  | -1.8 |   2.9   |   6.9   |
| 化肥行业 | 002274 | 华昌化工 |  99.9  | 10.2  | 0.0  |   0.6   |   3.7   |
| 化肥行业 | 600691 | 阳煤化工 |  97.4  | 26.3  | 2.8  |   4.1   |   2.5   |
| 化肥行业 | 000912 |  泸天化  |  88.6  | 15.8  | 1.4  |   2.7   |   2.0   |
| 化肥行业 | 600078 | *ST澄星  |  80.5  | 29.8  | 3.1  |  -4.8   |   4.2   |
| 化肥行业 | 002588 |  史丹利  |  80.2  | 13.4  | -1.4 |   0.4   |  -0.7   |
| 化肥行业 | 002538 |  司尔特  |  78.6  | 12.7  | 3.5  |   5.9   |  11.8   |
| 化肥行业 | 002470 |  ST金正  |  75.9  | -72.8 | -1.7 |  -2.1   |  -0.4   |
| 化肥行业 | 300505 |  川金诺  |  59.9  | 25.0  | 4.6  |  11.8   |   7.2   |
| 化肥行业 | 000731 | 四川美丰 |  55.6  |  7.8  | 1.1  |   3.5   |   1.5   |
| 化肥行业 | 002170 | 芭田股份 |  50.7  | 58.4  | 1.2  |   1.8   |   3.1   |
| 化肥行业 | 600470 | 六国化工 |  43.5  | 16.3  | 5.2  |   7.5   |   7.0   |
| 化肥行业 | 002999 | 天禾股份 |  27.6  | 49.4  | 1.8  |   5.3   |   5.6   |
| 化肥行业 | 300387 | 富邦股份 |  20.9  | 38.7  | -1.2 |  -1.8   |  -3.9   |
| 化肥行业 | 000611 |  天首退  |  3.4   | -10.8 | -4.7 |  -70.6  |  -70.6  |
+----------+--------+----------+--------+-------+------+---------+---------+
 




 [行业>单日涨幅]
+----------+--------+----------+--------+-------+------+---------+---------+
|   行业   |  代码  |   名称   |  市值  |  pe   | 涨幅 | 3日涨幅 | 6日涨幅 |
+----------+--------+----------+--------+-------+------+---------+---------+
| 化肥行业 | 002312 | 川发龙蟒 | 231.5  | 21.2  | 10.0 |  17.3   |  19.0   |
| 化肥行业 | 002895 | 川恒股份 | 187.2  | 45.0  | 6.0  |   9.1   |  20.0   |
| 化肥行业 | 600096 |  云天化  | 544.7  |  8.3  | 5.9  |  10.3   |  10.8   |
| 化肥行业 | 600470 | 六国化工 |  43.5  | 16.3  | 5.2  |   7.5   |   7.0   |
| 化肥行业 | 300505 |  川金诺  |  59.9  | 25.0  | 4.6  |  11.8   |   7.2   |
| 化肥行业 | 603938 | 三孚股份 | 130.2  | 21.6  | 4.3  |   6.4   |   1.1   |
| 化肥行业 | 000792 | 盐湖股份 | 1765.0 | 12.6  | 4.2  |   6.8   |   3.0   |
| 化肥行业 | 002538 |  司尔特  |  78.6  | 12.7  | 3.5  |   5.9   |  11.8   |
| 化肥行业 | 000408 | 藏格矿业 | 515.5  | 15.8  | 3.4  |   8.1   |   7.7   |
| 化肥行业 | 600078 | *ST澄星  |  80.5  | 29.8  | 3.1  |  -4.8   |   4.2   |
| 化肥行业 | 600691 | 阳煤化工 |  97.4  | 26.3  | 2.8  |   4.1   |   2.5   |
| 化肥行业 | 000893 | 亚钾国际 | 267.1  | 23.8  | 2.0  |   6.3   |  -1.6   |
| 化肥行业 | 600141 | 兴发集团 | 451.4  |  6.6  | 1.9  |   8.6   |  10.0   |
| 化肥行业 | 002999 | 天禾股份 |  27.6  | 49.4  | 1.8  |   5.3   |   5.6   |
| 化肥行业 | 002539 | 云图控股 | 168.2  |  9.0  | 1.6  |   9.6   |  10.8   |
| 化肥行业 | 000912 |  泸天化  |  88.6  | 15.8  | 1.4  |   2.7   |   2.0   |
| 化肥行业 | 002170 | 芭田股份 |  50.7  | 58.4  | 1.2  |   1.8   |   3.1   |
| 化肥行业 | 000731 | 四川美丰 |  55.6  |  7.8  | 1.1  |   3.5   |   1.5   |
| 化肥行业 | 002274 | 华昌化工 |  99.9  | 10.2  | 0.0  |   0.6   |   3.7   |
| 化肥行业 | 000902 |  新洋丰  | 220.7  | 13.6  | -0.6 |   3.5   |   3.0   |
| 化肥行业 | 300387 | 富邦股份 |  20.9  | 38.7  | -1.2 |  -1.8   |  -3.9   |
| 化肥行业 | 002588 |  史丹利  |  80.2  | 13.4  | -1.4 |   0.4   |  -0.7   |
| 化肥行业 | 002470 |  ST金正  |  75.9  | -72.8 | -1.7 |  -2.1   |  -0.4   |
| 化肥行业 | 002556 | 辉隆股份 | 111.9  | 13.4  | -1.8 |   2.9   |   6.9   |
| 化肥行业 | 000611 |  天首退  |  3.4   | -10.8 | -4.7 |  -70.6  |  -70.6  |
+----------+--------+----------+--------+-------+------+---------+---------+
