[行业>市值]
+----------+--------+----------+-------+--------+------+---------+---------+
|   行业   |  代码  |   名称   | 市值  |   pe   | 涨幅 | 3日涨幅 | 6日涨幅 |
+----------+--------+----------+-------+--------+------+---------+---------+
| 家用轻工 | 603899 | 晨光股份 | 474.4 |  43.0  | 0.3  |   2.5   |   0.4   |
| 家用轻工 | 605099 | 共创草坪 | 104.5 |  30.6  | -1.5 |  -3.7   |   6.0   |
| 家用轻工 | 002489 | 浙江永强 | 87.5  |  15.9  | -1.9 |   6.9   |   5.2   |
| 家用轻工 | 603398 | 沐邦高科 | 85.7  | -235.0 | -4.0 |  -11.3  |  -2.9   |
| 家用轻工 | 002678 | 珠江钢琴 | 80.1  |  37.8  | -0.5 |  -2.3   |  -0.8   |
| 家用轻工 | 301101 | 明月镜片 | 72.1  |  81.6  | 11.7 |  11.2   |  13.2   |
| 家用轻工 | 002605 | 姚记科技 | 64.0  |  17.4  | -0.3 |  -0.9   |   4.0   |
| 家用轻工 | 603848 |  好太太  | 53.4  |  29.5  | -4.6 |   1.0   |   2.5   |
| 家用轻工 | 002301 | 齐心集团 | 44.2  |  20.1  | -0.8 |  -1.0   |  -0.3   |
| 家用轻工 | 605299 | 舒华体育 | 43.2  |  81.3  | -0.9 |  -2.4   |   2.6   |
| 家用轻工 | 300729 | 乐歌股份 | 36.9  |  51.1  | -0.8 |  -1.6   |   2.3   |
| 家用轻工 | 300651 | 金陵体育 | 36.5  | 357.3  | 0.0  |  -8.4   |  -21.1  |
| 家用轻工 | 002575 | 群兴玩具 | 33.4  | 481.1  | 4.7  |  16.9   |  19.2   |
| 家用轻工 | 600439 |  瑞贝卡  | 30.4  |  59.6  | -1.8 |  -1.8   |  -2.5   |
| 家用轻工 | 002571 | 德力股份 | 26.5  | 257.1  | 2.1  |  16.9   |  12.5   |
| 家用轻工 | 002103 | 广博股份 | 23.7  | -39.6  | 1.4  |   1.6   |  -3.1   |
| 家用轻工 | 002615 |  哈尔斯  | 22.9  |  18.6  | 1.8  |   0.9   |   0.0   |
| 家用轻工 | 301004 | 嘉益股份 | 21.7  |  16.4  | -2.2 |   3.2   |   6.2   |
| 家用轻工 | 002348 | 高乐股份 | 19.0  |  -9.5  | -0.5 |  -1.5   |  -2.9   |
| 家用轻工 | 300329 | 海伦钢琴 | 17.2  |  68.2  | -0.3 |  -0.7   |  -1.6   |
| 家用轻工 | 300703 | 创源股份 | 16.2  | 100.7  | -0.1 |   1.4   |   3.6   |
| 家用轻工 | 300640 | 德艺文创 | 16.1  |  48.6  | -0.2 |  -0.5   |   0.7   |
| 家用轻工 | 002899 |  英派斯  | 14.2  | 266.5  | -0.6 |  -0.2   |   0.2   |
| 家用轻工 | 002862 | 实丰文化 | 13.2  | 171.3  | 1.0  |  -0.4   |  -0.5   |
| 家用轻工 | 001323 | 慕思股份 |  0.0  |  0.0   | 0.0  |   0.0   |   0.0   |
+----------+--------+----------+-------+--------+------+---------+---------+
 




 [行业>单日涨幅]
+----------+--------+----------+-------+--------+------+---------+---------+
|   行业   |  代码  |   名称   | 市值  |   pe   | 涨幅 | 3日涨幅 | 6日涨幅 |
+----------+--------+----------+-------+--------+------+---------+---------+
| 家用轻工 | 301101 | 明月镜片 | 72.1  |  81.6  | 11.7 |  11.2   |  13.2   |
| 家用轻工 | 002575 | 群兴玩具 | 33.4  | 481.1  | 4.7  |  16.9   |  19.2   |
| 家用轻工 | 002571 | 德力股份 | 26.5  | 257.1  | 2.1  |  16.9   |  12.5   |
| 家用轻工 | 002615 |  哈尔斯  | 22.9  |  18.6  | 1.8  |   0.9   |   0.0   |
| 家用轻工 | 002103 | 广博股份 | 23.7  | -39.6  | 1.4  |   1.6   |  -3.1   |
| 家用轻工 | 002862 | 实丰文化 | 13.2  | 171.3  | 1.0  |  -0.4   |  -0.5   |
| 家用轻工 | 603899 | 晨光股份 | 474.4 |  43.0  | 0.3  |   2.5   |   0.4   |
| 家用轻工 | 300651 | 金陵体育 | 36.5  | 357.3  | 0.0  |  -8.4   |  -21.1  |
| 家用轻工 | 001323 | 慕思股份 |  0.0  |  0.0   | 0.0  |   0.0   |   0.0   |
| 家用轻工 | 300703 | 创源股份 | 16.2  | 100.7  | -0.1 |   1.4   |   3.6   |
| 家用轻工 | 300640 | 德艺文创 | 16.1  |  48.6  | -0.2 |  -0.5   |   0.7   |
| 家用轻工 | 300329 | 海伦钢琴 | 17.2  |  68.2  | -0.3 |  -0.7   |  -1.6   |
| 家用轻工 | 002605 | 姚记科技 | 64.0  |  17.4  | -0.3 |  -0.9   |   4.0   |
| 家用轻工 | 002348 | 高乐股份 | 19.0  |  -9.5  | -0.5 |  -1.5   |  -2.9   |
| 家用轻工 | 002678 | 珠江钢琴 | 80.1  |  37.8  | -0.5 |  -2.3   |  -0.8   |
| 家用轻工 | 002899 |  英派斯  | 14.2  | 266.5  | -0.6 |  -0.2   |   0.2   |
| 家用轻工 | 300729 | 乐歌股份 | 36.9  |  51.1  | -0.8 |  -1.6   |   2.3   |
| 家用轻工 | 002301 | 齐心集团 | 44.2  |  20.1  | -0.8 |  -1.0   |  -0.3   |
| 家用轻工 | 605299 | 舒华体育 | 43.2  |  81.3  | -0.9 |  -2.4   |   2.6   |
| 家用轻工 | 605099 | 共创草坪 | 104.5 |  30.6  | -1.5 |  -3.7   |   6.0   |
| 家用轻工 | 600439 |  瑞贝卡  | 30.4  |  59.6  | -1.8 |  -1.8   |  -2.5   |
| 家用轻工 | 002489 | 浙江永强 | 87.5  |  15.9  | -1.9 |   6.9   |   5.2   |
| 家用轻工 | 301004 | 嘉益股份 | 21.7  |  16.4  | -2.2 |   3.2   |   6.2   |
| 家用轻工 | 603398 | 沐邦高科 | 85.7  | -235.0 | -4.0 |  -11.3  |  -2.9   |
| 家用轻工 | 603848 |  好太太  | 53.4  |  29.5  | -4.6 |   1.0   |   2.5   |
+----------+--------+----------+-------+--------+------+---------+---------+
