[行业>市值]
+----------+--------+----------+--------+--------+------+---------+---------+
|   行业   |  代码  |   名称   |  市值  |   pe   | 涨幅 | 3日涨幅 | 6日涨幅 |
+----------+--------+----------+--------+--------+------+---------+---------+
| 工程机械 | 600031 | 三一重工 | 1474.0 |  23.2  | -0.9 |   2.4   |   3.3   |
| 工程机械 | 601100 | 恒立液压 | 703.6  |  33.3  | -0.9 |  -0.7   |   4.3   |
| 工程机械 | 000157 | 中联重科 | 522.4  |  14.4  | -0.5 |  -0.3   |   2.4   |
| 工程机械 | 000425 | 徐工机械 | 412.8  |  7.3   | -0.6 |  -0.8   |  -2.4   |
| 工程机械 | 603338 | 浙江鼎力 | 240.4  |  30.7  | -1.0 |   0.2   |   4.2   |
| 工程机械 | 688425 | 铁建重工 | 232.5  |  15.4  | -0.7 |  -2.5   |   7.9   |
| 工程机械 | 603638 | XD艾迪精 | 157.6  |  54.5  | -1.4 |  -2.1   |   3.9   |
| 工程机械 | 000528 | 柳    工 | 125.3  |  12.3  | 0.5  |   0.9   |   1.8   |
| 工程机械 | 603298 | 杭叉集团 | 117.7  |  15.5  | -1.4 |  -4.8   |   0.7   |
| 工程机械 | 002204 | 大连重工 |  76.1  |  27.2  | -0.8 |   4.2   |   6.8   |
| 工程机械 | 600761 | 安徽合力 |  75.7  |  9.8   | -0.7 |  -1.7   |  -1.3   |
| 工程机械 | 000680 | 山推股份 |  74.3  |  5.1   | 2.1  |   0.0   |  -2.0   |
| 工程机械 | 600984 | 建设机械 |  72.7  | -33.7  | 0.5  |  -0.3   |   0.3   |
| 工程机械 | 002097 | 山河智能 |  71.5  | -36.5  | 0.3  |   1.4   |   3.3   |
| 工程机械 | 605305 | 中际联合 |  66.3  |  37.6  | -1.8 |  -3.2   |   5.5   |
| 工程机械 | 601226 | 华电重工 |  62.0  | -14.2  | 3.9  |   7.3   |  10.6   |
| 工程机械 | 600815 | 厦工股份 |  52.2  | -682.1 | -0.3 |  -3.9   |  -1.0   |
| 工程机械 | 600817 | 宇通重工 |  51.6  |  15.2  | 0.6  |  -4.8   |  -6.2   |
| 工程机械 | 600375 | 汉马科技 |  51.2  |  -7.9  | 0.4  |  -2.1   |   0.6   |
| 工程机械 | 603611 | 诺力股份 |  44.3  |  15.3  | 1.8  |   3.6   |   6.7   |
| 工程机械 | 300718 | 长盛轴承 |  38.5  |  31.8  | -0.7 |  -0.1   |   0.1   |
| 工程机械 | 605389 | 长龄液压 |  35.7  |  21.1  | -0.1 |  -0.5   |   5.5   |
| 工程机械 | 301040 | 中环海陆 |  31.5  |  46.2  | 2.6  |   8.1   |   9.9   |
| 工程机械 | 002272 | 川润股份 |  25.4  |  65.4  | 10.1 |  13.7   |  18.9   |
| 工程机械 | 001288 | 运机集团 |  23.2  |  27.5  | -1.5 |   0.6   |   2.2   |
| 工程机械 | 300201 | *ST海伦  |  22.5  |  17.2  | 0.5  |   1.4   |   2.9   |
| 工程机械 | 300022 | 吉峰科技 |  19.4  | -232.6 | 2.0  |  -1.2   |  -0.2   |
+----------+--------+----------+--------+--------+------+---------+---------+
 




 [行业>单日涨幅]
+----------+--------+----------+--------+--------+------+---------+---------+
|   行业   |  代码  |   名称   |  市值  |   pe   | 涨幅 | 3日涨幅 | 6日涨幅 |
+----------+--------+----------+--------+--------+------+---------+---------+
| 工程机械 | 002272 | 川润股份 |  25.4  |  65.4  | 10.1 |  13.7   |  18.9   |
| 工程机械 | 601226 | 华电重工 |  62.0  | -14.2  | 3.9  |   7.3   |  10.6   |
| 工程机械 | 301040 | 中环海陆 |  31.5  |  46.2  | 2.6  |   8.1   |   9.9   |
| 工程机械 | 000680 | 山推股份 |  74.3  |  5.1   | 2.1  |   0.0   |  -2.0   |
| 工程机械 | 300022 | 吉峰科技 |  19.4  | -232.6 | 2.0  |  -1.2   |  -0.2   |
| 工程机械 | 603611 | 诺力股份 |  44.3  |  15.3  | 1.8  |   3.6   |   6.7   |
| 工程机械 | 600817 | 宇通重工 |  51.6  |  15.2  | 0.6  |  -4.8   |  -6.2   |
| 工程机械 | 600984 | 建设机械 |  72.7  | -33.7  | 0.5  |  -0.3   |   0.3   |
| 工程机械 | 000528 | 柳    工 | 125.3  |  12.3  | 0.5  |   0.9   |   1.8   |
| 工程机械 | 300201 | *ST海伦  |  22.5  |  17.2  | 0.5  |   1.4   |   2.9   |
| 工程机械 | 600375 | 汉马科技 |  51.2  |  -7.9  | 0.4  |  -2.1   |   0.6   |
| 工程机械 | 002097 | 山河智能 |  71.5  | -36.5  | 0.3  |   1.4   |   3.3   |
| 工程机械 | 605389 | 长龄液压 |  35.7  |  21.1  | -0.1 |  -0.5   |   5.5   |
| 工程机械 | 600815 | 厦工股份 |  52.2  | -682.1 | -0.3 |  -3.9   |  -1.0   |
| 工程机械 | 000157 | 中联重科 | 522.4  |  14.4  | -0.5 |  -0.3   |   2.4   |
| 工程机械 | 000425 | 徐工机械 | 412.8  |  7.3   | -0.6 |  -0.8   |  -2.4   |
| 工程机械 | 688425 | 铁建重工 | 232.5  |  15.4  | -0.7 |  -2.5   |   7.9   |
| 工程机械 | 600761 | 安徽合力 |  75.7  |  9.8   | -0.7 |  -1.7   |  -1.3   |
| 工程机械 | 300718 | 长盛轴承 |  38.5  |  31.8  | -0.7 |  -0.1   |   0.1   |
| 工程机械 | 002204 | 大连重工 |  76.1  |  27.2  | -0.8 |   4.2   |   6.8   |
| 工程机械 | 601100 | 恒立液压 | 703.6  |  33.3  | -0.9 |  -0.7   |   4.3   |
| 工程机械 | 600031 | 三一重工 | 1474.0 |  23.2  | -0.9 |   2.4   |   3.3   |
| 工程机械 | 603338 | 浙江鼎力 | 240.4  |  30.7  | -1.0 |   0.2   |   4.2   |
| 工程机械 | 603298 | 杭叉集团 | 117.7  |  15.5  | -1.4 |  -4.8   |   0.7   |
| 工程机械 | 603638 | XD艾迪精 | 157.6  |  54.5  | -1.4 |  -2.1   |   3.9   |
| 工程机械 | 001288 | 运机集团 |  23.2  |  27.5  | -1.5 |   0.6   |   2.2   |
| 工程机械 | 605305 | 中际联合 |  66.3  |  37.6  | -1.8 |  -3.2   |   5.5   |
+----------+--------+----------+--------+--------+------+---------+---------+
