[行业>市值]
+------------+--------+----------+-------+--------+------+---------+---------+
|    行业    |  代码  |   名称   | 市值  |   pe   | 涨幅 | 3日涨幅 | 6日涨幅 |
+------------+--------+----------+-------+--------+------+---------+---------+
| 电子化学品 | 300054 | 鼎龙股份 | 186.0 |  65.2  | -0.7 |   0.2   |   5.8   |
| 电子化学品 | 002643 | 万润股份 | 179.4 |  19.3  | -0.7 |  -1.5   |   1.7   |
| 电子化学品 | 300346 | 南大光电 | 168.9 |  52.3  | 0.6  |   2.0   |   6.5   |
| 电子化学品 | 688019 | 安集科技 | 163.1 | 103.0  | -0.8 |  -1.3   |   8.7   |
| 电子化学品 | 300398 | 飞凯材料 | 110.9 |  20.0  | 1.4  |  -3.3   |  -1.1   |
| 电子化学品 | 300655 | 晶瑞电材 | 97.3  |  76.1  | -0.7 |   0.5   |   8.9   |
| 电子化学品 | 300236 | 上海新阳 | 95.7  | -175.9 | -0.1 |  -0.6   |   3.9   |
| 电子化学品 | 688106 | 金宏气体 | 95.3  |  61.3  | -1.8 |   0.4   |   8.9   |
| 电子化学品 | 688268 | 华特气体 | 85.4  |  54.5  | 2.1  |   5.9   |  15.4   |
| 电子化学品 | 688550 | 瑞联新材 | 71.7  |  22.5  | -3.0 |  -4.6   |  -2.3   |
| 电子化学品 | 002741 | 光华科技 | 67.4  |  47.7  | -0.1 |   1.0   |   5.9   |
| 电子化学品 | 300481 | 濮阳惠成 | 66.1  |  19.7  | -0.2 |  -0.7   |   5.2   |
| 电子化学品 | 603078 |  江化微  | 61.8  |  46.8  | 1.4  |   1.3   |   5.5   |
| 电子化学品 | 300576 | 容大感光 | 52.8  | 127.6  | -0.3 |   0.0   |   5.4   |
| 电子化学品 | 300429 | 强力新材 | 46.6  |  46.6  | -0.4 |  -0.1   |   3.8   |
| 电子化学品 | 002584 | 西陇科学 | 44.4  |  13.3  | -1.9 |   1.6   |   0.8   |
| 电子化学品 | 603931 |  格林达  | 38.9  |  24.6  | -1.0 |  -4.4   |   7.2   |
| 电子化学品 | 688359 | 三孚新科 | 36.5  | -153.3 | 1.6  |  -0.6   |  17.3   |
| 电子化学品 | 300446 | 乐凯新材 | 26.9  | 424.3  | -0.5 |   6.7   |   1.1   |
| 电子化学品 | 300537 | 广信材料 | 21.7  | -47.2  | -0.4 |   0.9   |   4.0   |
| 电子化学品 | 300637 | 扬帆新材 | 16.8  |  36.2  | -1.0 |  -1.8   |   2.3   |
+------------+--------+----------+-------+--------+------+---------+---------+
 




 [行业>单日涨幅]
+------------+--------+----------+-------+--------+------+---------+---------+
|    行业    |  代码  |   名称   | 市值  |   pe   | 涨幅 | 3日涨幅 | 6日涨幅 |
+------------+--------+----------+-------+--------+------+---------+---------+
| 电子化学品 | 688268 | 华特气体 | 85.4  |  54.5  | 2.1  |   5.9   |  15.4   |
| 电子化学品 | 688359 | 三孚新科 | 36.5  | -153.3 | 1.6  |  -0.6   |  17.3   |
| 电子化学品 | 300398 | 飞凯材料 | 110.9 |  20.0  | 1.4  |  -3.3   |  -1.1   |
| 电子化学品 | 603078 |  江化微  | 61.8  |  46.8  | 1.4  |   1.3   |   5.5   |
| 电子化学品 | 300346 | 南大光电 | 168.9 |  52.3  | 0.6  |   2.0   |   6.5   |
| 电子化学品 | 002741 | 光华科技 | 67.4  |  47.7  | -0.1 |   1.0   |   5.9   |
| 电子化学品 | 300236 | 上海新阳 | 95.7  | -175.9 | -0.1 |  -0.6   |   3.9   |
| 电子化学品 | 300481 | 濮阳惠成 | 66.1  |  19.7  | -0.2 |  -0.7   |   5.2   |
| 电子化学品 | 300576 | 容大感光 | 52.8  | 127.6  | -0.3 |   0.0   |   5.4   |
| 电子化学品 | 300429 | 强力新材 | 46.6  |  46.6  | -0.4 |  -0.1   |   3.8   |
| 电子化学品 | 300537 | 广信材料 | 21.7  | -47.2  | -0.4 |   0.9   |   4.0   |
| 电子化学品 | 300446 | 乐凯新材 | 26.9  | 424.3  | -0.5 |   6.7   |   1.1   |
| 电子化学品 | 300054 | 鼎龙股份 | 186.0 |  65.2  | -0.7 |   0.2   |   5.8   |
| 电子化学品 | 002643 | 万润股份 | 179.4 |  19.3  | -0.7 |  -1.5   |   1.7   |
| 电子化学品 | 300655 | 晶瑞电材 | 97.3  |  76.1  | -0.7 |   0.5   |   8.9   |
| 电子化学品 | 688019 | 安集科技 | 163.1 | 103.0  | -0.8 |  -1.3   |   8.7   |
| 电子化学品 | 603931 |  格林达  | 38.9  |  24.6  | -1.0 |  -4.4   |   7.2   |
| 电子化学品 | 300637 | 扬帆新材 | 16.8  |  36.2  | -1.0 |  -1.8   |   2.3   |
| 电子化学品 | 688106 | 金宏气体 | 95.3  |  61.3  | -1.8 |   0.4   |   8.9   |
| 电子化学品 | 002584 | 西陇科学 | 44.4  |  13.3  | -1.9 |   1.6   |   0.8   |
| 电子化学品 | 688550 | 瑞联新材 | 71.7  |  22.5  | -3.0 |  -4.6   |  -2.3   |
+------------+--------+----------+-------+--------+------+---------+---------+
