[行业>市值]
+----------+--------+----------+-------+--------+------+---------+---------+
|   行业   |  代码  |   名称   | 市值  |   pe   | 涨幅 | 3日涨幅 | 6日涨幅 |
+----------+--------+----------+-------+--------+------+---------+---------+
| 电源设备 | 601727 | 上海电气 | 648.1 | 1281.9 | 0.0  |  -0.9   |   4.0   |
| 电源设备 | 600875 | 东方电气 | 474.7 |  12.8  | 2.8  |   5.8   |  10.9   |
| 电源设备 | 300376 |  易事特  | 170.6 |  43.2  | -0.7 |  -0.3   |   3.7   |
| 电源设备 | 300593 |  新雷能  | 144.5 |  41.6  | 1.6  |  -0.7   |   6.1   |
| 电源设备 | 002518 |  科士达  | 126.9 |  58.4  | -2.6 |  -1.1   |   1.1   |
| 电源设备 | 002335 | 科华数据 | 116.3 |  29.6  | 1.1  |   1.6   |  10.7   |
| 电源设备 | 002534 | 西子洁能 | 112.3 |  69.9  | 3.0  |   5.7   |  14.3   |
| 电源设备 | 002851 | 麦格米特 | 104.7 |  35.6  | -1.3 |   1.8   |   7.5   |
| 电源设备 | 300820 | 英杰电气 | 92.1  |  42.7  | 0.0  |   9.5   |  17.1   |
| 电源设备 | 002665 | 首航高科 | 85.5  | -39.7  | 5.6  |   9.4   |  10.9   |
| 电源设备 | 600475 | 华光环能 | 78.0  |  9.4   | -0.7 |  -0.8   |   1.7   |
| 电源设备 | 300693 | 盛弘股份 | 50.0  |  54.4  | -1.8 |  -3.5   |   3.1   |
| 电源设备 | 002255 | 海陆重工 | 43.0  |  33.0  | 1.6  |   1.6   |   7.3   |
| 电源设备 | 002364 | 中恒电气 | 42.9  | 188.8  | 5.5  |   5.2   |   8.4   |
| 电源设备 | 300870 |  欧陆通  | 42.9  | -36.5  | -2.8 |  -3.2   |  -1.8   |
| 电源设备 | 002630 | 华西能源 | 41.2  |  -6.7  | 10.1 |  33.2   |  60.1   |
| 电源设备 | 002227 | 奥 特 迅 | 33.0  | -95.3  | -1.6 |  -3.2   |   1.3   |
| 电源设备 | 002366 | *ST海核  | 32.8  | -26.5  | 5.0  |  11.5   |  13.5   |
| 电源设备 | 688551 |  科威尔  | 32.3  | 108.2  | -0.9 |   3.9   |  28.2   |
| 电源设备 | 300105 | 龙源技术 | 31.7  | -108.3 | 3.8  |   3.4   |   4.8   |
| 电源设备 | 600405 |  动力源  | 30.3  | -39.6  | -1.3 |  -2.1   |   3.8   |
| 电源设备 | 300153 | 科泰电源 | 27.7  | 147.8  | 2.0  |  -5.9   |  15.1   |
| 电源设备 | 300491 | 通合科技 | 24.1  | -73.0  | -1.2 |  -2.7   |   3.6   |
| 电源设备 | 300713 |  英可瑞  | 21.2  | 318.5  | -1.9 |  -1.0   |   3.5   |
| 电源设备 | 600202 |  哈空调  | 21.1  |  89.1  | -0.4 |   2.6   |   4.8   |
+----------+--------+----------+-------+--------+------+---------+---------+
 




 [行业>单日涨幅]
+----------+--------+----------+-------+--------+------+---------+---------+
|   行业   |  代码  |   名称   | 市值  |   pe   | 涨幅 | 3日涨幅 | 6日涨幅 |
+----------+--------+----------+-------+--------+------+---------+---------+
| 电源设备 | 002630 | 华西能源 | 41.2  |  -6.7  | 10.1 |  33.2   |  60.1   |
| 电源设备 | 002665 | 首航高科 | 85.5  | -39.7  | 5.6  |   9.4   |  10.9   |
| 电源设备 | 002364 | 中恒电气 | 42.9  | 188.8  | 5.5  |   5.2   |   8.4   |
| 电源设备 | 002366 | *ST海核  | 32.8  | -26.5  | 5.0  |  11.5   |  13.5   |
| 电源设备 | 300105 | 龙源技术 | 31.7  | -108.3 | 3.8  |   3.4   |   4.8   |
| 电源设备 | 002534 | 西子洁能 | 112.3 |  69.9  | 3.0  |   5.7   |  14.3   |
| 电源设备 | 600875 | 东方电气 | 474.7 |  12.8  | 2.8  |   5.8   |  10.9   |
| 电源设备 | 300153 | 科泰电源 | 27.7  | 147.8  | 2.0  |  -5.9   |  15.1   |
| 电源设备 | 300593 |  新雷能  | 144.5 |  41.6  | 1.6  |  -0.7   |   6.1   |
| 电源设备 | 002255 | 海陆重工 | 43.0  |  33.0  | 1.6  |   1.6   |   7.3   |
| 电源设备 | 002335 | 科华数据 | 116.3 |  29.6  | 1.1  |   1.6   |  10.7   |
| 电源设备 | 601727 | 上海电气 | 648.1 | 1281.9 | 0.0  |  -0.9   |   4.0   |
| 电源设备 | 300820 | 英杰电气 | 92.1  |  42.7  | 0.0  |   9.5   |  17.1   |
| 电源设备 | 600202 |  哈空调  | 21.1  |  89.1  | -0.4 |   2.6   |   4.8   |
| 电源设备 | 300376 |  易事特  | 170.6 |  43.2  | -0.7 |  -0.3   |   3.7   |
| 电源设备 | 600475 | 华光环能 | 78.0  |  9.4   | -0.7 |  -0.8   |   1.7   |
| 电源设备 | 688551 |  科威尔  | 32.3  | 108.2  | -0.9 |   3.9   |  28.2   |
| 电源设备 | 300491 | 通合科技 | 24.1  | -73.0  | -1.2 |  -2.7   |   3.6   |
| 电源设备 | 600405 |  动力源  | 30.3  | -39.6  | -1.3 |  -2.1   |   3.8   |
| 电源设备 | 002851 | 麦格米特 | 104.7 |  35.6  | -1.3 |   1.8   |   7.5   |
| 电源设备 | 002227 | 奥 特 迅 | 33.0  | -95.3  | -1.6 |  -3.2   |   1.3   |
| 电源设备 | 300693 | 盛弘股份 | 50.0  |  54.4  | -1.8 |  -3.5   |   3.1   |
| 电源设备 | 300713 |  英可瑞  | 21.2  | 318.5  | -1.9 |  -1.0   |   3.5   |
| 电源设备 | 002518 |  科士达  | 126.9 |  58.4  | -2.6 |  -1.1   |   1.1   |
| 电源设备 | 300870 |  欧陆通  | 42.9  | -36.5  | -2.8 |  -3.2   |  -1.8   |
+----------+--------+----------+-------+--------+------+---------+---------+
