[行业>市值]
+------+--------+----------+-------+-------+------+---------+---------+
| 行业 |  代码  |   名称   | 市值  |  pe   | 涨幅 | 3日涨幅 | 6日涨幅 |
+------+--------+----------+-------+-------+------+---------+---------+
| 电机 | 002176 | 江特电机 | 403.2 | 15.1  | 2.7  |  12.7   |   5.5   |
| 电机 | 603489 | 八方股份 | 239.2 | 33.3  | 2.0  |   5.7   |   6.9   |
| 电机 | 600580 | 卧龙电驱 | 165.7 | 20.9  | -0.9 |  -2.2   |   2.8   |
| 电机 | 002249 | 大洋电机 | 135.5 | 23.1  | -0.5 |  -1.6   |   3.8   |
| 电机 | 003021 | 兆威机电 | 67.6  | 74.5  | 0.4  |  -3.4   |  23.8   |
| 电机 | 603728 | 鸣志电器 | 64.4  | 41.2  | -2.7 |   3.9   |   9.3   |
| 电机 | 002801 | 微光股份 | 62.5  | 20.2  | 3.1  |   4.6   |   9.0   |
| 电机 | 000922 | 佳电股份 | 52.5  | 17.4  | -0.2 |  -1.9   |  -3.1   |
| 电机 | 300660 | 江苏雷利 | 51.0  | 18.4  | -0.2 |  -0.1   |   8.8   |
| 电机 | 002196 | 方正电机 | 44.6  | 186.9 | -0.1 |  -3.0   |   8.1   |
| 电机 | 002892 |  科力尔  | 37.1  | 58.2  | 1.4  |   1.8   |   6.9   |
| 电机 | 603819 | 神力股份 | 30.7  | 26.8  | -3.4 |   6.2   |   6.2   |
| 电机 | 002823 | 凯中精密 | 26.6  | 33.1  | -1.6 |  -1.5   |   1.3   |
| 电机 | 603988 | 中电电机 | 24.8  | 46.1  | -0.8 |  -4.3   |   2.8   |
| 电机 | 301226 | 祥明智能 | 22.7  | 37.6  | -1.7 |   1.7   |   7.5   |
| 电机 | 301023 | 江南奕帆 | 22.4  | 27.5  | -1.8 |  -1.9   |   1.7   |
| 电机 | 002576 | 通达动力 | 19.5  | 48.2  | -0.2 |  -1.9   |   0.8   |
| 电机 | 300907 | 康平科技 | 19.1  | 92.6  | -1.4 |  -3.8   |   2.9   |
| 电机 | 688395 | 正弦电气 | 17.3  | 30.3  | -1.9 |  -3.0   |  15.3   |
| 电机 | 300626 | 华瑞股份 | 15.7  | 61.2  | -1.0 |  -0.1   |   3.2   |
| 电机 | 603320 | 迪贝电气 | 15.1  | 31.0  | -1.2 |  -0.3   |  -0.8   |
+------+--------+----------+-------+-------+------+---------+---------+
 




 [行业>单日涨幅]
+------+--------+----------+-------+-------+------+---------+---------+
| 行业 |  代码  |   名称   | 市值  |  pe   | 涨幅 | 3日涨幅 | 6日涨幅 |
+------+--------+----------+-------+-------+------+---------+---------+
| 电机 | 002801 | 微光股份 | 62.5  | 20.2  | 3.1  |   4.6   |   9.0   |
| 电机 | 002176 | 江特电机 | 403.2 | 15.1  | 2.7  |  12.7   |   5.5   |
| 电机 | 603489 | 八方股份 | 239.2 | 33.3  | 2.0  |   5.7   |   6.9   |
| 电机 | 002892 |  科力尔  | 37.1  | 58.2  | 1.4  |   1.8   |   6.9   |
| 电机 | 003021 | 兆威机电 | 67.6  | 74.5  | 0.4  |  -3.4   |  23.8   |
| 电机 | 002196 | 方正电机 | 44.6  | 186.9 | -0.1 |  -3.0   |   8.1   |
| 电机 | 002576 | 通达动力 | 19.5  | 48.2  | -0.2 |  -1.9   |   0.8   |
| 电机 | 300660 | 江苏雷利 | 51.0  | 18.4  | -0.2 |  -0.1   |   8.8   |
| 电机 | 000922 | 佳电股份 | 52.5  | 17.4  | -0.2 |  -1.9   |  -3.1   |
| 电机 | 002249 | 大洋电机 | 135.5 | 23.1  | -0.5 |  -1.6   |   3.8   |
| 电机 | 603988 | 中电电机 | 24.8  | 46.1  | -0.8 |  -4.3   |   2.8   |
| 电机 | 600580 | 卧龙电驱 | 165.7 | 20.9  | -0.9 |  -2.2   |   2.8   |
| 电机 | 300626 | 华瑞股份 | 15.7  | 61.2  | -1.0 |  -0.1   |   3.2   |
| 电机 | 603320 | 迪贝电气 | 15.1  | 31.0  | -1.2 |  -0.3   |  -0.8   |
| 电机 | 300907 | 康平科技 | 19.1  | 92.6  | -1.4 |  -3.8   |   2.9   |
| 电机 | 002823 | 凯中精密 | 26.6  | 33.1  | -1.6 |  -1.5   |   1.3   |
| 电机 | 301226 | 祥明智能 | 22.7  | 37.6  | -1.7 |   1.7   |   7.5   |
| 电机 | 301023 | 江南奕帆 | 22.4  | 27.5  | -1.8 |  -1.9   |   1.7   |
| 电机 | 688395 | 正弦电气 | 17.3  | 30.3  | -1.9 |  -3.0   |  15.3   |
| 电机 | 603728 | 鸣志电器 | 64.4  | 41.2  | -2.7 |   3.9   |   9.3   |
| 电机 | 603819 | 神力股份 | 30.7  | 26.8  | -3.4 |   6.2   |   6.2   |
+------+--------+----------+-------+-------+------+---------+---------+
