[行业>市值]
+----------+--------+----------+--------+-------+-------+---------+---------+
|   行业   |  代码  |   名称   |  市值  |  pe   | 涨幅  | 3日涨幅 | 6日涨幅 |
+----------+--------+----------+--------+-------+-------+---------+---------+
| 石油行业 | 600938 | 中国海油 | 9194.0 |  6.7  |  2.1  |   7.2   |  -1.0   |
| 石油行业 | 600028 | 中国石化 | 5460.0 |  6.0  |  0.7  |   2.0   |   2.5   |
| 石油行业 | 600256 | 广汇能源 | 708.4  |  8.0  |  4.0  |  10.2   |   2.5   |
| 石油行业 | 600688 | 上海石化 | 363.7  | 42.6  |  0.6  |   1.5   |   0.0   |
| 石油行业 | 600777 | 新潮能源 | 183.6  |  8.7  | 10.2  |  23.9   |  15.4   |
| 石油行业 | 002221 | 东华能源 | 137.0  | 32.1  |  0.1  |   1.8   |  -0.5   |
| 石油行业 | 000059 | 华锦股份 | 106.0  |  9.3  |  1.7  |   2.6   |   1.4   |
| 石油行业 | 600759 |  ST洲际  |  53.4  | 17.2  |  4.9  |  11.8   |   8.3   |
| 石油行业 | 000096 | 广聚能源 |  50.7  | 135.2 | -1.9  |   3.1   |   1.3   |
| 石油行业 | 000819 | 岳阳兴长 |  43.4  | 92.0  |  7.2  |  17.6   |  21.9   |
| 石油行业 | 000698 | 沈阳化工 |  37.7  | -8.2  |  0.2  |   0.4   |  -1.5   |
| 石油行业 | 603353 | 和顺石油 |  33.1  | 40.2  |  1.4  |   2.1   |   1.9   |
| 石油行业 | 600387 |  ST海越  |  30.0  | 43.9  | -2.0  |   2.2   |   7.7   |
| 石油行业 | 000159 | 国际实业 |  27.6  | 32.8  | -0.7  |   1.6   |  -1.2   |
| 石油行业 | 000554 | 泰山石油 |  27.6  | 242.9 | -0.2  |   1.8   |   0.7   |
| 石油行业 | 300839 | 博汇股份 |  24.9  | 30.6  |  2.9  |   3.4   |   5.8   |
| 石油行业 | 000637 | 茂化实华 |  24.4  | -81.0 | -2.3  |   5.4   |   3.5   |
| 石油行业 | 603798 |  康普顿  |  20.0  | 16.3  | -0.1  |  -0.9   |   1.2   |
| 石油行业 | 002778 | 中晟高科 |  16.5  | 372.1 | -0.8  |   0.0   |  -1.2   |
| 石油行业 | 300023 |  宝德退  |  3.9   | 17.3  | -59.7 |  -59.7  |  -59.7  |
| 石油行业 | 601857 | 中国石油 |  0.0   |  6.6  |  2.5  |   3.1   |   2.0   |
+----------+--------+----------+--------+-------+-------+---------+---------+
 




 [行业>单日涨幅]
+----------+--------+----------+--------+-------+-------+---------+---------+
|   行业   |  代码  |   名称   |  市值  |  pe   | 涨幅  | 3日涨幅 | 6日涨幅 |
+----------+--------+----------+--------+-------+-------+---------+---------+
| 石油行业 | 600777 | 新潮能源 | 183.6  |  8.7  | 10.2  |  23.9   |  15.4   |
| 石油行业 | 000819 | 岳阳兴长 |  43.4  | 92.0  |  7.2  |  17.6   |  21.9   |
| 石油行业 | 600759 |  ST洲际  |  53.4  | 17.2  |  4.9  |  11.8   |   8.3   |
| 石油行业 | 600256 | 广汇能源 | 708.4  |  8.0  |  4.0  |  10.2   |   2.5   |
| 石油行业 | 300839 | 博汇股份 |  24.9  | 30.6  |  2.9  |   3.4   |   5.8   |
| 石油行业 | 601857 | 中国石油 |  0.0   |  6.6  |  2.5  |   3.1   |   2.0   |
| 石油行业 | 600938 | 中国海油 | 9194.0 |  6.7  |  2.1  |   7.2   |  -1.0   |
| 石油行业 | 000059 | 华锦股份 | 106.0  |  9.3  |  1.7  |   2.6   |   1.4   |
| 石油行业 | 603353 | 和顺石油 |  33.1  | 40.2  |  1.4  |   2.1   |   1.9   |
| 石油行业 | 600028 | 中国石化 | 5460.0 |  6.0  |  0.7  |   2.0   |   2.5   |
| 石油行业 | 600688 | 上海石化 | 363.7  | 42.6  |  0.6  |   1.5   |   0.0   |
| 石油行业 | 000698 | 沈阳化工 |  37.7  | -8.2  |  0.2  |   0.4   |  -1.5   |
| 石油行业 | 002221 | 东华能源 | 137.0  | 32.1  |  0.1  |   1.8   |  -0.5   |
| 石油行业 | 603798 |  康普顿  |  20.0  | 16.3  | -0.1  |  -0.9   |   1.2   |
| 石油行业 | 000554 | 泰山石油 |  27.6  | 242.9 | -0.2  |   1.8   |   0.7   |
| 石油行业 | 000159 | 国际实业 |  27.6  | 32.8  | -0.7  |   1.6   |  -1.2   |
| 石油行业 | 002778 | 中晟高科 |  16.5  | 372.1 | -0.8  |   0.0   |  -1.2   |
| 石油行业 | 000096 | 广聚能源 |  50.7  | 135.2 | -1.9  |   3.1   |   1.3   |
| 石油行业 | 600387 |  ST海越  |  30.0  | 43.9  | -2.0  |   2.2   |   7.7   |
| 石油行业 | 000637 | 茂化实华 |  24.4  | -81.0 | -2.3  |   5.4   |   3.5   |
| 石油行业 | 300023 |  宝德退  |  3.9   | 17.3  | -59.7 |  -59.7  |  -59.7  |
+----------+--------+----------+--------+-------+-------+---------+---------+
