[行业>市值]
+----------+--------+----------+-------+--------+------+---------+---------+
|   行业   |  代码  |   名称   | 市值  |   pe   | 涨幅 | 3日涨幅 | 6日涨幅 |
+----------+--------+----------+-------+--------+------+---------+---------+
| 综合行业 | 000009 | 中国宝安 | 356.7 |  54.0  | 3.2  |   7.5   |  17.6   |
| 综合行业 | 000958 | 电投产融 | 256.3 |  21.1  | 1.9  |   2.4   |   2.6   |
| 综合行业 | 600673 |  东阳光  | 244.7 |  21.2  | -0.4 |  10.6   |  13.2   |
| 综合行业 | 600770 | 综艺股份 | 103.9 | -17.7  | -1.7 |  -3.4   |  -0.1   |
| 综合行业 | 000158 | 常山北明 | 101.4 | -29.3  | 3.9  |   7.6   |  12.8   |
| 综合行业 | 000839 |  ST国安  | 85.1  | -14.5  | 4.8  |  15.4   |  11.3   |
| 综合行业 | 000861 | 海印股份 | 74.6  |  18.4  | 2.1  |   5.3   |   2.1   |
| 综合行业 | 002758 | 浙农股份 | 71.4  |  12.8  | 2.5  |  -1.5   |   1.6   |
| 综合行业 | 000909 | 数源科技 | 68.4  | 350.9  | 10.0 |   8.9   |  44.9   |
| 综合行业 | 000833 | 粤桂股份 | 65.7  |  46.1  | 3.5  |  11.4   |  20.9   |
| 综合行业 | 000652 | 泰达股份 | 56.4  | 363.4  | 0.3  |   1.6   |   2.1   |
| 综合行业 | 000803 | 北清环能 | 56.0  |  34.7  | 2.9  |   9.9   |  13.2   |
| 综合行业 | 600624 | 复旦复华 | 51.1  | 221.7  | 0.7  |   2.9   |  17.7   |
| 综合行业 | 000576 | 甘化科工 | 51.0  |  50.5  | -1.8 |   1.2   |   9.7   |
| 综合行业 | 600784 | 鲁银投资 | 46.3  |  19.8  | 0.4  |   1.8   |   0.0   |
| 综合行业 | 600805 | 悦达投资 | 44.2  |  13.2  | 1.4  |  -0.8   |   8.8   |
| 综合行业 | 000532 | 华金资本 | 39.0  |  69.7  | -0.3 |  -1.3   |   1.2   |
| 综合行业 | 600568 |  ST中珠  | 32.3  | -196.5 | 1.2  |  -0.6   |  -0.6   |
| 综合行业 | 600113 | 浙江东日 | 30.2  |  16.5  | -0.8 |  -1.5   |  -2.9   |
| 综合行业 | 000409 | 云鼎科技 | 29.3  | 281.1  | -0.9 |   0.2   |   2.0   |
| 综合行业 | 600051 | 宁波联合 | 21.0  | -94.4  | -0.7 |  -0.1   |  -2.0   |
| 综合行业 | 000632 | 三木集团 | 19.5  |  77.1  | -3.5 |   1.0   |  -1.9   |
| 综合行业 | 002591 | 恒大高新 | 14.8  | -135.6 | -0.8 |  -0.8   |   0.2   |
| 综合行业 | 600291 | 退市西水 |  9.7  | -68.1  | 0.0  |   6.0   |   6.0   |
+----------+--------+----------+-------+--------+------+---------+---------+
 




 [行业>单日涨幅]
+----------+--------+----------+-------+--------+------+---------+---------+
|   行业   |  代码  |   名称   | 市值  |   pe   | 涨幅 | 3日涨幅 | 6日涨幅 |
+----------+--------+----------+-------+--------+------+---------+---------+
| 综合行业 | 000909 | 数源科技 | 68.4  | 350.9  | 10.0 |   8.9   |  44.9   |
| 综合行业 | 000839 |  ST国安  | 85.1  | -14.5  | 4.8  |  15.4   |  11.3   |
| 综合行业 | 000158 | 常山北明 | 101.4 | -29.3  | 3.9  |   7.6   |  12.8   |
| 综合行业 | 000833 | 粤桂股份 | 65.7  |  46.1  | 3.5  |  11.4   |  20.9   |
| 综合行业 | 000009 | 中国宝安 | 356.7 |  54.0  | 3.2  |   7.5   |  17.6   |
| 综合行业 | 000803 | 北清环能 | 56.0  |  34.7  | 2.9  |   9.9   |  13.2   |
| 综合行业 | 002758 | 浙农股份 | 71.4  |  12.8  | 2.5  |  -1.5   |   1.6   |
| 综合行业 | 000861 | 海印股份 | 74.6  |  18.4  | 2.1  |   5.3   |   2.1   |
| 综合行业 | 000958 | 电投产融 | 256.3 |  21.1  | 1.9  |   2.4   |   2.6   |
| 综合行业 | 600805 | 悦达投资 | 44.2  |  13.2  | 1.4  |  -0.8   |   8.8   |
| 综合行业 | 600568 |  ST中珠  | 32.3  | -196.5 | 1.2  |  -0.6   |  -0.6   |
| 综合行业 | 600624 | 复旦复华 | 51.1  | 221.7  | 0.7  |   2.9   |  17.7   |
| 综合行业 | 600784 | 鲁银投资 | 46.3  |  19.8  | 0.4  |   1.8   |   0.0   |
| 综合行业 | 000652 | 泰达股份 | 56.4  | 363.4  | 0.3  |   1.6   |   2.1   |
| 综合行业 | 600291 | 退市西水 |  9.7  | -68.1  | 0.0  |   6.0   |   6.0   |
| 综合行业 | 000532 | 华金资本 | 39.0  |  69.7  | -0.3 |  -1.3   |   1.2   |
| 综合行业 | 600673 |  东阳光  | 244.7 |  21.2  | -0.4 |  10.6   |  13.2   |
| 综合行业 | 600051 | 宁波联合 | 21.0  | -94.4  | -0.7 |  -0.1   |  -2.0   |
| 综合行业 | 002591 | 恒大高新 | 14.8  | -135.6 | -0.8 |  -0.8   |   0.2   |
| 综合行业 | 600113 | 浙江东日 | 30.2  |  16.5  | -0.8 |  -1.5   |  -2.9   |
| 综合行业 | 000409 | 云鼎科技 | 29.3  | 281.1  | -0.9 |   0.2   |   2.0   |
| 综合行业 | 600770 | 综艺股份 | 103.9 | -17.7  | -1.7 |  -3.4   |  -0.1   |
| 综合行业 | 000576 | 甘化科工 | 51.0  |  50.5  | -1.8 |   1.2   |   9.7   |
| 综合行业 | 000632 | 三木集团 | 19.5  |  77.1  | -3.5 |   1.0   |  -1.9   |
+----------+--------+----------+-------+--------+------+---------+---------+
