[行业>市值]
+----------+--------+----------+--------+----------+------+---------+---------+
|   行业   |  代码  |   名称   |  市值  |    pe    | 涨幅 | 3日涨幅 | 6日涨幅 |
+----------+--------+----------+--------+----------+------+---------+---------+
| 美容护理 | 300896 |  爱美客  | 1158.0 |  103.3   | 1.4  |   1.5   |   6.2   |
| 美容护理 | 300957 |  贝泰妮  | 843.3  |  144.4   | 2.1  |   3.7   |   8.6   |
| 美容护理 | 688363 | 华熙生物 | 707.2  |   88.5   | -0.2 |  -1.3   |   5.2   |
| 美容护理 | 603605 |  珀莱雅  | 449.4  |   70.9   | -0.9 |   4.2   |   5.7   |
| 美容护理 | 300888 | 稳健医疗 | 267.4  |   18.7   | -0.2 |   4.9   |   6.1   |
| 美容护理 | 600315 | 上海家化 | 232.0  |   29.1   | -1.4 |  -0.5   |   3.4   |
| 美容护理 | 002511 | 中顺洁柔 | 148.1  |   27.8   | -0.5 |   3.1   |   4.8   |
| 美容护理 | 002243 | 力合科创 | 116.2  |   83.4   | 1.2  |   2.6   |  14.4   |
| 美容护理 | 603983 | 丸美股份 |  94.0  |   35.9   | -2.2 |   1.7   |   2.2   |
| 美容护理 | 000523 | 广州浪奇 |  74.5  |  -145.0  | 1.3  |   9.2   |  22.6   |
| 美容护理 | 605009 | 豪悦护理 |  59.2  |   26.9   | -0.5 |   0.5   |   5.9   |
| 美容护理 | 300856 | 科思股份 |  58.8  |   25.3   | -3.2 |  -0.4   |   2.6   |
| 美容护理 | 000615 | 奥园美谷 |  57.0  |  -36.7   | -1.8 |  -1.9   |  -4.5   |
| 美容护理 | 300740 | 水羊股份 |  51.7  |   31.1   | -2.9 |   1.4   |   1.5   |
| 美容护理 | 003006 | 百亚股份 |  48.3  |   21.8   | -1.7 |   0.2   |   5.5   |
| 美容护理 | 301009 | 可靠股份 |  34.7  |  443.7   | -0.4 |  -0.9   |   2.7   |
| 美容护理 | 603630 | 拉芳家化 |  32.6  |  -318.5  | -3.1 |  -1.8   |  -8.9   |
| 美容护理 | 002919 | 名臣健康 |  32.2  |  491.1   | -0.3 |  -1.3   |   5.4   |
| 美容护理 | 300132 | 青松股份 |  32.1  |  -13.1   | 0.5  |   1.1   |   4.4   |
| 美容护理 | 600249 |  两面针  |  28.7  |  -24.2   | -0.2 |  -2.2   |   0.0   |
| 美容护理 | 001206 | 依依股份 |  28.3  |   38.6   | 0.0  |   0.7   |   4.2   |
| 美容护理 | 002094 | 青岛金王 |  24.0  |   45.4   | 0.0  |   1.8   |   1.8   |
| 美容护理 | 300886 | 华业香料 |  23.8  |   85.7   | 4.7  |  -1.6   |   8.8   |
| 美容护理 | 300955 | 嘉亨家化 |  23.8  |   35.5   | -0.8 |   2.9   |   7.3   |
| 美容护理 | 300658 | 延江股份 |  20.0  |   74.7   | -1.1 |  -0.2   |   1.6   |
| 美容护理 | 603238 | 诺邦股份 |  18.5  |   60.9   | 0.7  |   1.7   |   3.6   |
| 美容护理 | 603059 |  倍加洁  |  18.1  | -11993.8 | -0.7 |  -0.4   |   0.8   |
| 美容护理 | 300849 | 锦盛新材 |  17.9  |  201.2   | 0.8  |   3.6   |   5.6   |
+----------+--------+----------+--------+----------+------+---------+---------+
 




 [行业>单日涨幅]
+----------+--------+----------+--------+----------+------+---------+---------+
|   行业   |  代码  |   名称   |  市值  |    pe    | 涨幅 | 3日涨幅 | 6日涨幅 |
+----------+--------+----------+--------+----------+------+---------+---------+
| 美容护理 | 300886 | 华业香料 |  23.8  |   85.7   | 4.7  |  -1.6   |   8.8   |
| 美容护理 | 300957 |  贝泰妮  | 843.3  |  144.4   | 2.1  |   3.7   |   8.6   |
| 美容护理 | 300896 |  爱美客  | 1158.0 |  103.3   | 1.4  |   1.5   |   6.2   |
| 美容护理 | 000523 | 广州浪奇 |  74.5  |  -145.0  | 1.3  |   9.2   |  22.6   |
| 美容护理 | 002243 | 力合科创 | 116.2  |   83.4   | 1.2  |   2.6   |  14.4   |
| 美容护理 | 300849 | 锦盛新材 |  17.9  |  201.2   | 0.8  |   3.6   |   5.6   |
| 美容护理 | 603238 | 诺邦股份 |  18.5  |   60.9   | 0.7  |   1.7   |   3.6   |
| 美容护理 | 300132 | 青松股份 |  32.1  |  -13.1   | 0.5  |   1.1   |   4.4   |
| 美容护理 | 001206 | 依依股份 |  28.3  |   38.6   | 0.0  |   0.7   |   4.2   |
| 美容护理 | 002094 | 青岛金王 |  24.0  |   45.4   | 0.0  |   1.8   |   1.8   |
| 美容护理 | 600249 |  两面针  |  28.7  |  -24.2   | -0.2 |  -2.2   |   0.0   |
| 美容护理 | 688363 | 华熙生物 | 707.2  |   88.5   | -0.2 |  -1.3   |   5.2   |
| 美容护理 | 300888 | 稳健医疗 | 267.4  |   18.7   | -0.2 |   4.9   |   6.1   |
| 美容护理 | 002919 | 名臣健康 |  32.2  |  491.1   | -0.3 |  -1.3   |   5.4   |
| 美容护理 | 301009 | 可靠股份 |  34.7  |  443.7   | -0.4 |  -0.9   |   2.7   |
| 美容护理 | 605009 | 豪悦护理 |  59.2  |   26.9   | -0.5 |   0.5   |   5.9   |
| 美容护理 | 002511 | 中顺洁柔 | 148.1  |   27.8   | -0.5 |   3.1   |   4.8   |
| 美容护理 | 603059 |  倍加洁  |  18.1  | -11993.8 | -0.7 |  -0.4   |   0.8   |
| 美容护理 | 300955 | 嘉亨家化 |  23.8  |   35.5   | -0.8 |   2.9   |   7.3   |
| 美容护理 | 603605 |  珀莱雅  | 449.4  |   70.9   | -0.9 |   4.2   |   5.7   |
| 美容护理 | 300658 | 延江股份 |  20.0  |   74.7   | -1.1 |  -0.2   |   1.6   |
| 美容护理 | 600315 | 上海家化 | 232.0  |   29.1   | -1.4 |  -0.5   |   3.4   |
| 美容护理 | 003006 | 百亚股份 |  48.3  |   21.8   | -1.7 |   0.2   |   5.5   |
| 美容护理 | 000615 | 奥园美谷 |  57.0  |  -36.7   | -1.8 |  -1.9   |  -4.5   |
| 美容护理 | 603983 | 丸美股份 |  94.0  |   35.9   | -2.2 |   1.7   |   2.2   |
| 美容护理 | 300740 | 水羊股份 |  51.7  |   31.1   | -2.9 |   1.4   |   1.5   |
| 美容护理 | 603630 | 拉芳家化 |  32.6  |  -318.5  | -3.1 |  -1.8   |  -8.9   |
| 美容护理 | 300856 | 科思股份 |  58.8  |   25.3   | -3.2 |  -0.4   |   2.6   |
+----------+--------+----------+--------+----------+------+---------+---------+
