[行业>市值]
+----------+--------+----------+-------+--------+------+---------+---------+
|   行业   |  代码  |   名称   | 市值  |   pe   | 涨幅 | 3日涨幅 | 6日涨幅 |
+----------+--------+----------+-------+--------+------+---------+---------+
| 贸易行业 | 600153 | 建发股份 | 388.9 |  9.6   | -0.2 |   0.3   |  -1.8   |
| 贸易行业 | 600739 | 辽宁成大 | 218.9 |  19.8  | 0.6  |   2.4   |   3.9   |
| 贸易行业 | 002505 | 鹏都农牧 | 202.7 | 149.7  | 4.6  |   7.8   |   7.4   |
| 贸易行业 | 002091 | 江苏国泰 | 180.9 |  10.4  | -2.2 |   2.4   |   6.7   |
| 贸易行业 | 600755 | 厦门国贸 | 166.2 |  5.9   | 0.1  |   0.9   |  -0.9   |
| 贸易行业 | 300755 | 华致酒行 | 157.1 |  15.8  | -1.4 |   2.6   |   7.9   |
| 贸易行业 | 601028 | 玉龙股份 | 149.6 |  49.4  | -0.7 |  -3.9   |  -2.2   |
| 贸易行业 | 002127 | 南极电商 | 144.3 |  25.9  | 4.6  |   8.7   |  11.6   |
| 贸易行业 | 600058 | 五矿发展 | 137.7 |  26.4  | 2.3  |  13.6   |  47.9   |
| 贸易行业 | 000061 | 农 产 品 | 111.3 |  39.8  | -0.8 |  -4.9   |   0.3   |
| 贸易行业 | 603071 | 物产环能 | 105.6 |  10.9  | 0.2  |  -1.9   |  -2.1   |
| 贸易行业 | 000829 | 天音控股 | 102.9 | 311.3  | -3.0 |  -1.2   |   6.9   |
| 贸易行业 | 000019 | 深粮控股 | 100.2 |  18.2  | -0.2 |  -7.3   |  -1.9   |
| 贸易行业 | 600710 |  苏美达  | 77.5  |  9.0   | -0.7 |   0.7   |   2.1   |
| 贸易行业 | 600278 | 东方创业 | 74.7  |  21.1  | -4.4 |   5.4   |   1.9   |
| 贸易行业 | 000151 | 中成股份 | 69.8  | 1237.8 | -1.4 |  15.3   |  28.6   |
| 贸易行业 | 600981 | 汇鸿集团 | 67.7  | 2219.2 | -0.7 |  -0.7   |  -2.3   |
| 贸易行业 | 000626 | 远大控股 | 66.5  | 149.2  | 0.0  |  -3.8   |   4.0   |
| 贸易行业 | 300184 | 力源信息 | 59.4  |  14.6  | -0.4 |   0.2   |   2.0   |
| 贸易行业 | 300975 | 商络电子 | 52.7  |  18.8  | -1.8 |  -0.4   |   5.2   |
| 贸易行业 | 301099 | 雅创电子 | 51.1  |  39.2  | -2.3 |   5.8   |   9.9   |
| 贸易行业 | 002640 | *ST跨境  | 50.0  | -123.1 | -0.3 |  -3.6   |  -1.2   |
| 贸易行业 | 600822 | 上海物贸 | 44.7  | 153.7  | -4.2 |  -0.9   |  -10.3  |
| 贸易行业 | 600826 | 兰生股份 | 42.9  | -13.3  | -0.4 |   0.1   |   1.5   |
| 贸易行业 | 600301 | 南化股份 | 37.5  | 215.8  | 2.2  |  -0.2   |   0.1   |
| 贸易行业 | 603003 | 龙宇燃油 | 28.1  |  31.4  | -0.6 |  -0.3   |   0.7   |
| 贸易行业 | 600753 | 东方银星 | 28.1  | 910.7  | 0.2  |   1.0   |   2.1   |
| 贸易行业 | 600241 |  ST时万  | 21.5  |  22.2  | -0.3 |   0.4   |   3.4   |
| 贸易行业 | 600647 | 同达创业 | 21.5  |  84.2  | -1.5 |  -5.7   |  -11.7  |
| 贸易行业 | 600149 | 廊坊发展 | 21.3  | -77.0  | -2.6 |   2.0   |   2.9   |
| 贸易行业 | 600128 | 弘业股份 | 19.8  | 124.8  | 0.6  |   0.4   |   0.2   |
| 贸易行业 | 001316 | 润贝航科 | 17.5  |  23.3  | 0.0  |   0.0   |   0.0   |
| 贸易行业 | 600250 | 南纺股份 | 16.4  | -11.1  | -1.3 |  -2.2   |  -3.6   |
| 贸易行业 | 600608 |  ST沪科  | 15.3  | 184.7  | 1.8  |  -1.1   |  -1.7   |
+----------+--------+----------+-------+--------+------+---------+---------+
 




 [行业>单日涨幅]
+----------+--------+----------+-------+--------+------+---------+---------+
|   行业   |  代码  |   名称   | 市值  |   pe   | 涨幅 | 3日涨幅 | 6日涨幅 |
+----------+--------+----------+-------+--------+------+---------+---------+
| 贸易行业 | 002127 | 南极电商 | 144.3 |  25.9  | 4.6  |   8.7   |  11.6   |
| 贸易行业 | 002505 | 鹏都农牧 | 202.7 | 149.7  | 4.6  |   7.8   |   7.4   |
| 贸易行业 | 600058 | 五矿发展 | 137.7 |  26.4  | 2.3  |  13.6   |  47.9   |
| 贸易行业 | 600301 | 南化股份 | 37.5  | 215.8  | 2.2  |  -0.2   |   0.1   |
| 贸易行业 | 600608 |  ST沪科  | 15.3  | 184.7  | 1.8  |  -1.1   |  -1.7   |
| 贸易行业 | 600739 | 辽宁成大 | 218.9 |  19.8  | 0.6  |   2.4   |   3.9   |
| 贸易行业 | 600128 | 弘业股份 | 19.8  | 124.8  | 0.6  |   0.4   |   0.2   |
| 贸易行业 | 600753 | 东方银星 | 28.1  | 910.7  | 0.2  |   1.0   |   2.1   |
| 贸易行业 | 603071 | 物产环能 | 105.6 |  10.9  | 0.2  |  -1.9   |  -2.1   |
| 贸易行业 | 600755 | 厦门国贸 | 166.2 |  5.9   | 0.1  |   0.9   |  -0.9   |
| 贸易行业 | 000626 | 远大控股 | 66.5  | 149.2  | 0.0  |  -3.8   |   4.0   |
| 贸易行业 | 001316 | 润贝航科 | 17.5  |  23.3  | 0.0  |   0.0   |   0.0   |
| 贸易行业 | 600153 | 建发股份 | 388.9 |  9.6   | -0.2 |   0.3   |  -1.8   |
| 贸易行业 | 000019 | 深粮控股 | 100.2 |  18.2  | -0.2 |  -7.3   |  -1.9   |
| 贸易行业 | 600241 |  ST时万  | 21.5  |  22.2  | -0.3 |   0.4   |   3.4   |
| 贸易行业 | 002640 | *ST跨境  | 50.0  | -123.1 | -0.3 |  -3.6   |  -1.2   |
| 贸易行业 | 600826 | 兰生股份 | 42.9  | -13.3  | -0.4 |   0.1   |   1.5   |
| 贸易行业 | 300184 | 力源信息 | 59.4  |  14.6  | -0.4 |   0.2   |   2.0   |
| 贸易行业 | 603003 | 龙宇燃油 | 28.1  |  31.4  | -0.6 |  -0.3   |   0.7   |
| 贸易行业 | 600981 | 汇鸿集团 | 67.7  | 2219.2 | -0.7 |  -0.7   |  -2.3   |
| 贸易行业 | 600710 |  苏美达  | 77.5  |  9.0   | -0.7 |   0.7   |   2.1   |
| 贸易行业 | 601028 | 玉龙股份 | 149.6 |  49.4  | -0.7 |  -3.9   |  -2.2   |
| 贸易行业 | 000061 | 农 产 品 | 111.3 |  39.8  | -0.8 |  -4.9   |   0.3   |
| 贸易行业 | 600250 | 南纺股份 | 16.4  | -11.1  | -1.3 |  -2.2   |  -3.6   |
| 贸易行业 | 000151 | 中成股份 | 69.8  | 1237.8 | -1.4 |  15.3   |  28.6   |
| 贸易行业 | 300755 | 华致酒行 | 157.1 |  15.8  | -1.4 |   2.6   |   7.9   |
| 贸易行业 | 600647 | 同达创业 | 21.5  |  84.2  | -1.5 |  -5.7   |  -11.7  |
| 贸易行业 | 300975 | 商络电子 | 52.7  |  18.8  | -1.8 |  -0.4   |   5.2   |
| 贸易行业 | 002091 | 江苏国泰 | 180.9 |  10.4  | -2.2 |   2.4   |   6.7   |
| 贸易行业 | 301099 | 雅创电子 | 51.1  |  39.2  | -2.3 |   5.8   |   9.9   |
| 贸易行业 | 600149 | 廊坊发展 | 21.3  | -77.0  | -2.6 |   2.0   |   2.9   |
| 贸易行业 | 000829 | 天音控股 | 102.9 | 311.3  | -3.0 |  -1.2   |   6.9   |
| 贸易行业 | 600822 | 上海物贸 | 44.7  | 153.7  | -4.2 |  -0.9   |  -10.3  |
| 贸易行业 | 600278 | 东方创业 | 74.7  |  21.1  | -4.4 |   5.4   |   1.9   |
+----------+--------+----------+-------+--------+------+---------+---------+
