[行业>市值]
+----------+--------+----------+-------+--------+------+---------+---------+
|   行业   |  代码  |   名称   | 市值  |   pe   | 涨幅 | 3日涨幅 | 6日涨幅 |
+----------+--------+----------+-------+--------+------+---------+---------+
| 铁路公路 | 001965 | 招商公路 | 495.5 |  11.3  | 1.0  |   0.8   |   3.8   |
| 铁路公路 | 600377 | 宁沪高速 | 415.6 |  13.1  | 0.7  |  -1.4   |  -1.6   |
| 铁路公路 | 600350 | 山东高速 | 283.9 |  9.9   | 0.0  |  -0.3   |  -0.5   |
| 铁路公路 | 600548 |  深高速  | 204.8 |  12.4  | -0.2 |  -1.8   |  -2.3   |
| 铁路公路 | 000429 | 粤高速Ａ  | 173.3 |  10.1  | 0.8  |  -0.8   |  -1.1   |
| 铁路公路 | 603032 | 德新交运 | 147.1 |  70.9  | -2.3 |  -4.5   |  -1.1   |
| 铁路公路 | 600662 | 外服控股 | 141.6 |  20.4  | -1.1 |   0.0   |  -10.9  |
| 铁路公路 | 601107 | 四川成渝 | 137.3 |  13.7  | 1.6  |   4.4   |   8.7   |
| 铁路公路 | 600012 | 皖通高速 | 126.7 |  7.8   | 0.0  |   0.3   |   0.5   |
| 铁路公路 | 000828 | 东莞控股 | 105.5 |  15.5  | 1.3  |   1.7   |   3.3   |
| 铁路公路 | 600269 | 赣粤高速 | 82.7  |  6.2   | -0.6 |  -1.4   |  -1.7   |
| 铁路公路 | 600033 | 福建高速 | 79.0  |  8.8   | -0.3 |  -0.3   |  -0.3   |
| 铁路公路 | 600611 | 大众交通 | 74.7  |  -7.2  | 0.0  |   0.2   |  -1.0   |
| 铁路公路 | 603069 | 海汽集团 | 74.0  | -113.5 | 10.0 |  33.1   |  77.2   |
| 铁路公路 | 600020 | 中原高速 | 70.1  |  12.4  | 0.0  |  -0.9   |   1.0   |
| 铁路公路 | 600650 | 锦江在线 | 68.6  |  3.0   | -4.8 |   5.4   |   5.5   |
| 铁路公路 | 000900 | 现代投资 | 66.6  |  10.4  | 0.0  |  -0.9   |  -3.9   |
| 铁路公路 | 600620 | 天宸股份 | 65.0  | -67.0  | -0.5 |   0.8   |   2.0   |
| 铁路公路 | 000885 | 城发环境 | 60.4  |  6.7   | -1.7 |  -0.8   |  -3.2   |
| 铁路公路 | 000755 | 山西路桥 | 59.7  |  15.5  | 0.0  |  -1.4   |  -2.6   |
| 铁路公路 | 600106 | 重庆路桥 | 55.1  |  91.3  | 0.0  |   0.2   |   2.2   |
| 铁路公路 | 600035 | 楚天高速 | 55.1  |  5.6   | 0.0  |  -1.2   |  -0.9   |
| 铁路公路 | 600368 | 五洲交通 | 46.0  |  6.4   | -0.5 |  -1.0   |   0.0   |
| 铁路公路 | 601188 | 龙江交通 | 43.6  |  18.5  | -2.9 |   0.9   |   4.8   |
| 铁路公路 | 600834 | 申通地铁 | 42.5  |  58.5  | 0.3  |  -2.0   |  -2.3   |
| 铁路公路 | 002627 | 三峡旅游 | 41.9  |  73.5  | -1.4 |  -4.1   |  -3.6   |
| 铁路公路 | 601518 | 吉林高速 | 37.0  |  10.9  | -1.1 |  -1.4   |  -1.4   |
| 铁路公路 | 000548 | 湖南投资 | 23.3  |  70.9  | -0.8 |  -1.3   |  -5.8   |
| 铁路公路 | 002357 | 富临运业 | 16.7  |  9.1   | -1.5 |  -2.2   |  -2.9   |
| 铁路公路 | 600561 | 江西长运 | 15.0  | -23.3  | -0.2 |  -0.6   |   0.2   |
+----------+--------+----------+-------+--------+------+---------+---------+
 




 [行业>单日涨幅]
+----------+--------+----------+-------+--------+------+---------+---------+
|   行业   |  代码  |   名称   | 市值  |   pe   | 涨幅 | 3日涨幅 | 6日涨幅 |
+----------+--------+----------+-------+--------+------+---------+---------+
| 铁路公路 | 603069 | 海汽集团 | 74.0  | -113.5 | 10.0 |  33.1   |  77.2   |
| 铁路公路 | 601107 | 四川成渝 | 137.3 |  13.7  | 1.6  |   4.4   |   8.7   |
| 铁路公路 | 000828 | 东莞控股 | 105.5 |  15.5  | 1.3  |   1.7   |   3.3   |
| 铁路公路 | 001965 | 招商公路 | 495.5 |  11.3  | 1.0  |   0.8   |   3.8   |
| 铁路公路 | 000429 | 粤高速Ａ  | 173.3 |  10.1  | 0.8  |  -0.8   |  -1.1   |
| 铁路公路 | 600377 | 宁沪高速 | 415.6 |  13.1  | 0.7  |  -1.4   |  -1.6   |
| 铁路公路 | 600834 | 申通地铁 | 42.5  |  58.5  | 0.3  |  -2.0   |  -2.3   |
| 铁路公路 | 600350 | 山东高速 | 283.9 |  9.9   | 0.0  |  -0.3   |  -0.5   |
| 铁路公路 | 600012 | 皖通高速 | 126.7 |  7.8   | 0.0  |   0.3   |   0.5   |
| 铁路公路 | 600611 | 大众交通 | 74.7  |  -7.2  | 0.0  |   0.2   |  -1.0   |
| 铁路公路 | 600020 | 中原高速 | 70.1  |  12.4  | 0.0  |  -0.9   |   1.0   |
| 铁路公路 | 000900 | 现代投资 | 66.6  |  10.4  | 0.0  |  -0.9   |  -3.9   |
| 铁路公路 | 000755 | 山西路桥 | 59.7  |  15.5  | 0.0  |  -1.4   |  -2.6   |
| 铁路公路 | 600106 | 重庆路桥 | 55.1  |  91.3  | 0.0  |   0.2   |   2.2   |
| 铁路公路 | 600035 | 楚天高速 | 55.1  |  5.6   | 0.0  |  -1.2   |  -0.9   |
| 铁路公路 | 600561 | 江西长运 | 15.0  | -23.3  | -0.2 |  -0.6   |   0.2   |
| 铁路公路 | 600548 |  深高速  | 204.8 |  12.4  | -0.2 |  -1.8   |  -2.3   |
| 铁路公路 | 600033 | 福建高速 | 79.0  |  8.8   | -0.3 |  -0.3   |  -0.3   |
| 铁路公路 | 600368 | 五洲交通 | 46.0  |  6.4   | -0.5 |  -1.0   |   0.0   |
| 铁路公路 | 600620 | 天宸股份 | 65.0  | -67.0  | -0.5 |   0.8   |   2.0   |
| 铁路公路 | 600269 | 赣粤高速 | 82.7  |  6.2   | -0.6 |  -1.4   |  -1.7   |
| 铁路公路 | 000548 | 湖南投资 | 23.3  |  70.9  | -0.8 |  -1.3   |  -5.8   |
| 铁路公路 | 601518 | 吉林高速 | 37.0  |  10.9  | -1.1 |  -1.4   |  -1.4   |
| 铁路公路 | 600662 | 外服控股 | 141.6 |  20.4  | -1.1 |   0.0   |  -10.9  |
| 铁路公路 | 002627 | 三峡旅游 | 41.9  |  73.5  | -1.4 |  -4.1   |  -3.6   |
| 铁路公路 | 002357 | 富临运业 | 16.7  |  9.1   | -1.5 |  -2.2   |  -2.9   |
| 铁路公路 | 000885 | 城发环境 | 60.4  |  6.7   | -1.7 |  -0.8   |  -3.2   |
| 铁路公路 | 603032 | 德新交运 | 147.1 |  70.9  | -2.3 |  -4.5   |  -1.1   |
| 铁路公路 | 601188 | 龙江交通 | 43.6  |  18.5  | -2.9 |   0.9   |   4.8   |
| 铁路公路 | 600650 | 锦江在线 | 68.6  |  3.0   | -4.8 |   5.4   |   5.5   |
+----------+--------+----------+-------+--------+------+---------+---------+
