[行业>市值]
+------------+--------+----------+--------+-------+------+---------+---------+
|    行业    |  代码  |   名称   |  市值  |  pe   | 涨幅 | 3日涨幅 | 6日涨幅 |
+------------+--------+----------+--------+-------+------+---------+---------+
| 非金属材料 | 603260 | 合盛硅业 | 1033.0 | 12.6  | -0.7 |   2.9   |   7.0   |
| 非金属材料 | 603688 | 石英股份 | 359.8  | 103.0 | 6.4  |  21.5   |  21.4   |
| 非金属材料 | 300861 | 美畅股份 | 351.8  | 30.9  | 3.0  |   6.8   |  11.8   |
| 非金属材料 | 603826 | 坤彩科技 | 304.2  | 285.0 | -0.5 |  -0.2   |   1.9   |
| 非金属材料 | 600516 | 方大炭素 | 276.7  | 205.2 | 0.0  |   2.1   |   5.2   |
| 非金属材料 | 688281 | 华秦科技 | 253.9  | 107.0 | -3.5 |   2.7   |   9.7   |
| 非金属材料 | 300035 | 中科电气 | 195.7  | 38.0  | -2.5 |  -0.7   |   7.8   |
| 非金属材料 | 300395 |  菲利华  | 190.5  | 52.7  | -1.3 |   1.1   |   4.6   |
| 非金属材料 | 301071 | 力量钻石 | 172.8  | 42.7  | -2.5 |   1.7   |   3.2   |
| 非金属材料 | 688733 |  壹石通  | 137.2  | 78.7  | 3.1  |   4.6   |  11.7   |
| 非金属材料 | 300409 | 道氏技术 | 133.9  | 19.5  | -1.4 |   3.5   |   4.9   |
| 非金属材料 | 600172 | 黄河旋风 | 118.0  | 102.7 | -0.4 |  -3.0   |   2.5   |
| 非金属材料 | 688119 |  C洛耐   | 117.1  | 75.3  | 1.1  |  105.7  |  105.7  |
| 非金属材料 | 603612 | 索通发展 | 116.5  | 18.4  | 4.0  |   9.0   |  15.2   |
| 非金属材料 | 600330 | 天通股份 | 100.0  | 22.8  | -1.3 |   0.2   |   5.4   |
| 非金属材料 | 600783 | 鲁信创投 |  98.3  | 50.0  | 0.2  |   0.7   |   7.5   |
| 非金属材料 | 002130 | 沃尔核材 |  71.3  | 16.7  | -0.7 |   0.0   |   2.0   |
| 非金属材料 | 688300 | 联瑞新材 |  68.8  | 40.3  | 1.5  |   0.4   |  14.3   |
| 非金属材料 | 688357 | 建龙微纳 |  68.2  | 38.9  | 0.2  |  -3.2   |  14.8   |
| 非金属材料 | 001296 | 长江材料 |  25.5  | 44.5  | -2.8 |   4.0   |   1.2   |
| 非金属材料 | 300743 | 天地数码 |  15.4  | 52.3  | 0.7  |   1.4   |   4.6   |
| 非金属材料 | 300064 |  金刚退  |  9.0   | -2.0  | -6.2 |  -50.0  |  -50.0  |
+------------+--------+----------+--------+-------+------+---------+---------+
 




 [行业>单日涨幅]
+------------+--------+----------+--------+-------+------+---------+---------+
|    行业    |  代码  |   名称   |  市值  |  pe   | 涨幅 | 3日涨幅 | 6日涨幅 |
+------------+--------+----------+--------+-------+------+---------+---------+
| 非金属材料 | 603688 | 石英股份 | 359.8  | 103.0 | 6.4  |  21.5   |  21.4   |
| 非金属材料 | 603612 | 索通发展 | 116.5  | 18.4  | 4.0  |   9.0   |  15.2   |
| 非金属材料 | 688733 |  壹石通  | 137.2  | 78.7  | 3.1  |   4.6   |  11.7   |
| 非金属材料 | 300861 | 美畅股份 | 351.8  | 30.9  | 3.0  |   6.8   |  11.8   |
| 非金属材料 | 688300 | 联瑞新材 |  68.8  | 40.3  | 1.5  |   0.4   |  14.3   |
| 非金属材料 | 688119 |  C洛耐   | 117.1  | 75.3  | 1.1  |  105.7  |  105.7  |
| 非金属材料 | 300743 | 天地数码 |  15.4  | 52.3  | 0.7  |   1.4   |   4.6   |
| 非金属材料 | 600783 | 鲁信创投 |  98.3  | 50.0  | 0.2  |   0.7   |   7.5   |
| 非金属材料 | 688357 | 建龙微纳 |  68.2  | 38.9  | 0.2  |  -3.2   |  14.8   |
| 非金属材料 | 600516 | 方大炭素 | 276.7  | 205.2 | 0.0  |   2.1   |   5.2   |
| 非金属材料 | 600172 | 黄河旋风 | 118.0  | 102.7 | -0.4 |  -3.0   |   2.5   |
| 非金属材料 | 603826 | 坤彩科技 | 304.2  | 285.0 | -0.5 |  -0.2   |   1.9   |
| 非金属材料 | 603260 | 合盛硅业 | 1033.0 | 12.6  | -0.7 |   2.9   |   7.0   |
| 非金属材料 | 002130 | 沃尔核材 |  71.3  | 16.7  | -0.7 |   0.0   |   2.0   |
| 非金属材料 | 600330 | 天通股份 | 100.0  | 22.8  | -1.3 |   0.2   |   5.4   |
| 非金属材料 | 300395 |  菲利华  | 190.5  | 52.7  | -1.3 |   1.1   |   4.6   |
| 非金属材料 | 300409 | 道氏技术 | 133.9  | 19.5  | -1.4 |   3.5   |   4.9   |
| 非金属材料 | 300035 | 中科电气 | 195.7  | 38.0  | -2.5 |  -0.7   |   7.8   |
| 非金属材料 | 301071 | 力量钻石 | 172.8  | 42.7  | -2.5 |   1.7   |   3.2   |
| 非金属材料 | 001296 | 长江材料 |  25.5  | 44.5  | -2.8 |   4.0   |   1.2   |
| 非金属材料 | 688281 | 华秦科技 | 253.9  | 107.0 | -3.5 |   2.7   |   9.7   |
| 非金属材料 | 300064 |  金刚退  |  9.0   | -2.0  | -6.2 |  -50.0  |  -50.0  |
+------------+--------+----------+--------+-------+------+---------+---------+
