[行业>市值]
+----------+--------+----------+-------+-------+------+---------+---------+
|   行业   |  代码  |   名称   | 市值  |  pe   | 涨幅 | 3日涨幅 | 6日涨幅 |
+----------+--------+----------+-------+-------+------+---------+---------+
| 专业服务 | 300012 | 华测检测 | 371.2 | 77.4  | -2.2 |   0.1   |  -0.3   |
| 专业服务 | 003035 | 南网能源 | 244.3 | 68.3  | -1.8 |   1.9   |   0.9   |
| 专业服务 | 301080 | 百普赛斯 | 137.0 | 64.0  | -0.5 |   1.2   |   7.5   |
| 专业服务 | 688133 | 泰坦科技 | 127.1 | 163.5 | -0.5 |   3.8   |  14.5   |
| 专业服务 | 300887 | 谱尼测试 | 116.4 | 528.1 | -1.7 |   6.9   |  11.4   |
| 专业服务 | 002967 | 广电计量 | 102.0 | -32.1 | -3.6 |   1.2   |   0.1   |
| 专业服务 | 603060 | 国检集团 | 84.5  | -75.3 | -1.4 |  -2.5   |  -2.9   |
| 专业服务 | 300416 | 苏试试验 | 83.2  | 72.2  | -3.0 |  -3.0   |  -3.4   |
| 专业服务 | 688179 |  阿拉丁  | 74.5  | 60.1  | -0.9 |  -3.2   |  -1.9   |
| 专业服务 | 603698 | 航天工程 | 67.8  | 92.5  | -1.6 |  -1.5   |  -3.1   |
| 专业服务 | 300384 | 三联虹普 | 56.5  | 23.8  | -3.0 |  -3.6   |  -2.9   |
| 专业服务 | 301166 |  优宁维  | 51.4  | 59.2  | 0.1  |  -0.3   |   0.9   |
| 专业服务 | 300215 |  电科院  | 49.4  | 84.7  | -1.5 |  -0.6   |   2.5   |
| 专业服务 | 002878 | 元隆雅图 | 40.2  | 10.9  | -2.6 |   0.2   |   5.9   |
| 专业服务 | 300962 | 中金辐照 | 38.5  | 33.8  | -2.5 |  -0.8   |   0.0   |
| 专业服务 | 002564 | 天沃科技 | 38.0  | 507.7 | -1.1 |  -4.8   |  -7.8   |
| 专业服务 | 300797 | 钢研纳克 | 33.2  | 55.8  | -2.7 |  -1.3   |  -0.1   |
| 专业服务 | 301169 | 零点有数 | 32.8  | -68.2 | -0.9 |  11.7   |  19.1   |
| 专业服务 | 300572 | 安车检测 | 32.4  | 53.5  | -2.4 |   0.0   |   1.4   |
| 专业服务 | 603776 |  永安行  | 31.7  | 64.1  | -2.0 |   3.1   |   2.8   |
| 专业服务 | 301257 |  普蕊斯  | 29.6  | 75.8  | -4.3 |  -1.5   |   1.5   |
| 专业服务 | 300938 | 信测标准 | 29.2  | 32.6  | 2.1  |   4.0   |   4.4   |
| 专业服务 | 301289 |  N国缆   | 29.1  | 43.5  | 44.8 |  44.8   |  44.8   |
| 专业服务 | 603183 |  建研院  | 24.9  | -61.1 | -1.8 |  -2.0   |   1.4   |
| 专业服务 | 301228 | 实朴检测 | 24.6  | -42.6 | -1.6 |   0.1   |   0.3   |
| 专业服务 | 003008 | 开普检测 | 18.9  | 35.1  | -1.4 |   0.6   |   1.6   |
+----------+--------+----------+-------+-------+------+---------+---------+
 




 [行业>单日涨幅]
+----------+--------+----------+-------+-------+------+---------+---------+
|   行业   |  代码  |   名称   | 市值  |  pe   | 涨幅 | 3日涨幅 | 6日涨幅 |
+----------+--------+----------+-------+-------+------+---------+---------+
| 专业服务 | 301289 |  N国缆   | 29.1  | 43.5  | 44.8 |  44.8   |  44.8   |
| 专业服务 | 300938 | 信测标准 | 29.2  | 32.6  | 2.1  |   4.0   |   4.4   |
| 专业服务 | 301166 |  优宁维  | 51.4  | 59.2  | 0.1  |  -0.3   |   0.9   |
| 专业服务 | 688133 | 泰坦科技 | 127.1 | 163.5 | -0.5 |   3.8   |  14.5   |
| 专业服务 | 301080 | 百普赛斯 | 137.0 | 64.0  | -0.5 |   1.2   |   7.5   |
| 专业服务 | 688179 |  阿拉丁  | 74.5  | 60.1  | -0.9 |  -3.2   |  -1.9   |
| 专业服务 | 301169 | 零点有数 | 32.8  | -68.2 | -0.9 |  11.7   |  19.1   |
| 专业服务 | 002564 | 天沃科技 | 38.0  | 507.7 | -1.1 |  -4.8   |  -7.8   |
| 专业服务 | 003008 | 开普检测 | 18.9  | 35.1  | -1.4 |   0.6   |   1.6   |
| 专业服务 | 603060 | 国检集团 | 84.5  | -75.3 | -1.4 |  -2.5   |  -2.9   |
| 专业服务 | 300215 |  电科院  | 49.4  | 84.7  | -1.5 |  -0.6   |   2.5   |
| 专业服务 | 603698 | 航天工程 | 67.8  | 92.5  | -1.6 |  -1.5   |  -3.1   |
| 专业服务 | 301228 | 实朴检测 | 24.6  | -42.6 | -1.6 |   0.1   |   0.3   |
| 专业服务 | 300887 | 谱尼测试 | 116.4 | 528.1 | -1.7 |   6.9   |  11.4   |
| 专业服务 | 603183 |  建研院  | 24.9  | -61.1 | -1.8 |  -2.0   |   1.4   |
| 专业服务 | 003035 | 南网能源 | 244.3 | 68.3  | -1.8 |   1.9   |   0.9   |
| 专业服务 | 603776 |  永安行  | 31.7  | 64.1  | -2.0 |   3.1   |   2.8   |
| 专业服务 | 300012 | 华测检测 | 371.2 | 77.4  | -2.2 |   0.1   |  -0.3   |
| 专业服务 | 300572 | 安车检测 | 32.4  | 53.5  | -2.4 |   0.0   |   1.4   |
| 专业服务 | 300962 | 中金辐照 | 38.5  | 33.8  | -2.5 |  -0.8   |   0.0   |
| 专业服务 | 002878 | 元隆雅图 | 40.2  | 10.9  | -2.6 |   0.2   |   5.9   |
| 专业服务 | 300797 | 钢研纳克 | 33.2  | 55.8  | -2.7 |  -1.3   |  -0.1   |
| 专业服务 | 300384 | 三联虹普 | 56.5  | 23.8  | -3.0 |  -3.6   |  -2.9   |
| 专业服务 | 300416 | 苏试试验 | 83.2  | 72.2  | -3.0 |  -3.0   |  -3.4   |
| 专业服务 | 002967 | 广电计量 | 102.0 | -32.1 | -3.6 |   1.2   |   0.1   |
| 专业服务 | 301257 |  普蕊斯  | 29.6  | 75.8  | -4.3 |  -1.5   |   1.5   |
+----------+--------+----------+-------+-------+------+---------+---------+
