[行业>市值]
+------+--------+----------+--------+------+------+---------+---------+
| 行业 |  代码  |   名称   |  市值  |  pe  | 涨幅 | 3日涨幅 | 6日涨幅 |
+------+--------+----------+--------+------+------+---------+---------+
| 保险 | 601628 | 中国人寿 | 8457.0 | 13.9 | -0.6 |   5.3   |  14.1   |
| 保险 | 601318 | 中国平安 | 8299.0 | 10.0 | -1.6 |  -0.3   |   3.8   |
| 保险 | 601319 | 中国人保 | 2251.0 | 6.4  | -2.3 |   0.6   |   0.2   |
| 保险 | 601601 | 中国太保 | 2235.0 | 10.3 | -0.6 |   1.5   |   6.5   |
| 保险 | 601336 | 新华保险 | 980.2  | 18.2 | -0.5 |   1.2   |   5.3   |
| 保险 | 000627 | 天茂集团 | 175.4  | 29.8 | -2.7 |   4.1   |  18.3   |
+------+--------+----------+--------+------+------+---------+---------+
 




 [行业>单日涨幅]
+------+--------+----------+--------+------+------+---------+---------+
| 行业 |  代码  |   名称   |  市值  |  pe  | 涨幅 | 3日涨幅 | 6日涨幅 |
+------+--------+----------+--------+------+------+---------+---------+
| 保险 | 601336 | 新华保险 | 980.2  | 18.2 | -0.5 |   1.2   |   5.3   |
| 保险 | 601628 | 中国人寿 | 8457.0 | 13.9 | -0.6 |   5.3   |  14.1   |
| 保险 | 601601 | 中国太保 | 2235.0 | 10.3 | -0.6 |   1.5   |   6.5   |
| 保险 | 601318 | 中国平安 | 8299.0 | 10.0 | -1.6 |  -0.3   |   3.8   |
| 保险 | 601319 | 中国人保 | 2251.0 | 6.4  | -2.3 |   0.6   |   0.2   |
| 保险 | 000627 | 天茂集团 | 175.4  | 29.8 | -2.7 |   4.1   |  18.3   |
+------+--------+----------+--------+------+------+---------+---------+
