[行业>市值]
+----------+--------+----------+-------+--------+------+---------+---------+
|   行业   |  代码  |   名称   | 市值  |   pe   | 涨幅 | 3日涨幅 | 6日涨幅 |
+----------+--------+----------+-------+--------+------+---------+---------+
| 包装材料 | 002191 | 劲嘉股份 | 138.6 |  11.4  | -2.6 |  -2.7   |  -3.7   |
| 包装材料 | 002701 |  奥瑞金  | 133.6 |  16.2  | -3.0 |  -4.1   |   4.6   |
| 包装材料 | 600210 | 紫江企业 | 88.3  |  18.2  | -3.2 |  -5.5   |  -6.9   |
| 包装材料 | 601515 | 东风股份 | 83.7  |  17.2  | -1.1 |  -1.9   |  -4.2   |
| 包装材料 | 601968 | 宝钢包装 | 81.0  |  31.6  | -1.6 |  -4.3   |   7.0   |
| 包装材料 | 002303 |  美盈森  | 51.0  |  31.0  | -0.9 |   0.0   |   0.3   |
| 包装材料 | 002565 | 顺灏股份 | 48.0  | -415.4 | -3.6 |  -7.9   |  -10.3  |
| 包装材料 | 002735 | 王子新材 | 45.1  |  27.7  | 3.0  |   0.0   |  -2.6   |
| 包装材料 | 000812 | 陕西金叶 | 45.0  | 172.9  | -3.3 |  -5.0   |   1.4   |
| 包装材料 | 002752 | 昇兴股份 | 44.7  |  23.8  | -1.3 |   0.2   |   2.9   |
| 包装材料 | 301062 | 上海艾录 | 43.8  |  34.5  | -2.9 |  -2.8   |  -3.6   |
| 包装材料 | 600836 | 上海易连 | 43.2  | 496.1  | -4.2 |  -11.2  |  -7.6   |
| 包装材料 | 002228 | 合兴包装 | 42.2  |  20.2  | -0.6 |  -0.3   |  -0.9   |
| 包装材料 | 002014 | 永新股份 | 40.4  |  15.5  | -1.9 |  -0.5   |  -2.2   |
| 包装材料 | 000659 | 珠海中富 | 39.5  | -50.7  | -2.5 |  -1.6   |  -4.4   |
| 包装材料 | 002969 | 嘉美包装 | 38.5  | 164.1  | -2.7 |  -4.8   |  -7.6   |
| 包装材料 | 603687 |  大胜达  | 37.5  |  38.4  | -0.9 |  -3.1   |  -1.8   |
| 包装材料 | 002951 | 金时科技 | 32.7  | 854.2  | -1.1 |  -0.4   |   0.6   |
| 包装材料 | 002799 | 环球印务 | 28.1  |  25.6  | -1.9 |  -4.5   |  -1.5   |
| 包装材料 | 002599 | 盛通股份 | 27.8  | -28.0  | 5.3  |   4.7   |   9.4   |
| 包装材料 | 300501 | 海顺新材 | 27.7  |  27.2  | -2.0 |  -0.6   |   1.4   |
| 包装材料 | 002846 | 英联股份 | 21.7  | -102.0 | 10.0 |  12.4   |  12.9   |
| 包装材料 | 002787 | 华源控股 | 17.8  | 138.5  | 1.4  |   2.9   |   2.4   |
| 包装材料 | 603022 |  新通联  | 17.5  |  54.7  | -2.0 |  -2.7   |  -0.7   |
| 包装材料 | 003003 | 天元股份 | 15.6  | 1339.5 | -2.0 |  -1.2   |  -1.6   |
+----------+--------+----------+-------+--------+------+---------+---------+
 




 [行业>单日涨幅]
+----------+--------+----------+-------+--------+------+---------+---------+
|   行业   |  代码  |   名称   | 市值  |   pe   | 涨幅 | 3日涨幅 | 6日涨幅 |
+----------+--------+----------+-------+--------+------+---------+---------+
| 包装材料 | 002846 | 英联股份 | 21.7  | -102.0 | 10.0 |  12.4   |  12.9   |
| 包装材料 | 002599 | 盛通股份 | 27.8  | -28.0  | 5.3  |   4.7   |   9.4   |
| 包装材料 | 002735 | 王子新材 | 45.1  |  27.7  | 3.0  |   0.0   |  -2.6   |
| 包装材料 | 002787 | 华源控股 | 17.8  | 138.5  | 1.4  |   2.9   |   2.4   |
| 包装材料 | 002228 | 合兴包装 | 42.2  |  20.2  | -0.6 |  -0.3   |  -0.9   |
| 包装材料 | 002303 |  美盈森  | 51.0  |  31.0  | -0.9 |   0.0   |   0.3   |
| 包装材料 | 603687 |  大胜达  | 37.5  |  38.4  | -0.9 |  -3.1   |  -1.8   |
| 包装材料 | 601515 | 东风股份 | 83.7  |  17.2  | -1.1 |  -1.9   |  -4.2   |
| 包装材料 | 002951 | 金时科技 | 32.7  | 854.2  | -1.1 |  -0.4   |   0.6   |
| 包装材料 | 002752 | 昇兴股份 | 44.7  |  23.8  | -1.3 |   0.2   |   2.9   |
| 包装材料 | 601968 | 宝钢包装 | 81.0  |  31.6  | -1.6 |  -4.3   |   7.0   |
| 包装材料 | 002799 | 环球印务 | 28.1  |  25.6  | -1.9 |  -4.5   |  -1.5   |
| 包装材料 | 002014 | 永新股份 | 40.4  |  15.5  | -1.9 |  -0.5   |  -2.2   |
| 包装材料 | 300501 | 海顺新材 | 27.7  |  27.2  | -2.0 |  -0.6   |   1.4   |
| 包装材料 | 003003 | 天元股份 | 15.6  | 1339.5 | -2.0 |  -1.2   |  -1.6   |
| 包装材料 | 603022 |  新通联  | 17.5  |  54.7  | -2.0 |  -2.7   |  -0.7   |
| 包装材料 | 000659 | 珠海中富 | 39.5  | -50.7  | -2.5 |  -1.6   |  -4.4   |
| 包装材料 | 002191 | 劲嘉股份 | 138.6 |  11.4  | -2.6 |  -2.7   |  -3.7   |
| 包装材料 | 002969 | 嘉美包装 | 38.5  | 164.1  | -2.7 |  -4.8   |  -7.6   |
| 包装材料 | 301062 | 上海艾录 | 43.8  |  34.5  | -2.9 |  -2.8   |  -3.6   |
| 包装材料 | 002701 |  奥瑞金  | 133.6 |  16.2  | -3.0 |  -4.1   |   4.6   |
| 包装材料 | 600210 | 紫江企业 | 88.3  |  18.2  | -3.2 |  -5.5   |  -6.9   |
| 包装材料 | 000812 | 陕西金叶 | 45.0  | 172.9  | -3.3 |  -5.0   |   1.4   |
| 包装材料 | 002565 | 顺灏股份 | 48.0  | -415.4 | -3.6 |  -7.9   |  -10.3  |
| 包装材料 | 600836 | 上海易连 | 43.2  | 496.1  | -4.2 |  -11.2  |  -7.6   |
+----------+--------+----------+-------+--------+------+---------+---------+
