[行业>市值]
+----------+--------+----------+--------+-------+------+---------+---------+
|   行业   |  代码  |   名称   |  市值  |  pe   | 涨幅 | 3日涨幅 | 6日涨幅 |
+----------+--------+----------+--------+-------+------+---------+---------+
| 化纤行业 | 002493 | 荣盛石化 | 1579.0 | 12.7  | -1.3 |  -3.8   |  -7.3   |
| 化纤行业 | 600346 | 恒力石化 | 1568.0 |  9.3  | -0.5 |  -3.0   |  -6.4   |
| 化纤行业 | 000301 | 东方盛虹 | 1026.0 | 37.3  | 1.4  |  -3.3   |  -10.9  |
| 化纤行业 | 000703 | 恒逸石化 | 389.7  | 13.3  | -2.8 |  -9.2   |  -12.3  |
| 化纤行业 | 601233 | 桐昆股份 | 382.4  |  6.4  | -3.0 |  -5.8   |  -9.9   |
| 化纤行业 | 002064 | 华峰化学 | 378.6  |  7.0  | -2.9 |  -4.6   |  -6.5   |
| 化纤行业 | 688295 | 中复神鹰 | 342.2  | 72.6  | 4.2  |  -1.5   |  -0.3   |
| 化纤行业 | 300777 | 中简科技 | 194.3  | 53.6  | -2.9 |  -2.3   |  -1.1   |
| 化纤行业 | 603225 |  新凤鸣  | 168.2  | 14.8  | -4.8 |  -2.0   |  -4.8   |
| 化纤行业 | 600063 | 皖维高新 | 134.2  |  8.1  | 1.0  |  -2.8   |  -9.1   |
| 化纤行业 | 000420 | 吉林化纤 | 108.6  | -55.4 | -1.6 |  -1.4   |   1.0   |
| 化纤行业 | 002254 | 泰和新材 | 106.1  | 18.2  | -2.5 |   1.7   |   1.2   |
| 化纤行业 | 600810 | 神马股份 |  91.9  |  6.2  | -3.0 |  -5.9   |  -7.8   |
| 化纤行业 | 002206 | 海 利 得 |  76.7  | 15.7  | -4.3 |  -6.0   |  -6.3   |
| 化纤行业 | 000949 | 新乡化纤 |  53.2  | 32.5  | -1.9 |  -2.7   |  -4.7   |
| 化纤行业 | 601113 |  ST华鼎  |  51.9  | -17.0 | 5.1  |   3.6   |   5.3   |
| 化纤行业 | 000936 | 华西股份 |  47.6  | 61.6  | 0.2  |  -4.1   |  -1.1   |
| 化纤行业 | 688722 |  同益中  |  37.4  | 30.6  | -0.3 |  -3.6   |  12.1   |
| 化纤行业 | 002427 | *ST尤夫  |  36.6  | -5.2  | 0.4  |   3.5   |  -0.4   |
| 化纤行业 | 600527 | 江南高纤 |  36.4  | 56.9  | -1.4 |  -0.5   |  -0.9   |
| 化纤行业 | 603332 | 苏州龙杰 |  32.8  | -61.1 | 0.5  |  -3.1   |  -4.0   |
| 化纤行业 | 002172 | 澳洋健康 |  26.2  | 20.1  | -1.8 |  -1.2   |   0.0   |
| 化纤行业 | 301057 | 汇隆新材 |  25.9  | 52.3  | -1.0 |  -5.1   |  -0.5   |
| 化纤行业 | 000677 | 恒天海龙 |  25.4  | 40.9  | -3.0 |  -0.3   |  -1.0   |
| 化纤行业 | 000782 | 美达股份 |  23.9  | 30.0  | -0.9 |  -1.9   |  -2.6   |
| 化纤行业 | 002998 | 优彩资源 |  22.6  | 18.9  | -3.0 |  -3.0   |  -5.3   |
| 化纤行业 | 300876 | 蒙泰高新 |  20.7  | 34.1  | -2.4 |  -2.1   |  -5.8   |
| 化纤行业 | 600889 | 南京化纤 |  17.1  | -13.6 | -1.5 |  -0.4   |  -2.3   |
+----------+--------+----------+--------+-------+------+---------+---------+
 




 [行业>单日涨幅]
+----------+--------+----------+--------+-------+------+---------+---------+
|   行业   |  代码  |   名称   |  市值  |  pe   | 涨幅 | 3日涨幅 | 6日涨幅 |
+----------+--------+----------+--------+-------+------+---------+---------+
| 化纤行业 | 601113 |  ST华鼎  |  51.9  | -17.0 | 5.1  |   3.6   |   5.3   |
| 化纤行业 | 688295 | 中复神鹰 | 342.2  | 72.6  | 4.2  |  -1.5   |  -0.3   |
| 化纤行业 | 000301 | 东方盛虹 | 1026.0 | 37.3  | 1.4  |  -3.3   |  -10.9  |
| 化纤行业 | 600063 | 皖维高新 | 134.2  |  8.1  | 1.0  |  -2.8   |  -9.1   |
| 化纤行业 | 603332 | 苏州龙杰 |  32.8  | -61.1 | 0.5  |  -3.1   |  -4.0   |
| 化纤行业 | 002427 | *ST尤夫  |  36.6  | -5.2  | 0.4  |   3.5   |  -0.4   |
| 化纤行业 | 000936 | 华西股份 |  47.6  | 61.6  | 0.2  |  -4.1   |  -1.1   |
| 化纤行业 | 688722 |  同益中  |  37.4  | 30.6  | -0.3 |  -3.6   |  12.1   |
| 化纤行业 | 600346 | 恒力石化 | 1568.0 |  9.3  | -0.5 |  -3.0   |  -6.4   |
| 化纤行业 | 000782 | 美达股份 |  23.9  | 30.0  | -0.9 |  -1.9   |  -2.6   |
| 化纤行业 | 301057 | 汇隆新材 |  25.9  | 52.3  | -1.0 |  -5.1   |  -0.5   |
| 化纤行业 | 002493 | 荣盛石化 | 1579.0 | 12.7  | -1.3 |  -3.8   |  -7.3   |
| 化纤行业 | 600527 | 江南高纤 |  36.4  | 56.9  | -1.4 |  -0.5   |  -0.9   |
| 化纤行业 | 600889 | 南京化纤 |  17.1  | -13.6 | -1.5 |  -0.4   |  -2.3   |
| 化纤行业 | 000420 | 吉林化纤 | 108.6  | -55.4 | -1.6 |  -1.4   |   1.0   |
| 化纤行业 | 002172 | 澳洋健康 |  26.2  | 20.1  | -1.8 |  -1.2   |   0.0   |
| 化纤行业 | 000949 | 新乡化纤 |  53.2  | 32.5  | -1.9 |  -2.7   |  -4.7   |
| 化纤行业 | 300876 | 蒙泰高新 |  20.7  | 34.1  | -2.4 |  -2.1   |  -5.8   |
| 化纤行业 | 002254 | 泰和新材 | 106.1  | 18.2  | -2.5 |   1.7   |   1.2   |
| 化纤行业 | 000703 | 恒逸石化 | 389.7  | 13.3  | -2.8 |  -9.2   |  -12.3  |
| 化纤行业 | 300777 | 中简科技 | 194.3  | 53.6  | -2.9 |  -2.3   |  -1.1   |
| 化纤行业 | 002064 | 华峰化学 | 378.6  |  7.0  | -2.9 |  -4.6   |  -6.5   |
| 化纤行业 | 002998 | 优彩资源 |  22.6  | 18.9  | -3.0 |  -3.0   |  -5.3   |
| 化纤行业 | 000677 | 恒天海龙 |  25.4  | 40.9  | -3.0 |  -0.3   |  -1.0   |
| 化纤行业 | 600810 | 神马股份 |  91.9  |  6.2  | -3.0 |  -5.9   |  -7.8   |
| 化纤行业 | 601233 | 桐昆股份 | 382.4  |  6.4  | -3.0 |  -5.8   |  -9.9   |
| 化纤行业 | 002206 | 海 利 得 |  76.7  | 15.7  | -4.3 |  -6.0   |  -6.3   |
| 化纤行业 | 603225 |  新凤鸣  | 168.2  | 14.8  | -4.8 |  -2.0   |  -4.8   |
+----------+--------+----------+--------+-------+------+---------+---------+
