[行业>市值]
+----------+--------+----------+--------+-------+------+---------+---------+
|   行业   |  代码  |   名称   |  市值  |  pe   | 涨幅 | 3日涨幅 | 6日涨幅 |
+----------+--------+----------+--------+-------+------+---------+---------+
| 化肥行业 | 000792 | 盐湖股份 | 1570.0 | 11.2  | -1.7 |  -4.7   |  -6.5   |
| 化肥行业 | 600096 |  云天化  | 556.3  |  8.4  | 1.0  |  -4.2   |  -12.5  |
| 化肥行业 | 000408 | 藏格矿业 | 510.6  | 15.7  | 0.2  |  -6.0   |  -3.6   |
| 化肥行业 | 600141 | 兴发集团 | 452.7  |  6.6  | 0.1  |  -5.9   |  -11.5  |
| 化肥行业 | 000893 | 亚钾国际 | 271.3  | 24.2  | 0.0  |  -4.7   |  -6.7   |
| 化肥行业 | 002312 | 川发龙蟒 | 249.5  | 22.8  | 3.2  |   2.7   |  -0.4   |
| 化肥行业 | 000902 |  新洋丰  | 218.2  | 13.4  | -1.5 |  -6.2   |  -10.3  |
| 化肥行业 | 002895 | 川恒股份 | 164.1  | 39.4  | 1.4  |  -8.2   |  -11.0  |
| 化肥行业 | 002539 | 云图控股 | 156.0  |  8.4  | -1.5 |  -7.0   |  -13.7  |
| 化肥行业 | 603938 | 三孚股份 | 141.7  | 23.6  | -1.9 |  -8.1   |  -16.2  |
| 化肥行业 | 002556 | 辉隆股份 | 108.9  | 13.0  | -2.4 |  -4.9   |  -6.4   |
| 化肥行业 | 600691 | 阳煤化工 |  95.0  | 25.7  | -2.7 |  -4.5   |  -9.7   |
| 化肥行业 | 002274 | 华昌化工 |  92.8  |  9.5  | -2.0 |  -5.4   |  -9.6   |
| 化肥行业 | 002538 |  司尔特  |  88.4  | 14.3  | 0.3  |  -5.4   |  -7.3   |
| 化肥行业 | 000912 |  泸天化  |  82.8  | 14.8  | -0.4 |  -5.2   |  -9.6   |
| 化肥行业 | 002470 |  ST金正  |  73.9  | -70.9 | -0.9 |  -0.4   |  -3.4   |
| 化肥行业 | 002588 |  史丹利  |  72.7  | 12.1  | -1.4 |  -6.7   |  -11.6  |
| 化肥行业 | 600078 | *ST澄星  |  69.2  | 25.6  | -2.5 |  -4.9   |  -8.6   |
| 化肥行业 | 300505 |  川金诺  |  60.3  | 25.2  | 1.1  |  -2.6   |  -6.8   |
| 化肥行业 | 002170 | 芭田股份 |  53.3  | 61.4  | 0.2  |  -1.5   |  -2.6   |
| 化肥行业 | 000731 | 四川美丰 |  53.1  |  7.4  | -2.8 |  -6.6   |  -10.5  |
| 化肥行业 | 600470 | 六国化工 |  38.7  | 14.5  | -1.3 |  -8.5   |  -12.6  |
| 化肥行业 | 002999 | 天禾股份 |  25.3  | 45.4  | 0.4  |  -0.9   |  -7.4   |
| 化肥行业 | 300387 | 富邦股份 |  19.4  | 36.0  | -2.9 |  -3.6   |  -6.8   |
| 化肥行业 | 000611 |  天首退  |  4.8   | -15.2 | 0.0  |  21.0   |  44.2   |
+----------+--------+----------+--------+-------+------+---------+---------+
 




 [行业>单日涨幅]
+----------+--------+----------+--------+-------+------+---------+---------+
|   行业   |  代码  |   名称   |  市值  |  pe   | 涨幅 | 3日涨幅 | 6日涨幅 |
+----------+--------+----------+--------+-------+------+---------+---------+
| 化肥行业 | 002312 | 川发龙蟒 | 249.5  | 22.8  | 3.2  |   2.7   |  -0.4   |
| 化肥行业 | 002895 | 川恒股份 | 164.1  | 39.4  | 1.4  |  -8.2   |  -11.0  |
| 化肥行业 | 300505 |  川金诺  |  60.3  | 25.2  | 1.1  |  -2.6   |  -6.8   |
| 化肥行业 | 600096 |  云天化  | 556.3  |  8.4  | 1.0  |  -4.2   |  -12.5  |
| 化肥行业 | 002999 | 天禾股份 |  25.3  | 45.4  | 0.4  |  -0.9   |  -7.4   |
| 化肥行业 | 002538 |  司尔特  |  88.4  | 14.3  | 0.3  |  -5.4   |  -7.3   |
| 化肥行业 | 000408 | 藏格矿业 | 510.6  | 15.7  | 0.2  |  -6.0   |  -3.6   |
| 化肥行业 | 002170 | 芭田股份 |  53.3  | 61.4  | 0.2  |  -1.5   |  -2.6   |
| 化肥行业 | 600141 | 兴发集团 | 452.7  |  6.6  | 0.1  |  -5.9   |  -11.5  |
| 化肥行业 | 000893 | 亚钾国际 | 271.3  | 24.2  | 0.0  |  -4.7   |  -6.7   |
| 化肥行业 | 000611 |  天首退  |  4.8   | -15.2 | 0.0  |  21.0   |  44.2   |
| 化肥行业 | 000912 |  泸天化  |  82.8  | 14.8  | -0.4 |  -5.2   |  -9.6   |
| 化肥行业 | 002470 |  ST金正  |  73.9  | -70.9 | -0.9 |  -0.4   |  -3.4   |
| 化肥行业 | 600470 | 六国化工 |  38.7  | 14.5  | -1.3 |  -8.5   |  -12.6  |
| 化肥行业 | 002588 |  史丹利  |  72.7  | 12.1  | -1.4 |  -6.7   |  -11.6  |
| 化肥行业 | 000902 |  新洋丰  | 218.2  | 13.4  | -1.5 |  -6.2   |  -10.3  |
| 化肥行业 | 002539 | 云图控股 | 156.0  |  8.4  | -1.5 |  -7.0   |  -13.7  |
| 化肥行业 | 000792 | 盐湖股份 | 1570.0 | 11.2  | -1.7 |  -4.7   |  -6.5   |
| 化肥行业 | 603938 | 三孚股份 | 141.7  | 23.6  | -1.9 |  -8.1   |  -16.2  |
| 化肥行业 | 002274 | 华昌化工 |  92.8  |  9.5  | -2.0 |  -5.4   |  -9.6   |
| 化肥行业 | 002556 | 辉隆股份 | 108.9  | 13.0  | -2.4 |  -4.9   |  -6.4   |
| 化肥行业 | 600078 | *ST澄星  |  69.2  | 25.6  | -2.5 |  -4.9   |  -8.6   |
| 化肥行业 | 600691 | 阳煤化工 |  95.0  | 25.7  | -2.7 |  -4.5   |  -9.7   |
| 化肥行业 | 000731 | 四川美丰 |  53.1  |  7.4  | -2.8 |  -6.6   |  -10.5  |
| 化肥行业 | 300387 | 富邦股份 |  19.4  | 36.0  | -2.9 |  -3.6   |  -6.8   |
+----------+--------+----------+--------+-------+------+---------+---------+
