[行业>市值]
+----------+--------+----------+-------+--------+------+---------+---------+
|   行业   |  代码  |   名称   | 市值  |   pe   | 涨幅 | 3日涨幅 | 6日涨幅 |
+----------+--------+----------+-------+--------+------+---------+---------+
| 多元金融 | 000617 | 中油资本 | 606.8 |  8.8   | -1.4 |  -4.0   |  -3.4   |
| 多元金融 | 000987 | 越秀金控 | 349.0 |  14.9  | -2.1 |  -6.6   |   9.9   |
| 多元金融 | 600705 | 中航产融 | 310.4 | 677.5  | -1.7 |  -2.2   |  -2.5   |
| 多元金融 | 600927 | 永安期货 | 288.9 | 221.6  | -2.0 |  -2.7   |  -8.2   |
| 多元金融 | 600816 |  ST安信  | 224.8 | -11.8  | -1.7 |  -4.0   |  -3.3   |
| 多元金融 | 600390 | 五矿资本 | 221.3 |  7.8   | -1.0 |  -3.3   |  -1.8   |
| 多元金融 | 002423 | 中粮资本 | 156.2 | -11.4  | -1.7 |  -3.1   |  -4.1   |
| 多元金融 | 600901 | 江苏租赁 | 149.6 |  6.1   | -1.0 |  -1.4   |  -3.3   |
| 多元金融 | 000567 | 海德股份 | 139.2 |  27.3  | -0.9 |  -3.7   |  -5.5   |
| 多元金融 | 000415 | 渤海租赁 | 132.3 |  -4.5  | -1.8 |  -2.7   |  -2.3   |
| 多元金融 | 000563 | 陕国投Ａ  | 123.7 |  17.6  | -1.6 |  -0.6   |  -1.3   |
| 多元金融 | 600120 | 浙江东方 | 112.7 |  70.5  | -2.3 |  -2.5   |  -3.2   |
| 多元金融 | 600643 | 爱建集团 | 94.9  |  8.0   | -1.9 |  -2.0   |  -3.0   |
| 多元金融 | 000046 | 泛海控股 | 75.9  |  -2.4  | -2.0 |  -2.0   |  -2.0   |
| 多元金融 | 002961 | 瑞达期货 | 75.3  |  19.8  | -2.0 |  -4.6   |  -4.6   |
| 多元金融 | 600053 | 九鼎投资 | 74.5  |  42.0  | -4.0 |  -0.9   |  -1.3   |
| 多元金融 | 603093 | 南华期货 | 62.9  |  55.9  | -2.3 |  -4.5   |  -6.8   |
| 多元金融 | 000666 | 经纬纺机 | 60.4  |  11.1  | -2.0 |  -2.8   |  -4.6   |
| 多元金融 | 600318 | 新力金融 | 39.1  | 426.1  | -1.8 |  -4.3   |  -7.7   |
| 多元金融 | 002647 | 仁东控股 | 38.2  | -46.4  | -4.6 |  -0.9   |   1.8   |
| 多元金融 | 600830 | 香溢融通 | 25.7  |  53.5  | -1.7 |  -3.6   |  -6.9   |
| 多元金融 | 000416 | 民生控股 | 19.8  | -106.9 | -2.4 |  -2.6   |  -2.9   |
| 多元金融 | 300309 | *ST吉艾  | 15.9  |  -3.6  | 2.9  |  -0.6   |  -5.3   |
| 多元金融 | 600139 | *ST西源  | 15.8  | -10.7  | 0.8  |  10.7   |  13.9   |
| 多元金融 | 600599 |  ST熊猫  | 15.6  |  10.7  | 0.1  |  -4.4   |  -10.0  |
| 多元金融 | 600093 | 退市易见 |  5.6  |  -1.2  | 0.0  |   0.0   |  13.6   |
+----------+--------+----------+-------+--------+------+---------+---------+
 




 [行业>单日涨幅]
+----------+--------+----------+-------+--------+------+---------+---------+
|   行业   |  代码  |   名称   | 市值  |   pe   | 涨幅 | 3日涨幅 | 6日涨幅 |
+----------+--------+----------+-------+--------+------+---------+---------+
| 多元金融 | 300309 | *ST吉艾  | 15.9  |  -3.6  | 2.9  |  -0.6   |  -5.3   |
| 多元金融 | 600139 | *ST西源  | 15.8  | -10.7  | 0.8  |  10.7   |  13.9   |
| 多元金融 | 600599 |  ST熊猫  | 15.6  |  10.7  | 0.1  |  -4.4   |  -10.0  |
| 多元金融 | 600093 | 退市易见 |  5.6  |  -1.2  | 0.0  |   0.0   |  13.6   |
| 多元金融 | 000567 | 海德股份 | 139.2 |  27.3  | -0.9 |  -3.7   |  -5.5   |
| 多元金融 | 600901 | 江苏租赁 | 149.6 |  6.1   | -1.0 |  -1.4   |  -3.3   |
| 多元金融 | 600390 | 五矿资本 | 221.3 |  7.8   | -1.0 |  -3.3   |  -1.8   |
| 多元金融 | 000617 | 中油资本 | 606.8 |  8.8   | -1.4 |  -4.0   |  -3.4   |
| 多元金融 | 000563 | 陕国投Ａ  | 123.7 |  17.6  | -1.6 |  -0.6   |  -1.3   |
| 多元金融 | 600816 |  ST安信  | 224.8 | -11.8  | -1.7 |  -4.0   |  -3.3   |
| 多元金融 | 600705 | 中航产融 | 310.4 | 677.5  | -1.7 |  -2.2   |  -2.5   |
| 多元金融 | 002423 | 中粮资本 | 156.2 | -11.4  | -1.7 |  -3.1   |  -4.1   |
| 多元金融 | 600830 | 香溢融通 | 25.7  |  53.5  | -1.7 |  -3.6   |  -6.9   |
| 多元金融 | 600318 | 新力金融 | 39.1  | 426.1  | -1.8 |  -4.3   |  -7.7   |
| 多元金融 | 000415 | 渤海租赁 | 132.3 |  -4.5  | -1.8 |  -2.7   |  -2.3   |
| 多元金融 | 600643 | 爱建集团 | 94.9  |  8.0   | -1.9 |  -2.0   |  -3.0   |
| 多元金融 | 600927 | 永安期货 | 288.9 | 221.6  | -2.0 |  -2.7   |  -8.2   |
| 多元金融 | 000046 | 泛海控股 | 75.9  |  -2.4  | -2.0 |  -2.0   |  -2.0   |
| 多元金融 | 002961 | 瑞达期货 | 75.3  |  19.8  | -2.0 |  -4.6   |  -4.6   |
| 多元金融 | 000666 | 经纬纺机 | 60.4  |  11.1  | -2.0 |  -2.8   |  -4.6   |
| 多元金融 | 000987 | 越秀金控 | 349.0 |  14.9  | -2.1 |  -6.6   |   9.9   |
| 多元金融 | 600120 | 浙江东方 | 112.7 |  70.5  | -2.3 |  -2.5   |  -3.2   |
| 多元金融 | 603093 | 南华期货 | 62.9  |  55.9  | -2.3 |  -4.5   |  -6.8   |
| 多元金融 | 000416 | 民生控股 | 19.8  | -106.9 | -2.4 |  -2.6   |  -2.9   |
| 多元金融 | 600053 | 九鼎投资 | 74.5  |  42.0  | -4.0 |  -0.9   |  -1.3   |
| 多元金融 | 002647 | 仁东控股 | 38.2  | -46.4  | -4.6 |  -0.9   |   1.8   |
+----------+--------+----------+-------+--------+------+---------+---------+
