[行业>市值]
+----------+--------+----------+--------+--------+------+---------+---------+
|   行业   |  代码  |   名称   |  市值  |   pe   | 涨幅 | 3日涨幅 | 6日涨幅 |
+----------+--------+----------+--------+--------+------+---------+---------+
| 工程机械 | 600031 | 三一重工 | 1530.0 |  24.1  | -3.1 |   0.1   |  -1.3   |
| 工程机械 | 601100 | 恒立液压 | 720.4  |  34.1  | -2.4 |  -3.1   |  -4.7   |
| 工程机械 | 000157 | 中联重科 | 516.3  |  14.2  | -2.1 |  -1.5   |  -2.5   |
| 工程机械 | 000425 | 徐工机械 | 414.4  |  7.4   | -2.0 |  -1.9   |  -1.1   |
| 工程机械 | 603338 | 浙江鼎力 | 245.8  |  31.4  | -3.0 |   0.1   |   3.3   |
| 工程机械 | 688425 | 铁建重工 | 220.3  |  14.6  | -2.8 |  -3.5   |  -2.4   |
| 工程机械 | 603638 | 艾迪精密 | 158.2  |  54.7  | -3.2 |  -4.7   |  -0.4   |
| 工程机械 | 000528 | 柳    工 | 125.1  |  12.3  | -1.5 |  -1.8   |  -2.6   |
| 工程机械 | 603298 | 杭叉集团 | 123.6  |  16.2  | -1.9 |   2.9   |   9.6   |
| 工程机械 | 002204 | 大连重工 |  99.1  |  35.5  | 10.1 |  33.2   |  31.2   |
| 工程机械 | 600761 | 安徽合力 |  75.6  |  9.8   | -0.9 |  -1.5   |   0.2   |
| 工程机械 | 605305 | 中际联合 |  74.1  |  42.0  | -1.9 |   0.2   |  11.6   |
| 工程机械 | 600984 | 建设机械 |  72.6  | -33.7  | -2.6 |  -2.2   |  -0.1   |
| 工程机械 | 000680 | 山推股份 |  72.5  |  5.0   | -0.8 |  -4.4   |  -4.4   |
| 工程机械 | 002097 | 山河智能 |  70.2  | -35.9  | -1.4 |  -1.5   |  -2.3   |
| 工程机械 | 600375 | 汉马科技 |  63.9  |  -9.8  | 3.0  |  -0.6   |  13.2   |
| 工程机械 | 601226 | 华电重工 |  58.2  | -13.3  | -2.0 |  -1.0   |   1.8   |
| 工程机械 | 600817 | 宇通重工 |  51.9  |  15.3  | 1.7  |  -1.0   |  -2.3   |
| 工程机械 | 600815 | 厦工股份 |  49.7  | -649.6 | -1.4 |  -1.4   |  -3.1   |
| 工程机械 | 603611 | 诺力股份 |  46.2  |  16.0  | -0.6 |   5.8   |   8.5   |
| 工程机械 | 300718 | 长盛轴承 |  40.8  |  33.7  | -1.8 |   3.8   |   5.6   |
| 工程机械 | 605389 | 长龄液压 |  36.5  |  21.6  | -1.1 |   5.4   |   8.2   |
| 工程机械 | 301040 | 中环海陆 |  29.3  |  42.9  | -1.3 |   0.6   |   3.5   |
| 工程机械 | 002272 | 川润股份 |  23.7  |  61.0  | 1.5  |  -0.9   |  -5.9   |
| 工程机械 | 001288 | 运机集团 |  23.2  |  27.4  | -1.6 |   0.6   |   1.8   |
| 工程机械 | 300201 | *ST海伦  |  21.3  |  16.3  | -2.4 |  -2.4   |   2.0   |
| 工程机械 | 300022 | 吉峰科技 |  17.9  | -215.3 | -2.3 |  -3.3   |  -4.7   |
+----------+--------+----------+--------+--------+------+---------+---------+
 




 [行业>单日涨幅]
+----------+--------+----------+--------+--------+------+---------+---------+
|   行业   |  代码  |   名称   |  市值  |   pe   | 涨幅 | 3日涨幅 | 6日涨幅 |
+----------+--------+----------+--------+--------+------+---------+---------+
| 工程机械 | 002204 | 大连重工 |  99.1  |  35.5  | 10.1 |  33.2   |  31.2   |
| 工程机械 | 600375 | 汉马科技 |  63.9  |  -9.8  | 3.0  |  -0.6   |  13.2   |
| 工程机械 | 600817 | 宇通重工 |  51.9  |  15.3  | 1.7  |  -1.0   |  -2.3   |
| 工程机械 | 002272 | 川润股份 |  23.7  |  61.0  | 1.5  |  -0.9   |  -5.9   |
| 工程机械 | 603611 | 诺力股份 |  46.2  |  16.0  | -0.6 |   5.8   |   8.5   |
| 工程机械 | 000680 | 山推股份 |  72.5  |  5.0   | -0.8 |  -4.4   |  -4.4   |
| 工程机械 | 600761 | 安徽合力 |  75.6  |  9.8   | -0.9 |  -1.5   |   0.2   |
| 工程机械 | 605389 | 长龄液压 |  36.5  |  21.6  | -1.1 |   5.4   |   8.2   |
| 工程机械 | 301040 | 中环海陆 |  29.3  |  42.9  | -1.3 |   0.6   |   3.5   |
| 工程机械 | 002097 | 山河智能 |  70.2  | -35.9  | -1.4 |  -1.5   |  -2.3   |
| 工程机械 | 600815 | 厦工股份 |  49.7  | -649.6 | -1.4 |  -1.4   |  -3.1   |
| 工程机械 | 000528 | 柳    工 | 125.1  |  12.3  | -1.5 |  -1.8   |  -2.6   |
| 工程机械 | 001288 | 运机集团 |  23.2  |  27.4  | -1.6 |   0.6   |   1.8   |
| 工程机械 | 300718 | 长盛轴承 |  40.8  |  33.7  | -1.8 |   3.8   |   5.6   |
| 工程机械 | 605305 | 中际联合 |  74.1  |  42.0  | -1.9 |   0.2   |  11.6   |
| 工程机械 | 603298 | 杭叉集团 | 123.6  |  16.2  | -1.9 |   2.9   |   9.6   |
| 工程机械 | 601226 | 华电重工 |  58.2  | -13.3  | -2.0 |  -1.0   |   1.8   |
| 工程机械 | 000425 | 徐工机械 | 414.4  |  7.4   | -2.0 |  -1.9   |  -1.1   |
| 工程机械 | 000157 | 中联重科 | 516.3  |  14.2  | -2.1 |  -1.5   |  -2.5   |
| 工程机械 | 300022 | 吉峰科技 |  17.9  | -215.3 | -2.3 |  -3.3   |  -4.7   |
| 工程机械 | 601100 | 恒立液压 | 720.4  |  34.1  | -2.4 |  -3.1   |  -4.7   |
| 工程机械 | 300201 | *ST海伦  |  21.3  |  16.3  | -2.4 |  -2.4   |   2.0   |
| 工程机械 | 600984 | 建设机械 |  72.6  | -33.7  | -2.6 |  -2.2   |  -0.1   |
| 工程机械 | 688425 | 铁建重工 | 220.3  |  14.6  | -2.8 |  -3.5   |  -2.4   |
| 工程机械 | 603338 | 浙江鼎力 | 245.8  |  31.4  | -3.0 |   0.1   |   3.3   |
| 工程机械 | 600031 | 三一重工 | 1530.0 |  24.1  | -3.1 |   0.1   |  -1.3   |
| 工程机械 | 603638 | 艾迪精密 | 158.2  |  54.7  | -3.2 |  -4.7   |  -0.4   |
+----------+--------+----------+--------+--------+------+---------+---------+
