[行业>市值]
+----------+--------+----------+-------+--------+------+---------+---------+
|   行业   |  代码  |   名称   | 市值  |   pe   | 涨幅 | 3日涨幅 | 6日涨幅 |
+----------+--------+----------+-------+--------+------+---------+---------+
| 橡胶制品 | 601966 | 玲珑轮胎 | 351.8 | -95.7  | -2.8 |  -2.2   |   7.4   |
| 橡胶制品 | 601058 | 赛轮轮胎 | 347.1 |  27.0  | -3.2 |  -10.2  |  -1.9   |
| 橡胶制品 | 000887 | 中鼎股份 | 238.2 |  23.7  | -0.6 |  -5.8   |  -3.0   |
| 橡胶制品 | 002984 |  森麒麟  | 207.2 |  22.2  | -2.4 |  -5.5   |   5.8   |
| 橡胶制品 | 601118 | 海南橡胶 | 199.4 | -176.1 | -2.9 |  -1.5   |  -2.9   |
| 橡胶制品 | 603033 | 三维股份 | 166.7 |  85.6  | 0.1  |   0.3   |  -2.3   |
| 橡胶制品 | 603650 | 彤程新材 | 163.3 |  56.7  | -3.6 |  -6.1   |  -6.4   |
| 橡胶制品 | 300767 | 震安科技 | 146.4 | 112.4  | -2.1 |  -4.7   |   0.0   |
| 橡胶制品 | 002068 | 黑猫股份 | 112.3 | -269.3 | 5.3  |  -3.3   |  -0.3   |
| 橡胶制品 | 300587 | 天铁股份 | 107.9 |  23.3  | -3.9 |  -6.3   |  -4.4   |
| 橡胶制品 | 601163 | 三角轮胎 | 92.3  |  39.5  | -2.1 |  -1.4   |  -0.4   |
| 橡胶制品 | 300320 | 海达股份 | 81.7  |  50.7  | 5.4  |   1.0   |   1.6   |
| 橡胶制品 | 600480 | 凌云股份 | 80.7  |  22.1  | -0.5 |  -3.6   |  -3.2   |
| 橡胶制品 | 605183 | XD确成股 | 74.7  |  22.3  | -1.5 |  -2.7   |  -4.3   |
| 橡胶制品 | 000589 | 贵州轮胎 | 53.0  |  23.6  | -3.8 |   8.7   |   7.2   |
| 橡胶制品 | 601500 | 通用股份 | 47.8  | 161.2  | -1.1 |   1.8   |  -0.9   |
| 橡胶制品 | 600182 | S*ST佳通 | 42.5  | 264.2  | 1.5  |  -2.2   |   2.0   |
| 橡胶制品 | 300121 | 阳谷华泰 | 38.9  |  8.6   | -2.7 |  -4.7   |  -5.2   |
| 橡胶制品 | 002753 | 永东股份 | 35.4  |  83.8  | 10.0 |  24.6   |  23.1   |
| 橡胶制品 | 300547 | 川环科技 | 34.9  |  41.5  | 1.8  |   0.5   |   4.9   |
| 橡胶制品 | 000599 | 青岛双星 | 33.1  |  -5.7  | -1.2 |  -1.2   |  -6.9   |
| 橡胶制品 | 600469 | 风神股份 | 32.8  | -19.9  | -0.7 |  -3.9   |  -17.5  |
| 橡胶制品 | 002224 | 三 力 士 | 32.4  | -149.5 | -3.1 |  -2.0   |  -2.6   |
| 橡胶制品 | 001207 | 联科科技 | 30.5  |  32.1  | 1.2  |   1.6   |   1.3   |
| 橡胶制品 | 300731 | 科创新源 | 28.0  | -62.7  | -3.5 |  11.5   |  32.2   |
| 橡胶制品 | 002442 | 龙星化工 | 26.5  |  58.1  | 2.1  |   3.0   |   0.2   |
| 橡胶制品 | 002381 | 双箭股份 | 25.2  |  19.4  | -2.4 |  -1.0   |  -1.9   |
| 橡胶制品 | 301233 | 盛帮股份 | 16.0  |  27.2  | 0.0  |   0.0   |   0.0   |
+----------+--------+----------+-------+--------+------+---------+---------+
 




 [行业>单日涨幅]
+----------+--------+----------+-------+--------+------+---------+---------+
|   行业   |  代码  |   名称   | 市值  |   pe   | 涨幅 | 3日涨幅 | 6日涨幅 |
+----------+--------+----------+-------+--------+------+---------+---------+
| 橡胶制品 | 002753 | 永东股份 | 35.4  |  83.8  | 10.0 |  24.6   |  23.1   |
| 橡胶制品 | 300320 | 海达股份 | 81.7  |  50.7  | 5.4  |   1.0   |   1.6   |
| 橡胶制品 | 002068 | 黑猫股份 | 112.3 | -269.3 | 5.3  |  -3.3   |  -0.3   |
| 橡胶制品 | 002442 | 龙星化工 | 26.5  |  58.1  | 2.1  |   3.0   |   0.2   |
| 橡胶制品 | 300547 | 川环科技 | 34.9  |  41.5  | 1.8  |   0.5   |   4.9   |
| 橡胶制品 | 600182 | S*ST佳通 | 42.5  | 264.2  | 1.5  |  -2.2   |   2.0   |
| 橡胶制品 | 001207 | 联科科技 | 30.5  |  32.1  | 1.2  |   1.6   |   1.3   |
| 橡胶制品 | 603033 | 三维股份 | 166.7 |  85.6  | 0.1  |   0.3   |  -2.3   |
| 橡胶制品 | 301233 | 盛帮股份 | 16.0  |  27.2  | 0.0  |   0.0   |   0.0   |
| 橡胶制品 | 600480 | 凌云股份 | 80.7  |  22.1  | -0.5 |  -3.6   |  -3.2   |
| 橡胶制品 | 000887 | 中鼎股份 | 238.2 |  23.7  | -0.6 |  -5.8   |  -3.0   |
| 橡胶制品 | 600469 | 风神股份 | 32.8  | -19.9  | -0.7 |  -3.9   |  -17.5  |
| 橡胶制品 | 601500 | 通用股份 | 47.8  | 161.2  | -1.1 |   1.8   |  -0.9   |
| 橡胶制品 | 000599 | 青岛双星 | 33.1  |  -5.7  | -1.2 |  -1.2   |  -6.9   |
| 橡胶制品 | 605183 | XD确成股 | 74.7  |  22.3  | -1.5 |  -2.7   |  -4.3   |
| 橡胶制品 | 601163 | 三角轮胎 | 92.3  |  39.5  | -2.1 |  -1.4   |  -0.4   |
| 橡胶制品 | 300767 | 震安科技 | 146.4 | 112.4  | -2.1 |  -4.7   |   0.0   |
| 橡胶制品 | 002984 |  森麒麟  | 207.2 |  22.2  | -2.4 |  -5.5   |   5.8   |
| 橡胶制品 | 002381 | 双箭股份 | 25.2  |  19.4  | -2.4 |  -1.0   |  -1.9   |
| 橡胶制品 | 300121 | 阳谷华泰 | 38.9  |  8.6   | -2.7 |  -4.7   |  -5.2   |
| 橡胶制品 | 601966 | 玲珑轮胎 | 351.8 | -95.7  | -2.8 |  -2.2   |   7.4   |
| 橡胶制品 | 601118 | 海南橡胶 | 199.4 | -176.1 | -2.9 |  -1.5   |  -2.9   |
| 橡胶制品 | 002224 | 三 力 士 | 32.4  | -149.5 | -3.1 |  -2.0   |  -2.6   |
| 橡胶制品 | 601058 | 赛轮轮胎 | 347.1 |  27.0  | -3.2 |  -10.2  |  -1.9   |
| 橡胶制品 | 300731 | 科创新源 | 28.0  | -62.7  | -3.5 |  11.5   |  32.2   |
| 橡胶制品 | 603650 | 彤程新材 | 163.3 |  56.7  | -3.6 |  -6.1   |  -6.4   |
| 橡胶制品 | 000589 | 贵州轮胎 | 53.0  |  23.6  | -3.8 |   8.7   |   7.2   |
| 橡胶制品 | 300587 | 天铁股份 | 107.9 |  23.3  | -3.9 |  -6.3   |  -4.4   |
+----------+--------+----------+-------+--------+------+---------+---------+
