[行业>市值]
+----------+--------+----------+--------+-------+------+---------+---------+
|   行业   |  代码  |   名称   |  市值  |  pe   | 涨幅 | 3日涨幅 | 6日涨幅 |
+----------+--------+----------+--------+-------+------+---------+---------+
| 汽车整车 | 002594 |  比亚迪  | 9894.0 | 306.0 | -0.3 |   0.6   |  -1.1   |
| 汽车整车 | 601633 | 长城汽车 | 3518.0 | 53.8  | -0.9 |  -2.8   |  -7.9   |
| 汽车整车 | 600104 | 上汽集团 | 2052.0 |  9.3  | -1.4 |  -1.8   |  -3.9   |
| 汽车整车 | 601238 | 广汽集团 | 1719.0 | 14.3  | -1.8 |  -4.5   |  -4.4   |
| 汽车整车 | 000625 | 长安汽车 | 1507.0 |  8.3  | -2.2 |   4.4   |   5.7   |
| 汽车整车 | 601127 | 小康股份 | 956.0  | -28.5 | -0.8 |  -5.5   |   4.9   |
| 汽车整车 | 000800 | 一汽解放 | 434.2  | 24.0  | -0.6 |  -7.0   |  -9.5   |
| 汽车整车 | 600733 | 北汽蓝谷 | 385.4  | -10.1 | -4.7 |  -2.3   |  -0.2   |
| 汽车整车 | 600418 | 江淮汽车 | 282.2  | -24.3 | -1.8 |  -4.6   |  -3.0   |
| 汽车整车 | 301039 | 中集车辆 | 229.6  | 46.1  | 7.4  |   8.8   |   6.2   |
| 汽车整车 | 601777 | 力帆科技 | 229.5  | 112.8 | -1.9 |  -2.7   |  -6.6   |
| 汽车整车 | 600066 | 宇通客车 | 196.8  | -42.5 | 10.0 |   8.9   |   6.0   |
| 汽车整车 | 000980 |  ST众泰  | 189.6  | -30.2 | 1.1  |  -1.6   |  -6.7   |
| 汽车整车 | 600166 | 福田汽车 | 184.8  | 34.1  | 1.8  |   1.1   |  -2.1   |
| 汽车整车 | 600006 | 东风汽车 | 152.2  | 32.1  | -0.1 |  -4.2   |  -14.9  |
| 汽车整车 | 000951 | 中国重汽 | 151.9  | 30.6  | 0.5  |   3.4   |   2.8   |
| 汽车整车 | 000550 | 江铃汽车 | 135.7  | 17.5  | 2.2  |   1.8   |  -4.2   |
| 汽车整车 | 000957 | 中通客车 | 126.4  | -89.6 | 0.0  |  12.3   |  27.3   |
| 汽车整车 | 000572 | 海马汽车 | 101.5  | -41.6 | -1.8 |   0.0   |  -6.4   |
| 汽车整车 | 600686 | 金龙汽车 |  48.6  | 313.5 | 4.8  |   5.8   |   3.4   |
| 汽车整车 | 000868 | 安凯客车 |  40.9  | -25.5 | 10.1 |   6.5   |   3.5   |
| 汽车整车 | 600213 | 亚星客车 |  24.6  | -14.1 | 5.0  |   1.3   |   0.7   |
| 汽车整车 | 600303 |  ST曙光  |  22.6  | -17.3 | 0.9  |   2.5   |  -0.9   |
+----------+--------+----------+--------+-------+------+---------+---------+
 




 [行业>单日涨幅]
+----------+--------+----------+--------+-------+------+---------+---------+
|   行业   |  代码  |   名称   |  市值  |  pe   | 涨幅 | 3日涨幅 | 6日涨幅 |
+----------+--------+----------+--------+-------+------+---------+---------+
| 汽车整车 | 000868 | 安凯客车 |  40.9  | -25.5 | 10.1 |   6.5   |   3.5   |
| 汽车整车 | 600066 | 宇通客车 | 196.8  | -42.5 | 10.0 |   8.9   |   6.0   |
| 汽车整车 | 301039 | 中集车辆 | 229.6  | 46.1  | 7.4  |   8.8   |   6.2   |
| 汽车整车 | 600213 | 亚星客车 |  24.6  | -14.1 | 5.0  |   1.3   |   0.7   |
| 汽车整车 | 600686 | 金龙汽车 |  48.6  | 313.5 | 4.8  |   5.8   |   3.4   |
| 汽车整车 | 000550 | 江铃汽车 | 135.7  | 17.5  | 2.2  |   1.8   |  -4.2   |
| 汽车整车 | 600166 | 福田汽车 | 184.8  | 34.1  | 1.8  |   1.1   |  -2.1   |
| 汽车整车 | 000980 |  ST众泰  | 189.6  | -30.2 | 1.1  |  -1.6   |  -6.7   |
| 汽车整车 | 600303 |  ST曙光  |  22.6  | -17.3 | 0.9  |   2.5   |  -0.9   |
| 汽车整车 | 000951 | 中国重汽 | 151.9  | 30.6  | 0.5  |   3.4   |   2.8   |
| 汽车整车 | 000957 | 中通客车 | 126.4  | -89.6 | 0.0  |  12.3   |  27.3   |
| 汽车整车 | 600006 | 东风汽车 | 152.2  | 32.1  | -0.1 |  -4.2   |  -14.9  |
| 汽车整车 | 002594 |  比亚迪  | 9894.0 | 306.0 | -0.3 |   0.6   |  -1.1   |
| 汽车整车 | 000800 | 一汽解放 | 434.2  | 24.0  | -0.6 |  -7.0   |  -9.5   |
| 汽车整车 | 601127 | 小康股份 | 956.0  | -28.5 | -0.8 |  -5.5   |   4.9   |
| 汽车整车 | 601633 | 长城汽车 | 3518.0 | 53.8  | -0.9 |  -2.8   |  -7.9   |
| 汽车整车 | 600104 | 上汽集团 | 2052.0 |  9.3  | -1.4 |  -1.8   |  -3.9   |
| 汽车整车 | 000572 | 海马汽车 | 101.5  | -41.6 | -1.8 |   0.0   |  -6.4   |
| 汽车整车 | 601238 | 广汽集团 | 1719.0 | 14.3  | -1.8 |  -4.5   |  -4.4   |
| 汽车整车 | 600418 | 江淮汽车 | 282.2  | -24.3 | -1.8 |  -4.6   |  -3.0   |
| 汽车整车 | 601777 | 力帆科技 | 229.5  | 112.8 | -1.9 |  -2.7   |  -6.6   |
| 汽车整车 | 000625 | 长安汽车 | 1507.0 |  8.3  | -2.2 |   4.4   |   5.7   |
| 汽车整车 | 600733 | 北汽蓝谷 | 385.4  | -10.1 | -4.7 |  -2.3   |  -0.2   |
+----------+--------+----------+--------+-------+------+---------+---------+
