[行业>市值]
+------------+--------+----------+-------+--------+------+---------+---------+
|    行业    |  代码  |   名称   | 市值  |   pe   | 涨幅 | 3日涨幅 | 6日涨幅 |
+------------+--------+----------+-------+--------+------+---------+---------+
| 电子化学品 | 002643 | 万润股份 | 184.1 |  19.8  | -3.1 |  -0.7   |   0.1   |
| 电子化学品 | 300054 | 鼎龙股份 | 179.1 |  62.8  | 0.2  |  -0.1   |   1.1   |
| 电子化学品 | 300346 | 南大光电 | 168.6 |  52.2  | -4.6 |  -3.0   |   1.5   |
| 电子化学品 | 688019 | 安集科技 | 152.6 |  96.3  | -2.0 |  -7.1   |   0.9   |
| 电子化学品 | 300398 | 飞凯材料 | 114.7 |  20.7  | -0.9 |  -0.9   |   2.1   |
| 电子化学品 | 300236 | 上海新阳 | 96.4  | -177.1 | -2.6 |  -3.4   |   2.8   |
| 电子化学品 | 300655 | 晶瑞电材 | 96.0  |  75.0  | -3.6 |  -5.5   |  -3.4   |
| 电子化学品 | 688106 | 金宏气体 | 90.4  |  58.2  | -1.7 |  -4.3   |  -4.1   |
| 电子化学品 | 688268 | 华特气体 | 79.6  |  50.8  | -3.2 |  -4.7   |  -2.6   |
| 电子化学品 | 002741 | 光华科技 | 72.0  |  51.0  | 2.8  |   4.5   |   4.0   |
| 电子化学品 | 300481 | 濮阳惠成 | 66.7  |  19.9  | -3.1 |  -4.1   |  -2.5   |
| 电子化学品 | 603078 |  江化微  | 66.3  |  50.2  | -4.7 |  -1.2   |   7.3   |
| 电子化学品 | 688550 | 瑞联新材 | 65.8  |  20.6  | -1.5 |  -7.6   |  -9.3   |
| 电子化学品 | 300576 | 容大感光 | 55.1  | 133.2  | -5.0 |  -1.4   |   3.0   |
| 电子化学品 | 300429 | 强力新材 | 46.3  |  46.3  | -2.6 |  -0.9   |   0.5   |
| 电子化学品 | 002584 | 西陇科学 | 43.8  |  13.1  | -1.2 |  -1.1   |  -1.3   |
| 电子化学品 | 603931 |  格林达  | 38.1  |  24.2  | -1.8 |  -1.8   |  -1.2   |
| 电子化学品 | 688359 | 三孚新科 | 35.9  | -150.8 | 2.3  |  -1.8   |  -0.6   |
| 电子化学品 | 300446 | 乐凯新材 | 24.1  | 380.5  | -1.8 |  -3.5   |  -3.9   |
| 电子化学品 | 300537 | 广信材料 | 21.8  | -47.4  | -2.8 |  -0.2   |   0.6   |
| 电子化学品 | 300637 | 扬帆新材 | 16.7  |  36.0  | -2.2 |   0.0   |   0.4   |
+------------+--------+----------+-------+--------+------+---------+---------+
 




 [行业>单日涨幅]
+------------+--------+----------+-------+--------+------+---------+---------+
|    行业    |  代码  |   名称   | 市值  |   pe   | 涨幅 | 3日涨幅 | 6日涨幅 |
+------------+--------+----------+-------+--------+------+---------+---------+
| 电子化学品 | 002741 | 光华科技 | 72.0  |  51.0  | 2.8  |   4.5   |   4.0   |
| 电子化学品 | 688359 | 三孚新科 | 35.9  | -150.8 | 2.3  |  -1.8   |  -0.6   |
| 电子化学品 | 300054 | 鼎龙股份 | 179.1 |  62.8  | 0.2  |  -0.1   |   1.1   |
| 电子化学品 | 300398 | 飞凯材料 | 114.7 |  20.7  | -0.9 |  -0.9   |   2.1   |
| 电子化学品 | 002584 | 西陇科学 | 43.8  |  13.1  | -1.2 |  -1.1   |  -1.3   |
| 电子化学品 | 688550 | 瑞联新材 | 65.8  |  20.6  | -1.5 |  -7.6   |  -9.3   |
| 电子化学品 | 688106 | 金宏气体 | 90.4  |  58.2  | -1.7 |  -4.3   |  -4.1   |
| 电子化学品 | 603931 |  格林达  | 38.1  |  24.2  | -1.8 |  -1.8   |  -1.2   |
| 电子化学品 | 300446 | 乐凯新材 | 24.1  | 380.5  | -1.8 |  -3.5   |  -3.9   |
| 电子化学品 | 688019 | 安集科技 | 152.6 |  96.3  | -2.0 |  -7.1   |   0.9   |
| 电子化学品 | 300637 | 扬帆新材 | 16.7  |  36.0  | -2.2 |   0.0   |   0.4   |
| 电子化学品 | 300429 | 强力新材 | 46.3  |  46.3  | -2.6 |  -0.9   |   0.5   |
| 电子化学品 | 300236 | 上海新阳 | 96.4  | -177.1 | -2.6 |  -3.4   |   2.8   |
| 电子化学品 | 300537 | 广信材料 | 21.8  | -47.4  | -2.8 |  -0.2   |   0.6   |
| 电子化学品 | 300481 | 濮阳惠成 | 66.7  |  19.9  | -3.1 |  -4.1   |  -2.5   |
| 电子化学品 | 002643 | 万润股份 | 184.1 |  19.8  | -3.1 |  -0.7   |   0.1   |
| 电子化学品 | 688268 | 华特气体 | 79.6  |  50.8  | -3.2 |  -4.7   |  -2.6   |
| 电子化学品 | 300655 | 晶瑞电材 | 96.0  |  75.0  | -3.6 |  -5.5   |  -3.4   |
| 电子化学品 | 300346 | 南大光电 | 168.6 |  52.2  | -4.6 |  -3.0   |   1.5   |
| 电子化学品 | 603078 |  江化微  | 66.3  |  50.2  | -4.7 |  -1.2   |   7.3   |
| 电子化学品 | 300576 | 容大感光 | 55.1  | 133.2  | -5.0 |  -1.4   |   3.0   |
+------------+--------+----------+-------+--------+------+---------+---------+
