[行业>市值]
+------+--------+----------+-------+-------+------+---------+---------+
| 行业 |  代码  |   名称   | 市值  |  pe   | 涨幅 | 3日涨幅 | 6日涨幅 |
+------+--------+----------+-------+-------+------+---------+---------+
| 电机 | 002176 | 江特电机 | 429.0 | 16.1  | -1.4 |  -2.7   |   6.3   |
| 电机 | 603489 | 八方股份 | 229.1 | 31.9  | -5.5 |  -8.1   |  -4.3   |
| 电机 | 600580 | 卧龙电驱 | 180.2 | 22.8  | 1.1  |   1.6   |   0.7   |
| 电机 | 002249 | 大洋电机 | 146.0 | 24.9  | 0.0  |   2.1   |   2.0   |
| 电机 | 300660 | 江苏雷利 | 85.1  | 30.7  | -3.8 |  38.5   |  68.9   |
| 电机 | 003021 | 兆威机电 | 79.6  | 87.7  | -3.8 |  -4.0   |  13.7   |
| 电机 | 603728 | 鸣志电器 | 79.0  | 50.5  | 3.6  |  19.8   |  28.6   |
| 电机 | 002801 | 微光股份 | 63.5  | 20.5  | -1.2 |   3.1   |   2.0   |
| 电机 | 000922 | 佳电股份 | 49.4  | 16.4  | 0.2  |   1.4   |  -1.8   |
| 电机 | 002196 | 方正电机 | 48.4  | 202.8 | 1.0  |  -0.9   |  -0.7   |
| 电机 | 002892 |  科力尔  | 40.2  | 63.0  | -5.2 |  -0.6   |  13.3   |
| 电机 | 603819 | 神力股份 | 39.0  | 34.0  | -3.5 |  -5.4   |  -1.2   |
| 电机 | 002823 | 凯中精密 | 28.5  | 35.5  | -0.5 |   3.9   |   8.8   |
| 电机 | 603988 | 中电电机 | 27.1  | 50.5  | 5.5  |   8.7   |   9.4   |
| 电机 | 301023 | 江南奕帆 | 24.7  | 30.3  | 4.1  |  12.6   |  14.9   |
| 电机 | 002576 | 通达动力 | 24.1  | 59.7  | 6.9  |   9.8   |  15.7   |
| 电机 | 301226 | 祥明智能 | 23.7  | 39.2  | -4.7 |  -2.0   |  -0.5   |
| 电机 | 300907 | 康平科技 | 19.4  | 94.1  | -2.0 |   2.1   |   4.5   |
| 电机 | 688395 | 正弦电气 | 16.8  | 29.4  | -6.0 |  -0.7   |   0.3   |
| 电机 | 300626 | 华瑞股份 | 16.2  | 63.0  | -4.4 |   4.8   |   4.9   |
| 电机 | 603320 | 迪贝电气 | 15.2  | 31.2  | -2.3 |  -0.8   |   1.0   |
+------+--------+----------+-------+-------+------+---------+---------+
 




 [行业>单日涨幅]
+------+--------+----------+-------+-------+------+---------+---------+
| 行业 |  代码  |   名称   | 市值  |  pe   | 涨幅 | 3日涨幅 | 6日涨幅 |
+------+--------+----------+-------+-------+------+---------+---------+
| 电机 | 002576 | 通达动力 | 24.1  | 59.7  | 6.9  |   9.8   |  15.7   |
| 电机 | 603988 | 中电电机 | 27.1  | 50.5  | 5.5  |   8.7   |   9.4   |
| 电机 | 301023 | 江南奕帆 | 24.7  | 30.3  | 4.1  |  12.6   |  14.9   |
| 电机 | 603728 | 鸣志电器 | 79.0  | 50.5  | 3.6  |  19.8   |  28.6   |
| 电机 | 600580 | 卧龙电驱 | 180.2 | 22.8  | 1.1  |   1.6   |   0.7   |
| 电机 | 002196 | 方正电机 | 48.4  | 202.8 | 1.0  |  -0.9   |  -0.7   |
| 电机 | 000922 | 佳电股份 | 49.4  | 16.4  | 0.2  |   1.4   |  -1.8   |
| 电机 | 002249 | 大洋电机 | 146.0 | 24.9  | 0.0  |   2.1   |   2.0   |
| 电机 | 002823 | 凯中精密 | 28.5  | 35.5  | -0.5 |   3.9   |   8.8   |
| 电机 | 002801 | 微光股份 | 63.5  | 20.5  | -1.2 |   3.1   |   2.0   |
| 电机 | 002176 | 江特电机 | 429.0 | 16.1  | -1.4 |  -2.7   |   6.3   |
| 电机 | 300907 | 康平科技 | 19.4  | 94.1  | -2.0 |   2.1   |   4.5   |
| 电机 | 603320 | 迪贝电气 | 15.2  | 31.2  | -2.3 |  -0.8   |   1.0   |
| 电机 | 603819 | 神力股份 | 39.0  | 34.0  | -3.5 |  -5.4   |  -1.2   |
| 电机 | 003021 | 兆威机电 | 79.6  | 87.7  | -3.8 |  -4.0   |  13.7   |
| 电机 | 300660 | 江苏雷利 | 85.1  | 30.7  | -3.8 |  38.5   |  68.9   |
| 电机 | 300626 | 华瑞股份 | 16.2  | 63.0  | -4.4 |   4.8   |   4.9   |
| 电机 | 301226 | 祥明智能 | 23.7  | 39.2  | -4.7 |  -2.0   |  -0.5   |
| 电机 | 002892 |  科力尔  | 40.2  | 63.0  | -5.2 |  -0.6   |  13.3   |
| 电机 | 603489 | 八方股份 | 229.1 | 31.9  | -5.5 |  -8.1   |  -4.3   |
| 电机 | 688395 | 正弦电气 | 16.8  | 29.4  | -6.0 |  -0.7   |   0.3   |
+------+--------+----------+-------+-------+------+---------+---------+
