[行业>市值]
+----------+--------+----------+-------+--------+------+---------+---------+
|   行业   |  代码  |   名称   | 市值  |   pe   | 涨幅 | 3日涨幅 | 6日涨幅 |
+----------+--------+----------+-------+--------+------+---------+---------+
| 综合行业 | 000009 | 中国宝安 | 354.9 |  53.7  | -4.6 |  -5.4   |   0.5   |
| 综合行业 | 600673 |  东阳光  | 265.2 |  23.0  | 1.3  |   0.9   |   3.5   |
| 综合行业 | 000958 | 电投产融 | 248.2 |  20.4  | -3.4 |  -2.7   |  -6.5   |
| 综合行业 | 600770 | 综艺股份 | 103.3 | -17.6  | 0.1  |   1.8   |   2.6   |
| 综合行业 | 000158 | 常山北明 | 93.8  | -27.1  | -3.0 |  -2.8   |  -4.7   |
| 综合行业 | 000839 |  ST国安  | 83.5  | -14.2  | 4.9  |   2.9   |   0.5   |
| 综合行业 | 000861 | 海印股份 | 69.1  |  17.0  | 3.0  |   1.1   |  -2.8   |
| 综合行业 | 002758 | 浙农股份 | 66.6  |  11.9  | 1.1  |  -2.0   |  -5.2   |
| 综合行业 | 000833 | 粤桂股份 | 62.9  |  44.2  | 5.1  |  -0.9   |  -18.3  |
| 综合行业 | 000652 | 泰达股份 | 56.2  | 362.4  | -1.8 |  -0.3   |  -0.8   |
| 综合行业 | 000803 | 北清环能 | 55.2  |  34.2  | -1.7 |  -2.4   |  -3.1   |
| 综合行业 | 000576 | 甘化科工 | 49.4  |  49.0  | -1.2 |  -3.5   |  -5.6   |
| 综合行业 | 600784 | 鲁银投资 | 47.0  |  20.1  | 1.0  |   3.0   |  -1.4   |
| 综合行业 | 600624 | 复旦复华 | 46.6  | 202.1  | -2.6 |  -2.0   |  -4.4   |
| 综合行业 | 000909 | 数源科技 | 44.9  | 230.5  | -6.1 |  -7.1   |  -32.0  |
| 综合行业 | 600805 | 悦达投资 | 41.5  |  12.4  | -2.6 |  -1.6   |  -6.0   |
| 综合行业 | 000532 | 华金资本 | 40.9  |  73.1  | -2.7 |  -2.0   |   2.9   |
| 综合行业 | 600568 |  ST中珠  | 32.9  | -200.1 | -1.8 |  -1.8   |   2.5   |
| 综合行业 | 600113 | 浙江东日 | 28.9  |  15.8  | -2.2 |  -3.0   |  -2.9   |
| 综合行业 | 000409 | 云鼎科技 | 27.5  | 264.4  | -2.2 |  -2.7   |  -4.6   |
| 综合行业 | 600051 | 宁波联合 | 20.2  | -90.8  | -0.5 |  -0.5   |  -0.1   |
| 综合行业 | 000632 | 三木集团 | 19.2  |  76.0  | -2.8 |   1.5   |   1.7   |
| 综合行业 | 002591 | 恒大高新 | 14.9  | -136.9 | -1.8 |  -1.2   |  -2.7   |
+----------+--------+----------+-------+--------+------+---------+---------+
 




 [行业>单日涨幅]
+----------+--------+----------+-------+--------+------+---------+---------+
|   行业   |  代码  |   名称   | 市值  |   pe   | 涨幅 | 3日涨幅 | 6日涨幅 |
+----------+--------+----------+-------+--------+------+---------+---------+
| 综合行业 | 000833 | 粤桂股份 | 62.9  |  44.2  | 5.1  |  -0.9   |  -18.3  |
| 综合行业 | 000839 |  ST国安  | 83.5  | -14.2  | 4.9  |   2.9   |   0.5   |
| 综合行业 | 000861 | 海印股份 | 69.1  |  17.0  | 3.0  |   1.1   |  -2.8   |
| 综合行业 | 600673 |  东阳光  | 265.2 |  23.0  | 1.3  |   0.9   |   3.5   |
| 综合行业 | 002758 | 浙农股份 | 66.6  |  11.9  | 1.1  |  -2.0   |  -5.2   |
| 综合行业 | 600784 | 鲁银投资 | 47.0  |  20.1  | 1.0  |   3.0   |  -1.4   |
| 综合行业 | 600770 | 综艺股份 | 103.3 | -17.6  | 0.1  |   1.8   |   2.6   |
| 综合行业 | 600051 | 宁波联合 | 20.2  | -90.8  | -0.5 |  -0.5   |  -0.1   |
| 综合行业 | 000576 | 甘化科工 | 49.4  |  49.0  | -1.2 |  -3.5   |  -5.6   |
| 综合行业 | 000803 | 北清环能 | 55.2  |  34.2  | -1.7 |  -2.4   |  -3.1   |
| 综合行业 | 002591 | 恒大高新 | 14.9  | -136.9 | -1.8 |  -1.2   |  -2.7   |
| 综合行业 | 600568 |  ST中珠  | 32.9  | -200.1 | -1.8 |  -1.8   |   2.5   |
| 综合行业 | 000652 | 泰达股份 | 56.2  | 362.4  | -1.8 |  -0.3   |  -0.8   |
| 综合行业 | 000409 | 云鼎科技 | 27.5  | 264.4  | -2.2 |  -2.7   |  -4.6   |
| 综合行业 | 600113 | 浙江东日 | 28.9  |  15.8  | -2.2 |  -3.0   |  -2.9   |
| 综合行业 | 600624 | 复旦复华 | 46.6  | 202.1  | -2.6 |  -2.0   |  -4.4   |
| 综合行业 | 600805 | 悦达投资 | 41.5  |  12.4  | -2.6 |  -1.6   |  -6.0   |
| 综合行业 | 000532 | 华金资本 | 40.9  |  73.1  | -2.7 |  -2.0   |   2.9   |
| 综合行业 | 000632 | 三木集团 | 19.2  |  76.0  | -2.8 |   1.5   |   1.7   |
| 综合行业 | 000158 | 常山北明 | 93.8  | -27.1  | -3.0 |  -2.8   |  -4.7   |
| 综合行业 | 000958 | 电投产融 | 248.2 |  20.4  | -3.4 |  -2.7   |  -6.5   |
| 综合行业 | 000009 | 中国宝安 | 354.9 |  53.7  | -4.6 |  -5.4   |   0.5   |
| 综合行业 | 000909 | 数源科技 | 44.9  | 230.5  | -6.1 |  -7.1   |  -32.0  |
+----------+--------+----------+-------+--------+------+---------+---------+
