[行业>市值]
+----------+--------+----------+--------+----------+------+---------+---------+
|   行业   |  代码  |   名称   |  市值  |    pe    | 涨幅 | 3日涨幅 | 6日涨幅 |
+----------+--------+----------+--------+----------+------+---------+---------+
| 美容护理 | 300896 |  爱美客  | 1184.0 |  105.7   | -2.8 |  -1.4   |   2.7   |
| 美容护理 | 300957 |  贝泰妮  | 878.1  |  150.4   | -1.1 |  -3.1   |   4.2   |
| 美容护理 | 688363 | 华熙生物 | 701.6  |   87.8   | -1.1 |  -1.6   |   4.0   |
| 美容护理 | 603605 |  珀莱雅  | 430.3  |   67.9   | -2.0 |  -5.4   |  -4.9   |
| 美容护理 | 300888 | 稳健医疗 | 264.5  |   18.5   | -1.8 |  -4.1   |  -3.6   |
| 美容护理 | 600315 | 上海家化 | 249.2  |   31.2   | -2.6 |  -2.7   |  -4.3   |
| 美容护理 | 002511 | 中顺洁柔 | 152.2  |   28.5   | -2.9 |  -1.7   |  -1.5   |
| 美容护理 | 002243 | 力合科创 | 118.5  |   85.1   | -3.1 |   0.8   |   3.0   |
| 美容护理 | 603983 | 丸美股份 | 104.4  |   39.9   | -0.6 |   3.8   |  10.6   |
| 美容护理 | 300856 | 科思股份 |  69.8  |   30.1   | -1.6 |  -0.3   |   2.5   |
| 美容护理 | 000523 | 广州浪奇 |  63.0  |  -122.7  | 0.0  |  -2.2   |  -11.7  |
| 美容护理 | 605009 | 豪悦护理 |  58.5  |   26.6   | -2.4 |  -2.3   |  -2.3   |
| 美容护理 | 000615 | 奥园美谷 |  53.9  |  -34.8   | -2.5 |  -1.4   |   0.1   |
| 美容护理 | 300740 | 水羊股份 |  50.8  |   30.5   | -3.0 |  -2.6   |  -1.4   |
| 美容护理 | 003006 | 百亚股份 |  50.6  |   22.9   | -3.7 |  -7.5   |   9.3   |
| 美容护理 | 300132 | 青松股份 |  34.9  |  -14.3   | -0.9 |   7.1   |   9.6   |
| 美容护理 | 301009 | 可靠股份 |  33.9  |  433.3   | -2.8 |  -3.2   |  -0.2   |
| 美容护理 | 603630 | 拉芳家化 |  31.4  |  -307.0  | -1.5 |  -1.7   |   0.1   |
| 美容护理 | 002919 | 名臣健康 |  29.2  |  445.7   | -2.9 |  -2.3   |  -1.7   |
| 美容护理 | 001206 | 依依股份 |  28.6  |   39.0   | -1.7 |  -1.3   |  -0.9   |
| 美容护理 | 600249 |  两面针  |  27.3  |  -23.1   | -2.8 |  -2.9   |  -3.1   |
| 美容护理 | 002094 | 青岛金王 |  26.8  |   50.8   | 0.0  |  -7.0   |   3.5   |
| 美容护理 | 300955 | 嘉亨家化 |  23.6  |   35.2   | -3.2 |   0.8   |   2.3   |
| 美容护理 | 300886 | 华业香料 |  21.8  |   78.3   | -1.5 |  -1.2   |  -5.5   |
| 美容护理 | 300658 | 延江股份 |  19.9  |   74.4   | 0.9  |   1.9   |   0.9   |
| 美容护理 | 603238 | 诺邦股份 |  18.1  |   59.5   | -1.9 |   1.5   |   1.0   |
| 美容护理 | 603059 |  倍加洁  |  18.0  | -11947.4 | -0.9 |   0.2   |   0.7   |
| 美容护理 | 300849 | 锦盛新材 |  17.6  |  198.5   | -0.4 |   0.9   |  -2.5   |
+----------+--------+----------+--------+----------+------+---------+---------+
 




 [行业>单日涨幅]
+----------+--------+----------+--------+----------+------+---------+---------+
|   行业   |  代码  |   名称   |  市值  |    pe    | 涨幅 | 3日涨幅 | 6日涨幅 |
+----------+--------+----------+--------+----------+------+---------+---------+
| 美容护理 | 300658 | 延江股份 |  19.9  |   74.4   | 0.9  |   1.9   |   0.9   |
| 美容护理 | 000523 | 广州浪奇 |  63.0  |  -122.7  | 0.0  |  -2.2   |  -11.7  |
| 美容护理 | 002094 | 青岛金王 |  26.8  |   50.8   | 0.0  |  -7.0   |   3.5   |
| 美容护理 | 300849 | 锦盛新材 |  17.6  |  198.5   | -0.4 |   0.9   |  -2.5   |
| 美容护理 | 603983 | 丸美股份 | 104.4  |   39.9   | -0.6 |   3.8   |  10.6   |
| 美容护理 | 300132 | 青松股份 |  34.9  |  -14.3   | -0.9 |   7.1   |   9.6   |
| 美容护理 | 603059 |  倍加洁  |  18.0  | -11947.4 | -0.9 |   0.2   |   0.7   |
| 美容护理 | 300957 |  贝泰妮  | 878.1  |  150.4   | -1.1 |  -3.1   |   4.2   |
| 美容护理 | 688363 | 华熙生物 | 701.6  |   87.8   | -1.1 |  -1.6   |   4.0   |
| 美容护理 | 603630 | 拉芳家化 |  31.4  |  -307.0  | -1.5 |  -1.7   |   0.1   |
| 美容护理 | 300886 | 华业香料 |  21.8  |   78.3   | -1.5 |  -1.2   |  -5.5   |
| 美容护理 | 300856 | 科思股份 |  69.8  |   30.1   | -1.6 |  -0.3   |   2.5   |
| 美容护理 | 001206 | 依依股份 |  28.6  |   39.0   | -1.7 |  -1.3   |  -0.9   |
| 美容护理 | 300888 | 稳健医疗 | 264.5  |   18.5   | -1.8 |  -4.1   |  -3.6   |
| 美容护理 | 603238 | 诺邦股份 |  18.1  |   59.5   | -1.9 |   1.5   |   1.0   |
| 美容护理 | 603605 |  珀莱雅  | 430.3  |   67.9   | -2.0 |  -5.4   |  -4.9   |
| 美容护理 | 605009 | 豪悦护理 |  58.5  |   26.6   | -2.4 |  -2.3   |  -2.3   |
| 美容护理 | 000615 | 奥园美谷 |  53.9  |  -34.8   | -2.5 |  -1.4   |   0.1   |
| 美容护理 | 600315 | 上海家化 | 249.2  |   31.2   | -2.6 |  -2.7   |  -4.3   |
| 美容护理 | 600249 |  两面针  |  27.3  |  -23.1   | -2.8 |  -2.9   |  -3.1   |
| 美容护理 | 301009 | 可靠股份 |  33.9  |  433.3   | -2.8 |  -3.2   |  -0.2   |
| 美容护理 | 300896 |  爱美客  | 1184.0 |  105.7   | -2.8 |  -1.4   |   2.7   |
| 美容护理 | 002919 | 名臣健康 |  29.2  |  445.7   | -2.9 |  -2.3   |  -1.7   |
| 美容护理 | 002511 | 中顺洁柔 | 152.2  |   28.5   | -2.9 |  -1.7   |  -1.5   |
| 美容护理 | 300740 | 水羊股份 |  50.8  |   30.5   | -3.0 |  -2.6   |  -1.4   |
| 美容护理 | 002243 | 力合科创 | 118.5  |   85.1   | -3.1 |   0.8   |   3.0   |
| 美容护理 | 300955 | 嘉亨家化 |  23.6  |   35.2   | -3.2 |   0.8   |   2.3   |
| 美容护理 | 003006 | 百亚股份 |  50.6  |   22.9   | -3.7 |  -7.5   |   9.3   |
+----------+--------+----------+--------+----------+------+---------+---------+
