[行业>市值]
+------+--------+----------+--------+------+------+---------+---------+
| 行业 |  代码  |   名称   |  市值  |  pe  | 涨幅 | 3日涨幅 | 6日涨幅 |
+------+--------+----------+--------+------+------+---------+---------+
| 保险 | 601628 | 中国人寿 | 8508.0 | 14.0 | 4.2  |   7.7   |  19.7   |
| 保险 | 601318 | 中国平安 | 8433.0 | 10.2 | 1.7  |   2.5   |   8.2   |
| 保险 | 601319 | 中国人保 | 2304.0 | 6.6  | 3.2  |   3.8   |   8.5   |
| 保险 | 601601 | 中国太保 | 2249.0 | 10.3 | 1.5  |   3.6   |   9.8   |
| 保险 | 601336 | 新华保险 | 985.2  | 18.3 | 1.8  |   2.7   |  10.1   |
| 保险 | 000627 | 天茂集团 | 180.3  | 30.6 | 9.9  |   0.6   |  24.6   |
+------+--------+----------+--------+------+------+---------+---------+
 




 [行业>单日涨幅]
+------+--------+----------+--------+------+------+---------+---------+
| 行业 |  代码  |   名称   |  市值  |  pe  | 涨幅 | 3日涨幅 | 6日涨幅 |
+------+--------+----------+--------+------+------+---------+---------+
| 保险 | 000627 | 天茂集团 | 180.3  | 30.6 | 9.9  |   0.6   |  24.6   |
| 保险 | 601628 | 中国人寿 | 8508.0 | 14.0 | 4.2  |   7.7   |  19.7   |
| 保险 | 601319 | 中国人保 | 2304.0 | 6.6  | 3.2  |   3.8   |   8.5   |
| 保险 | 601336 | 新华保险 | 985.2  | 18.3 | 1.8  |   2.7   |  10.1   |
| 保险 | 601318 | 中国平安 | 8433.0 | 10.2 | 1.7  |   2.5   |   8.2   |
| 保险 | 601601 | 中国太保 | 2249.0 | 10.3 | 1.5  |   3.6   |   9.8   |
+------+--------+----------+--------+------+------+---------+---------+
