[行业>市值]
+----------+--------+----------+-------+--------+------+---------+---------+
|   行业   |  代码  |   名称   | 市值  |   pe   | 涨幅 | 3日涨幅 | 6日涨幅 |
+----------+--------+----------+-------+--------+------+---------+---------+
| 包装材料 | 002191 | 劲嘉股份 | 142.2 |  11.7  | -1.2 |  -0.1   |   0.5   |
| 包装材料 | 002701 |  奥瑞金  | 137.7 |  16.7  | 0.6  |   0.8   |   7.9   |
| 包装材料 | 600210 | 紫江企业 | 91.2  |  18.8  | -2.3 |   0.8   |  -6.4   |
| 包装材料 | 601515 | 东风股份 | 84.6  |  17.4  | -1.1 |  -2.1   |  -4.8   |
| 包装材料 | 601968 | 宝钢包装 | 82.4  |  32.1  | 0.0  |   0.7   |   7.4   |
| 包装材料 | 002303 |  美盈森  | 51.5  |  31.3  | 0.0  |   0.3   |   2.1   |
| 包装材料 | 002565 | 顺灏股份 | 49.8  | -430.9 | 0.4  |  -4.3   |  -12.8  |
| 包装材料 | 000812 | 陕西金叶 | 46.5  | 178.8  | -2.3 |  -5.3   |   3.1   |
| 包装材料 | 002752 | 昇兴股份 | 45.3  |  24.1  | 0.0  |   2.4   |   3.8   |
| 包装材料 | 301062 | 上海艾录 | 45.1  |  35.5  | -1.9 |   0.9   |  -0.1   |
| 包装材料 | 600836 | 上海易连 | 45.1  | 517.6  | 0.8  |  -2.5   |  -3.5   |
| 包装材料 | 002735 | 王子新材 | 43.8  |  26.9  | -0.2 |  -1.7   |  -5.4   |
| 包装材料 | 002228 | 合兴包装 | 42.5  |  20.3  | 0.0  |  -0.3   |   0.9   |
| 包装材料 | 002014 | 永新股份 | 41.2  |  15.8  | 1.4  |   1.1   |   3.1   |
| 包装材料 | 000659 | 珠海中富 | 40.5  | -52.0  | -0.6 |  -0.6   |  -1.2   |
| 包装材料 | 002969 | 嘉美包装 | 39.5  | 168.6  | -1.4 |  -3.5   |  -8.1   |
| 包装材料 | 603687 |  大胜达  | 37.8  |  38.7  | -1.7 |  -0.4   |   0.3   |
| 包装材料 | 002951 | 金时科技 | 33.1  | 863.7  | -0.4 |   0.0   |  -0.8   |
| 包装材料 | 002799 | 环球印务 | 28.6  |  26.1  | -1.9 |  -3.6   |  -0.5   |
| 包装材料 | 300501 | 海顺新材 | 28.3  |  27.7  | -0.1 |   2.5   |   1.7   |
| 包装材料 | 002599 | 盛通股份 | 26.4  | -26.6  | -3.6 |  -6.0   |   1.0   |
| 包装材料 | 002846 | 英联股份 | 19.7  | -92.7  | 0.8  |   1.8   |   2.6   |
| 包装材料 | 603022 |  新通联  | 17.9  |  55.8  | -0.8 |  -3.1   |   1.0   |
| 包装材料 | 002787 | 华源控股 | 17.5  | 136.5  | -0.2 |   0.7   |   2.2   |
| 包装材料 | 003003 | 天元股份 | 15.9  | 1366.8 | -0.2 |   0.3   |   0.6   |
+----------+--------+----------+-------+--------+------+---------+---------+
 




 [行业>单日涨幅]
+----------+--------+----------+-------+--------+------+---------+---------+
|   行业   |  代码  |   名称   | 市值  |   pe   | 涨幅 | 3日涨幅 | 6日涨幅 |
+----------+--------+----------+-------+--------+------+---------+---------+
| 包装材料 | 002014 | 永新股份 | 41.2  |  15.8  | 1.4  |   1.1   |   3.1   |
| 包装材料 | 002846 | 英联股份 | 19.7  | -92.7  | 0.8  |   1.8   |   2.6   |
| 包装材料 | 600836 | 上海易连 | 45.1  | 517.6  | 0.8  |  -2.5   |  -3.5   |
| 包装材料 | 002701 |  奥瑞金  | 137.7 |  16.7  | 0.6  |   0.8   |   7.9   |
| 包装材料 | 002565 | 顺灏股份 | 49.8  | -430.9 | 0.4  |  -4.3   |  -12.8  |
| 包装材料 | 601968 | 宝钢包装 | 82.4  |  32.1  | 0.0  |   0.7   |   7.4   |
| 包装材料 | 002303 |  美盈森  | 51.5  |  31.3  | 0.0  |   0.3   |   2.1   |
| 包装材料 | 002752 | 昇兴股份 | 45.3  |  24.1  | 0.0  |   2.4   |   3.8   |
| 包装材料 | 002228 | 合兴包装 | 42.5  |  20.3  | 0.0  |  -0.3   |   0.9   |
| 包装材料 | 300501 | 海顺新材 | 28.3  |  27.7  | -0.1 |   2.5   |   1.7   |
| 包装材料 | 002787 | 华源控股 | 17.5  | 136.5  | -0.2 |   0.7   |   2.2   |
| 包装材料 | 003003 | 天元股份 | 15.9  | 1366.8 | -0.2 |   0.3   |   0.6   |
| 包装材料 | 002735 | 王子新材 | 43.8  |  26.9  | -0.2 |  -1.7   |  -5.4   |
| 包装材料 | 002951 | 金时科技 | 33.1  | 863.7  | -0.4 |   0.0   |  -0.8   |
| 包装材料 | 000659 | 珠海中富 | 40.5  | -52.0  | -0.6 |  -0.6   |  -1.2   |
| 包装材料 | 603022 |  新通联  | 17.9  |  55.8  | -0.8 |  -3.1   |   1.0   |
| 包装材料 | 601515 | 东风股份 | 84.6  |  17.4  | -1.1 |  -2.1   |  -4.8   |
| 包装材料 | 002191 | 劲嘉股份 | 142.2 |  11.7  | -1.2 |  -0.1   |   0.5   |
| 包装材料 | 002969 | 嘉美包装 | 39.5  | 168.6  | -1.4 |  -3.5   |  -8.1   |
| 包装材料 | 603687 |  大胜达  | 37.8  |  38.7  | -1.7 |  -0.4   |   0.3   |
| 包装材料 | 002799 | 环球印务 | 28.6  |  26.1  | -1.9 |  -3.6   |  -0.5   |
| 包装材料 | 301062 | 上海艾录 | 45.1  |  35.5  | -1.9 |   0.9   |  -0.1   |
| 包装材料 | 000812 | 陕西金叶 | 46.5  | 178.8  | -2.3 |  -5.3   |   3.1   |
| 包装材料 | 600210 | 紫江企业 | 91.2  |  18.8  | -2.3 |   0.8   |  -6.4   |
| 包装材料 | 002599 | 盛通股份 | 26.4  | -26.6  | -3.6 |  -6.0   |   1.0   |
+----------+--------+----------+-------+--------+------+---------+---------+
