[行业>市值]
+----------+--------+----------+--------+-------+------+---------+---------+
|   行业   |  代码  |   名称   |  市值  |  pe   | 涨幅 | 3日涨幅 | 6日涨幅 |
+----------+--------+----------+--------+-------+------+---------+---------+
| 化肥行业 | 000792 | 盐湖股份 | 1597.0 | 11.4  | -1.7 |  -1.0   |  -6.8   |
| 化肥行业 | 600096 |  云天化  | 551.0  |  8.4  | 0.9  |  -1.8   |  -8.9   |
| 化肥行业 | 000408 | 藏格矿业 | 509.5  | 15.6  | -5.2 |  -2.3   |  -4.1   |
| 化肥行业 | 600141 | 兴发集团 | 452.2  |  6.6  | -0.6 |  -4.3   |  -8.0   |
| 化肥行业 | 000893 | 亚钾国际 | 271.3  | 24.2  | -1.4 |  -1.9   |  -7.4   |
| 化肥行业 | 002312 | 川发龙蟒 | 241.7  | 22.1  | 1.9  |   3.6   |   3.1   |
| 化肥行业 | 000902 |  新洋丰  | 221.5  | 13.6  | -2.2 |  -4.4   |  -7.8   |
| 化肥行业 | 002895 | 川恒股份 | 161.9  | 38.9  | -1.1 |  -7.0   |  -12.0  |
| 化肥行业 | 002539 | 云图控股 | 158.4  |  8.5  | -1.1 |  -4.7   |  -13.3  |
| 化肥行业 | 603938 | 三孚股份 | 144.4  | 24.0  | 1.6  |  -4.7   |  -11.2  |
| 化肥行业 | 002556 | 辉隆股份 | 111.6  | 13.3  | -1.4 |  -2.0   |  -3.2   |
| 化肥行业 | 600691 | 阳煤化工 |  97.7  | 26.4  | -0.7 |  -2.1   |  -4.0   |
| 化肥行业 | 002274 | 华昌化工 |  94.7  |  9.7  | -2.2 |  -3.4   |  -9.9   |
| 化肥行业 | 002538 |  司尔特  |  88.2  | 14.3  | -1.0 |  -2.5   |  -7.9   |
| 化肥行业 | 000912 |  泸天化  |  83.1  | 14.8  | -1.7 |  -5.0   |  -9.7   |
| 化肥行业 | 002470 |  ST金正  |  74.6  | -71.6 | 1.8  |  -0.9   |  -3.8   |
| 化肥行业 | 002588 |  史丹利  |  73.7  | 12.3  | -4.6 |  -5.5   |  -10.7  |
| 化肥行业 | 600078 | *ST澄星  |  71.0  | 26.3  | -3.2 |  -1.4   |  -10.9  |
| 化肥行业 | 300505 |  川金诺  |  59.6  | 24.9  | 1.1  |  -2.5   |  -6.1   |
| 化肥行业 | 000731 | 四川美丰 |  54.6  |  7.6  | -1.9 |  -3.5   |  -6.7   |
| 化肥行业 | 002170 | 芭田股份 |  53.2  | 61.2  | -1.3 |   0.0   |  -2.6   |
| 化肥行业 | 600470 | 六国化工 |  39.2  | 14.7  | -2.3 |  -7.6   |  -13.7  |
| 化肥行业 | 002999 | 天禾股份 |  25.2  | 45.2  | -3.3 |  -2.2   |  -10.6  |
| 化肥行业 | 300387 | 富邦股份 |  20.0  | 37.1  | -0.9 |  -1.9   |  -5.7   |
| 化肥行业 | 000611 |  天首退  |  4.8   | -15.2 | 10.3 |  32.7   |  41.5   |
+----------+--------+----------+--------+-------+------+---------+---------+
 




 [行业>单日涨幅]
+----------+--------+----------+--------+-------+------+---------+---------+
|   行业   |  代码  |   名称   |  市值  |  pe   | 涨幅 | 3日涨幅 | 6日涨幅 |
+----------+--------+----------+--------+-------+------+---------+---------+
| 化肥行业 | 000611 |  天首退  |  4.8   | -15.2 | 10.3 |  32.7   |  41.5   |
| 化肥行业 | 002312 | 川发龙蟒 | 241.7  | 22.1  | 1.9  |   3.6   |   3.1   |
| 化肥行业 | 002470 |  ST金正  |  74.6  | -71.6 | 1.8  |  -0.9   |  -3.8   |
| 化肥行业 | 603938 | 三孚股份 | 144.4  | 24.0  | 1.6  |  -4.7   |  -11.2  |
| 化肥行业 | 300505 |  川金诺  |  59.6  | 24.9  | 1.1  |  -2.5   |  -6.1   |
| 化肥行业 | 600096 |  云天化  | 551.0  |  8.4  | 0.9  |  -1.8   |  -8.9   |
| 化肥行业 | 600141 | 兴发集团 | 452.2  |  6.6  | -0.6 |  -4.3   |  -8.0   |
| 化肥行业 | 600691 | 阳煤化工 |  97.7  | 26.4  | -0.7 |  -2.1   |  -4.0   |
| 化肥行业 | 300387 | 富邦股份 |  20.0  | 37.1  | -0.9 |  -1.9   |  -5.7   |
| 化肥行业 | 002538 |  司尔特  |  88.2  | 14.3  | -1.0 |  -2.5   |  -7.9   |
| 化肥行业 | 002895 | 川恒股份 | 161.9  | 38.9  | -1.1 |  -7.0   |  -12.0  |
| 化肥行业 | 002539 | 云图控股 | 158.4  |  8.5  | -1.1 |  -4.7   |  -13.3  |
| 化肥行业 | 002170 | 芭田股份 |  53.2  | 61.2  | -1.3 |   0.0   |  -2.6   |
| 化肥行业 | 000893 | 亚钾国际 | 271.3  | 24.2  | -1.4 |  -1.9   |  -7.4   |
| 化肥行业 | 002556 | 辉隆股份 | 111.6  | 13.3  | -1.4 |  -2.0   |  -3.2   |
| 化肥行业 | 000912 |  泸天化  |  83.1  | 14.8  | -1.7 |  -5.0   |  -9.7   |
| 化肥行业 | 000792 | 盐湖股份 | 1597.0 | 11.4  | -1.7 |  -1.0   |  -6.8   |
| 化肥行业 | 000731 | 四川美丰 |  54.6  |  7.6  | -1.9 |  -3.5   |  -6.7   |
| 化肥行业 | 002274 | 华昌化工 |  94.7  |  9.7  | -2.2 |  -3.4   |  -9.9   |
| 化肥行业 | 000902 |  新洋丰  | 221.5  | 13.6  | -2.2 |  -4.4   |  -7.8   |
| 化肥行业 | 600470 | 六国化工 |  39.2  | 14.7  | -2.3 |  -7.6   |  -13.7  |
| 化肥行业 | 600078 | *ST澄星  |  71.0  | 26.3  | -3.2 |  -1.4   |  -10.9  |
| 化肥行业 | 002999 | 天禾股份 |  25.2  | 45.2  | -3.3 |  -2.2   |  -10.6  |
| 化肥行业 | 002588 |  史丹利  |  73.7  | 12.3  | -4.6 |  -5.5   |  -10.7  |
| 化肥行业 | 000408 | 藏格矿业 | 509.5  | 15.6  | -5.2 |  -2.3   |  -4.1   |
+----------+--------+----------+--------+-------+------+---------+---------+
