[行业>市值]
+----------+--------+----------+-------+--------+------+---------+---------+
|   行业   |  代码  |   名称   | 市值  |   pe   | 涨幅 | 3日涨幅 | 6日涨幅 |
+----------+--------+----------+-------+--------+------+---------+---------+
| 多元金融 | 000617 | 中油资本 | 615.7 |  8.9   | -0.6 |  -1.4   |   0.6   |
| 多元金融 | 000987 | 越秀金控 | 356.4 |  15.3  | 0.8  |   0.8   |  17.2   |
| 多元金融 | 600705 | 中航产融 | 315.8 | 689.2  | 0.6  |  -0.3   |   1.1   |
| 多元金融 | 600927 | 永安期货 | 294.8 | 226.1  | -0.7 |  -1.5   |   3.0   |
| 多元金融 | 600816 |  ST安信  | 228.6 | -12.0  | -0.5 |  -2.3   |  -1.6   |
| 多元金融 | 600390 | 五矿资本 | 223.6 |  7.9   | 0.0  |  -2.5   |   2.9   |
| 多元金融 | 002423 | 中粮资本 | 159.0 | -11.6  | -0.1 |  -2.1   |  -0.3   |
| 多元金融 | 600901 | 江苏租赁 | 151.1 |  6.1   | 0.8  |  -1.8   |   0.6   |
| 多元金融 | 000567 | 海德股份 | 140.4 |  27.6  | -2.3 |  -3.3   |  -4.3   |
| 多元金融 | 000415 | 渤海租赁 | 134.8 |  -4.6  | 0.5  |  -1.8   |   2.4   |
| 多元金融 | 000563 | 陕国投Ａ  | 125.7 |  17.9  | 0.6  |  -0.3   |   3.6   |
| 多元金融 | 600120 | 浙江东方 | 115.3 |  72.2  | 0.5  |  -0.5   |   0.8   |
| 多元金融 | 600643 | 爱建集团 | 96.7  |  8.1   | -0.5 |  -1.3   |   1.2   |
| 多元金融 | 600053 | 九鼎投资 | 77.7  |  43.7  | 5.3  |   0.0   |   4.9   |
| 多元金融 | 000046 | 泛海控股 | 77.4  |  -2.4  | 0.0  |  -1.3   |   2.0   |
| 多元金融 | 002961 | 瑞达期货 | 76.9  |  20.2  | -0.9 |  -1.9   |   0.8   |
| 多元金融 | 603093 | 南华期货 | 64.4  |  57.2  | -0.2 |  -2.0   |  -0.3   |
| 多元金融 | 000666 | 经纬纺机 | 61.7  |  11.3  | 0.0  |  -0.7   |   0.1   |
| 多元金融 | 002647 | 仁东控股 | 40.1  | -48.6  | 3.0  |   2.3   |   5.8   |
| 多元金融 | 600318 | 新力金融 | 39.8  | 433.9  | -0.9 |  -2.3   |   2.0   |
| 多元金融 | 600830 | 香溢融通 | 26.1  |  54.4  | -1.5 |  -3.9   |  -4.6   |
| 多元金融 | 000416 | 民生控股 | 20.3  | -109.5 | 0.5  |  -1.6   |   3.0   |
| 多元金融 | 600139 | *ST西源  | 15.6  | -10.6  | 4.4  |  15.1   |  12.4   |
| 多元金融 | 600599 |  ST熊猫  | 15.6  |  10.7  | -3.2 |  -4.8   |  -10.8  |
| 多元金融 | 300309 | *ST吉艾  | 15.5  |  -3.5  | 1.2  |  -4.9   |  -1.1   |
| 多元金融 | 600093 | 退市易见 |  5.6  |  -1.2  | 0.0  |   0.0   |  19.1   |
+----------+--------+----------+-------+--------+------+---------+---------+
 




 [行业>单日涨幅]
+----------+--------+----------+-------+--------+------+---------+---------+
|   行业   |  代码  |   名称   | 市值  |   pe   | 涨幅 | 3日涨幅 | 6日涨幅 |
+----------+--------+----------+-------+--------+------+---------+---------+
| 多元金融 | 600053 | 九鼎投资 | 77.7  |  43.7  | 5.3  |   0.0   |   4.9   |
| 多元金融 | 600139 | *ST西源  | 15.6  | -10.6  | 4.4  |  15.1   |  12.4   |
| 多元金融 | 002647 | 仁东控股 | 40.1  | -48.6  | 3.0  |   2.3   |   5.8   |
| 多元金融 | 300309 | *ST吉艾  | 15.5  |  -3.5  | 1.2  |  -4.9   |  -1.1   |
| 多元金融 | 000987 | 越秀金控 | 356.4 |  15.3  | 0.8  |   0.8   |  17.2   |
| 多元金融 | 600901 | 江苏租赁 | 151.1 |  6.1   | 0.8  |  -1.8   |   0.6   |
| 多元金融 | 000563 | 陕国投Ａ  | 125.7 |  17.9  | 0.6  |  -0.3   |   3.6   |
| 多元金融 | 600705 | 中航产融 | 315.8 | 689.2  | 0.6  |  -0.3   |   1.1   |
| 多元金融 | 000416 | 民生控股 | 20.3  | -109.5 | 0.5  |  -1.6   |   3.0   |
| 多元金融 | 600120 | 浙江东方 | 115.3 |  72.2  | 0.5  |  -0.5   |   0.8   |
| 多元金融 | 000415 | 渤海租赁 | 134.8 |  -4.6  | 0.5  |  -1.8   |   2.4   |
| 多元金融 | 600390 | 五矿资本 | 223.6 |  7.9   | 0.0  |  -2.5   |   2.9   |
| 多元金融 | 000046 | 泛海控股 | 77.4  |  -2.4  | 0.0  |  -1.3   |   2.0   |
| 多元金融 | 000666 | 经纬纺机 | 61.7  |  11.3  | 0.0  |  -0.7   |   0.1   |
| 多元金融 | 600093 | 退市易见 |  5.6  |  -1.2  | 0.0  |   0.0   |  19.1   |
| 多元金融 | 002423 | 中粮资本 | 159.0 | -11.6  | -0.1 |  -2.1   |  -0.3   |
| 多元金融 | 603093 | 南华期货 | 64.4  |  57.2  | -0.2 |  -2.0   |  -0.3   |
| 多元金融 | 600816 |  ST安信  | 228.6 | -12.0  | -0.5 |  -2.3   |  -1.6   |
| 多元金融 | 600643 | 爱建集团 | 96.7  |  8.1   | -0.5 |  -1.3   |   1.2   |
| 多元金融 | 000617 | 中油资本 | 615.7 |  8.9   | -0.6 |  -1.4   |   0.6   |
| 多元金融 | 600927 | 永安期货 | 294.8 | 226.1  | -0.7 |  -1.5   |   3.0   |
| 多元金融 | 600318 | 新力金融 | 39.8  | 433.9  | -0.9 |  -2.3   |   2.0   |
| 多元金融 | 002961 | 瑞达期货 | 76.9  |  20.2  | -0.9 |  -1.9   |   0.8   |
| 多元金融 | 600830 | 香溢融通 | 26.1  |  54.4  | -1.5 |  -3.9   |  -4.6   |
| 多元金融 | 000567 | 海德股份 | 140.4 |  27.6  | -2.3 |  -3.3   |  -4.3   |
| 多元金融 | 600599 |  ST熊猫  | 15.6  |  10.7  | -3.2 |  -4.8   |  -10.8  |
+----------+--------+----------+-------+--------+------+---------+---------+
