[行业>市值]
+----------+--------+----------+-------+--------+------+---------+---------+
|   行业   |  代码  |   名称   | 市值  |   pe   | 涨幅 | 3日涨幅 | 6日涨幅 |
+----------+--------+----------+-------+--------+------+---------+---------+
| 家用轻工 | 603899 | 晨光股份 | 483.6 |  43.9  | -1.4 |   4.1   |   7.0   |
| 家用轻工 | 001323 | 慕思股份 | 155.7 |  31.4  | 0.0  |   0.0   |   0.0   |
| 家用轻工 | 605099 | 共创草坪 | 112.1 |  32.9  | -0.7 |   3.5   |   8.0   |
| 家用轻工 | 603398 | 沐邦高科 | 91.7  | -251.5 | 0.3  |  11.1   |   5.7   |
| 家用轻工 | 002489 | 浙江永强 | 91.2  |  16.6  | 0.7  |  -1.2   |  -1.2   |
| 家用轻工 | 002678 | 珠江钢琴 | 78.8  |  37.1  | -0.8 |  -2.7   |  -0.2   |
| 家用轻工 | 002605 | 姚记科技 | 72.1  |  19.6  | 5.5  |   7.6   |  11.0   |
| 家用轻工 | 603848 |  好太太  | 66.3  |  36.6  | 0.8  |   8.5   |  15.8   |
| 家用轻工 | 301101 | 明月镜片 | 58.5  |  66.2  | -4.9 |  -6.3   |  -13.9  |
| 家用轻工 | 002301 | 齐心集团 | 45.4  |  20.6  | 0.7  |   1.1   |   4.8   |
| 家用轻工 | 605299 | 舒华体育 | 43.0  |  80.9  | -0.8 |  -0.4   |   1.6   |
| 家用轻工 | 300729 | 乐歌股份 | 40.1  |  55.6  | 4.7  |   5.2   |   8.7   |
| 家用轻工 | 300651 | 金陵体育 | 33.4  | 326.6  | 1.2  |   0.1   |  -5.6   |
| 家用轻工 | 600439 |  瑞贝卡  | 30.7  |  60.0  | 0.7  |   0.4   |   1.9   |
| 家用轻工 | 002575 | 群兴玩具 | 28.3  | 407.9  | -1.3 |  -2.8   |  -7.3   |
| 家用轻工 | 002571 | 德力股份 | 26.8  | 259.4  | -2.8 |  -0.4   |  -5.0   |
| 家用轻工 | 301004 | 嘉益股份 | 24.5  |  18.5  | 7.1  |   9.4   |   9.7   |
| 家用轻工 | 002103 | 广博股份 | 24.1  | -40.4  | 1.4  |   1.1   |   2.5   |
| 家用轻工 | 002615 |  哈尔斯  | 23.3  |  18.9  | -0.5 |   2.2   |   3.5   |
| 家用轻工 | 002348 | 高乐股份 | 19.7  |  -9.9  | 2.0  |   0.5   |   5.0   |
| 家用轻工 | 300329 | 海伦钢琴 | 18.0  |  71.2  | -2.1 |  -3.7   |   5.0   |
| 家用轻工 | 300703 | 创源股份 | 16.7  | 103.4  | -0.4 |  -1.6   |   1.2   |
| 家用轻工 | 300640 | 德艺文创 | 16.3  |  49.3  | 1.1  |   0.7   |   3.4   |
| 家用轻工 | 002899 |  英派斯  | 14.3  | 268.7  | -0.3 |   0.1   |   1.4   |
| 家用轻工 | 002862 | 实丰文化 | 13.1  | 170.2  | 1.5  |   1.2   |   1.2   |
+----------+--------+----------+-------+--------+------+---------+---------+
 




 [行业>单日涨幅]
+----------+--------+----------+-------+--------+------+---------+---------+
|   行业   |  代码  |   名称   | 市值  |   pe   | 涨幅 | 3日涨幅 | 6日涨幅 |
+----------+--------+----------+-------+--------+------+---------+---------+
| 家用轻工 | 301004 | 嘉益股份 | 24.5  |  18.5  | 7.1  |   9.4   |   9.7   |
| 家用轻工 | 002605 | 姚记科技 | 72.1  |  19.6  | 5.5  |   7.6   |  11.0   |
| 家用轻工 | 300729 | 乐歌股份 | 40.1  |  55.6  | 4.7  |   5.2   |   8.7   |
| 家用轻工 | 002348 | 高乐股份 | 19.7  |  -9.9  | 2.0  |   0.5   |   5.0   |
| 家用轻工 | 002862 | 实丰文化 | 13.1  | 170.2  | 1.5  |   1.2   |   1.2   |
| 家用轻工 | 002103 | 广博股份 | 24.1  | -40.4  | 1.4  |   1.1   |   2.5   |
| 家用轻工 | 300651 | 金陵体育 | 33.4  | 326.6  | 1.2  |   0.1   |  -5.6   |
| 家用轻工 | 300640 | 德艺文创 | 16.3  |  49.3  | 1.1  |   0.7   |   3.4   |
| 家用轻工 | 603848 |  好太太  | 66.3  |  36.6  | 0.8  |   8.5   |  15.8   |
| 家用轻工 | 600439 |  瑞贝卡  | 30.7  |  60.0  | 0.7  |   0.4   |   1.9   |
| 家用轻工 | 002489 | 浙江永强 | 91.2  |  16.6  | 0.7  |  -1.2   |  -1.2   |
| 家用轻工 | 002301 | 齐心集团 | 45.4  |  20.6  | 0.7  |   1.1   |   4.8   |
| 家用轻工 | 603398 | 沐邦高科 | 91.7  | -251.5 | 0.3  |  11.1   |   5.7   |
| 家用轻工 | 001323 | 慕思股份 | 155.7 |  31.4  | 0.0  |   0.0   |   0.0   |
| 家用轻工 | 002899 |  英派斯  | 14.3  | 268.7  | -0.3 |   0.1   |   1.4   |
| 家用轻工 | 300703 | 创源股份 | 16.7  | 103.4  | -0.4 |  -1.6   |   1.2   |
| 家用轻工 | 002615 |  哈尔斯  | 23.3  |  18.9  | -0.5 |   2.2   |   3.5   |
| 家用轻工 | 605099 | 共创草坪 | 112.1 |  32.9  | -0.7 |   3.5   |   8.0   |
| 家用轻工 | 002678 | 珠江钢琴 | 78.8  |  37.1  | -0.8 |  -2.7   |  -0.2   |
| 家用轻工 | 605299 | 舒华体育 | 43.0  |  80.9  | -0.8 |  -0.4   |   1.6   |
| 家用轻工 | 002575 | 群兴玩具 | 28.3  | 407.9  | -1.3 |  -2.8   |  -7.3   |
| 家用轻工 | 603899 | 晨光股份 | 483.6 |  43.9  | -1.4 |   4.1   |   7.0   |
| 家用轻工 | 300329 | 海伦钢琴 | 18.0  |  71.2  | -2.1 |  -3.7   |   5.0   |
| 家用轻工 | 002571 | 德力股份 | 26.8  | 259.4  | -2.8 |  -0.4   |  -5.0   |
| 家用轻工 | 301101 | 明月镜片 | 58.5  |  66.2  | -4.9 |  -6.3   |  -13.9  |
+----------+--------+----------+-------+--------+------+---------+---------+
