[行业>市值]
+----------+--------+----------+--------+--------+------+---------+---------+
|   行业   |  代码  |   名称   |  市值  |   pe   | 涨幅 | 3日涨幅 | 6日涨幅 |
+----------+--------+----------+--------+--------+------+---------+---------+
| 工程机械 | 600031 | 三一重工 | 1578.0 |  24.8  | 0.0  |   3.7   |   5.7   |
| 工程机械 | 601100 | 恒立液压 | 737.8  |  34.9  | -1.6 |  -0.7   |   2.5   |
| 工程机械 | 000157 | 中联重科 | 527.6  |  14.6  | -0.5 |   0.0   |   0.7   |
| 工程机械 | 000425 | 徐工机械 | 423.0  |  7.5   | 0.0  |  -1.1   |   2.1   |
| 工程机械 | 603338 | 浙江鼎力 | 253.3  |  32.4  | 1.0  |   3.2   |   2.9   |
| 工程机械 | 688425 | 铁建重工 | 226.7  |  15.0  | -0.5 |  -1.2   |  -0.2   |
| 工程机械 | 603638 | 艾迪精密 | 163.4  |  56.5  | -2.1 |  -0.1   |   2.4   |
| 工程机械 | 000528 | 柳    工 | 127.1  |  12.5  | -0.1 |  -0.5   |   0.6   |
| 工程机械 | 603298 | 杭叉集团 | 126.1  |  16.6  | 0.3  |   5.7   |  10.1   |
| 工程机械 | 002204 | 大连重工 |  90.0  |  32.2  | 9.9  |  22.0   |  20.4   |
| 工程机械 | 600761 | 安徽合力 |  76.2  |  9.8   | -0.7 |   0.3   |   2.0   |
| 工程机械 | 605305 | 中际联合 |  75.5  |  42.8  | -0.4 |   8.9   |   9.4   |
| 工程机械 | 600984 | 建设机械 |  74.5  | -34.6  | 0.0  |   0.0   |   2.9   |
| 工程机械 | 000680 | 山推股份 |  73.1  |  5.0   | -2.6 |  -4.7   |  -3.9   |
| 工程机械 | 002097 | 山河智能 |  71.2  | -36.4  | 0.0  |   0.3   |  -4.7   |
| 工程机械 | 600375 | 汉马科技 |  62.0  |  -9.6  | -3.6 |  -0.9   |  13.5   |
| 工程机械 | 601226 | 华电重工 |  59.4  | -13.6  | -0.6 |   3.5   |   3.7   |
| 工程机械 | 600815 | 厦工股份 |  50.4  | -658.9 | -0.7 |  -1.1   |  -1.4   |
| 工程机械 | 600817 | 宇通重工 |  50.3  |  14.8  | -2.8 |   1.0   |   2.5   |
| 工程机械 | 603611 | 诺力股份 |  46.5  |  16.1  | -3.3 |   6.9   |  10.0   |
| 工程机械 | 300718 | 长盛轴承 |  41.5  |  34.3  | -1.3 |   6.4   |   6.6   |
| 工程机械 | 605389 | 长龄液压 |  36.9  |  21.9  | -3.1 |   6.8   |   9.1   |
| 工程机械 | 301040 | 中环海陆 |  29.7  |  43.5  | -2.5 |   6.0   |   3.1   |
| 工程机械 | 001288 | 运机集团 |  23.5  |  27.9  | 1.2  |   3.1   |   3.2   |
| 工程机械 | 002272 | 川润股份 |  23.4  |  60.1  | -2.6 |  -4.3   |  -10.3  |
| 工程机械 | 300201 | *ST海伦  |  21.9  |  16.7  | -1.4 |  -0.9   |   4.0   |
| 工程机械 | 300022 | 吉峰科技 |  18.4  | -220.3 | -1.6 |  -1.8   |  -1.8   |
+----------+--------+----------+--------+--------+------+---------+---------+
 




 [行业>单日涨幅]
+----------+--------+----------+--------+--------+------+---------+---------+
|   行业   |  代码  |   名称   |  市值  |   pe   | 涨幅 | 3日涨幅 | 6日涨幅 |
+----------+--------+----------+--------+--------+------+---------+---------+
| 工程机械 | 002204 | 大连重工 |  90.0  |  32.2  | 9.9  |  22.0   |  20.4   |
| 工程机械 | 001288 | 运机集团 |  23.5  |  27.9  | 1.2  |   3.1   |   3.2   |
| 工程机械 | 603338 | 浙江鼎力 | 253.3  |  32.4  | 1.0  |   3.2   |   2.9   |
| 工程机械 | 603298 | 杭叉集团 | 126.1  |  16.6  | 0.3  |   5.7   |  10.1   |
| 工程机械 | 600031 | 三一重工 | 1578.0 |  24.8  | 0.0  |   3.7   |   5.7   |
| 工程机械 | 000425 | 徐工机械 | 423.0  |  7.5   | 0.0  |  -1.1   |   2.1   |
| 工程机械 | 600984 | 建设机械 |  74.5  | -34.6  | 0.0  |   0.0   |   2.9   |
| 工程机械 | 002097 | 山河智能 |  71.2  | -36.4  | 0.0  |   0.3   |  -4.7   |
| 工程机械 | 000528 | 柳    工 | 127.1  |  12.5  | -0.1 |  -0.5   |   0.6   |
| 工程机械 | 605305 | 中际联合 |  75.5  |  42.8  | -0.4 |   8.9   |   9.4   |
| 工程机械 | 688425 | 铁建重工 | 226.7  |  15.0  | -0.5 |  -1.2   |  -0.2   |
| 工程机械 | 000157 | 中联重科 | 527.6  |  14.6  | -0.5 |   0.0   |   0.7   |
| 工程机械 | 601226 | 华电重工 |  59.4  | -13.6  | -0.6 |   3.5   |   3.7   |
| 工程机械 | 600761 | 安徽合力 |  76.2  |  9.8   | -0.7 |   0.3   |   2.0   |
| 工程机械 | 600815 | 厦工股份 |  50.4  | -658.9 | -0.7 |  -1.1   |  -1.4   |
| 工程机械 | 300718 | 长盛轴承 |  41.5  |  34.3  | -1.3 |   6.4   |   6.6   |
| 工程机械 | 300201 | *ST海伦  |  21.9  |  16.7  | -1.4 |  -0.9   |   4.0   |
| 工程机械 | 601100 | 恒立液压 | 737.8  |  34.9  | -1.6 |  -0.7   |   2.5   |
| 工程机械 | 300022 | 吉峰科技 |  18.4  | -220.3 | -1.6 |  -1.8   |  -1.8   |
| 工程机械 | 603638 | 艾迪精密 | 163.4  |  56.5  | -2.1 |  -0.1   |   2.4   |
| 工程机械 | 301040 | 中环海陆 |  29.7  |  43.5  | -2.5 |   6.0   |   3.1   |
| 工程机械 | 002272 | 川润股份 |  23.4  |  60.1  | -2.6 |  -4.3   |  -10.3  |
| 工程机械 | 000680 | 山推股份 |  73.1  |  5.0   | -2.6 |  -4.7   |  -3.9   |
| 工程机械 | 600817 | 宇通重工 |  50.3  |  14.8  | -2.8 |   1.0   |   2.5   |
| 工程机械 | 605389 | 长龄液压 |  36.9  |  21.9  | -3.1 |   6.8   |   9.1   |
| 工程机械 | 603611 | 诺力股份 |  46.5  |  16.1  | -3.3 |   6.9   |  10.0   |
| 工程机械 | 600375 | 汉马科技 |  62.0  |  -9.6  | -3.6 |  -0.9   |  13.5   |
+----------+--------+----------+--------+--------+------+---------+---------+
