[行业>市值]
+----------+--------+----------+-------+--------+------+---------+---------+
|   行业   |  代码  |   名称   | 市值  |   pe   | 涨幅 | 3日涨幅 | 6日涨幅 |
+----------+--------+----------+-------+--------+------+---------+---------+
| 橡胶制品 | 601966 | 玲珑轮胎 | 361.7 | -98.4  | -3.5 |  10.6   |  14.8   |
| 橡胶制品 | 601058 | 赛轮轮胎 | 358.7 |  27.9  | -7.1 |   0.3   |   4.8   |
| 橡胶制品 | 000887 | 中鼎股份 | 239.6 |  23.9  | -3.1 |  -0.4   |   3.9   |
| 橡胶制品 | 002984 |  森麒麟  | 212.3 |  22.8  | -1.5 |   4.5   |   7.7   |
| 橡胶制品 | 601118 | 海南橡胶 | 205.4 | -181.4 | 0.4  |   1.3   |   0.8   |
| 橡胶制品 | 603650 | 彤程新材 | 169.4 |  58.8  | -4.9 |  -2.6   |  -5.5   |
| 橡胶制品 | 603033 | 三维股份 | 166.5 |  85.5  | -4.6 |   0.1   |  -1.7   |
| 橡胶制品 | 300767 | 震安科技 | 149.6 | 114.9  | -0.5 |   0.5   |   2.1   |
| 橡胶制品 | 300587 | 天铁股份 | 112.3 |  24.2  | -4.3 |  -1.7   |   1.8   |
| 橡胶制品 | 002068 | 黑猫股份 | 106.6 | -255.6 | -6.2 |  -1.5   |   0.4   |
| 橡胶制品 | 601163 | 三角轮胎 | 94.3  |  40.4  | 0.7  |   1.9   |   2.2   |
| 橡胶制品 | 600480 | 凌云股份 | 81.1  |  22.1  | -2.8 |   0.3   |  -1.3   |
| 橡胶制品 | 605183 | 确成股份 | 78.0  |  23.3  | -1.2 |   0.8   |  -1.5   |
| 橡胶制品 | 300320 | 海达股份 | 77.5  |  48.1  | -2.7 |  -5.5   |   4.0   |
| 橡胶制品 | 000589 | 贵州轮胎 | 55.1  |  24.5  | 10.1 |  15.4   |  13.2   |
| 橡胶制品 | 601500 | 通用股份 | 48.4  | 163.0  | 2.5  |   3.2   |   0.7   |
| 橡胶制品 | 600182 | S*ST佳通 | 41.9  | 260.4  | -4.9 |  -5.6   |   5.2   |
| 橡胶制品 | 300121 | 阳谷华泰 | 40.0  |  8.8   | -1.1 |  -1.8   |  -0.8   |
| 橡胶制品 | 300547 | 川环科技 | 34.3  |  40.7  | -3.0 |   4.4   |   1.9   |
| 橡胶制品 | 000599 | 青岛双星 | 33.5  |  -5.7  | -2.8 |  -0.2   |  -10.7  |
| 橡胶制品 | 002224 | 三 力 士 | 33.4  | -154.2 | 0.9  |   1.1   |   1.1   |
| 橡胶制品 | 600469 | 风神股份 | 33.0  | -20.0  | -3.4 |  -6.2   |  -16.0  |
| 橡胶制品 | 002753 | 永东股份 | 32.2  |  76.2  | 2.9  |  14.4   |  13.4   |
| 橡胶制品 | 001207 | 联科科技 | 30.1  |  31.7  | 0.2  |   1.9   |   1.4   |
| 橡胶制品 | 300731 | 科创新源 | 29.0  | -65.0  | -3.7 |  38.7   |  34.0   |
| 橡胶制品 | 002442 | 龙星化工 | 26.5  |  58.0  | -1.6 |   1.9   |  -0.4   |
| 橡胶制品 | 002381 | 双箭股份 | 25.8  |  19.9  | 1.0  |   1.6   |   1.1   |
| 橡胶制品 | 301233 | 盛帮股份 | 16.0  |  27.2  | 0.0  |   0.0   |   0.0   |
+----------+--------+----------+-------+--------+------+---------+---------+
 




 [行业>单日涨幅]
+----------+--------+----------+-------+--------+------+---------+---------+
|   行业   |  代码  |   名称   | 市值  |   pe   | 涨幅 | 3日涨幅 | 6日涨幅 |
+----------+--------+----------+-------+--------+------+---------+---------+
| 橡胶制品 | 000589 | 贵州轮胎 | 55.1  |  24.5  | 10.1 |  15.4   |  13.2   |
| 橡胶制品 | 002753 | 永东股份 | 32.2  |  76.2  | 2.9  |  14.4   |  13.4   |
| 橡胶制品 | 601500 | 通用股份 | 48.4  | 163.0  | 2.5  |   3.2   |   0.7   |
| 橡胶制品 | 002381 | 双箭股份 | 25.8  |  19.9  | 1.0  |   1.6   |   1.1   |
| 橡胶制品 | 002224 | 三 力 士 | 33.4  | -154.2 | 0.9  |   1.1   |   1.1   |
| 橡胶制品 | 601163 | 三角轮胎 | 94.3  |  40.4  | 0.7  |   1.9   |   2.2   |
| 橡胶制品 | 601118 | 海南橡胶 | 205.4 | -181.4 | 0.4  |   1.3   |   0.8   |
| 橡胶制品 | 001207 | 联科科技 | 30.1  |  31.7  | 0.2  |   1.9   |   1.4   |
| 橡胶制品 | 301233 | 盛帮股份 | 16.0  |  27.2  | 0.0  |   0.0   |   0.0   |
| 橡胶制品 | 300767 | 震安科技 | 149.6 | 114.9  | -0.5 |   0.5   |   2.1   |
| 橡胶制品 | 300121 | 阳谷华泰 | 40.0  |  8.8   | -1.1 |  -1.8   |  -0.8   |
| 橡胶制品 | 605183 | 确成股份 | 78.0  |  23.3  | -1.2 |   0.8   |  -1.5   |
| 橡胶制品 | 002984 |  森麒麟  | 212.3 |  22.8  | -1.5 |   4.5   |   7.7   |
| 橡胶制品 | 002442 | 龙星化工 | 26.5  |  58.0  | -1.6 |   1.9   |  -0.4   |
| 橡胶制品 | 300320 | 海达股份 | 77.5  |  48.1  | -2.7 |  -5.5   |   4.0   |
| 橡胶制品 | 600480 | 凌云股份 | 81.1  |  22.1  | -2.8 |   0.3   |  -1.3   |
| 橡胶制品 | 000599 | 青岛双星 | 33.5  |  -5.7  | -2.8 |  -0.2   |  -10.7  |
| 橡胶制品 | 300547 | 川环科技 | 34.3  |  40.7  | -3.0 |   4.4   |   1.9   |
| 橡胶制品 | 000887 | 中鼎股份 | 239.6 |  23.9  | -3.1 |  -0.4   |   3.9   |
| 橡胶制品 | 600469 | 风神股份 | 33.0  | -20.0  | -3.4 |  -6.2   |  -16.0  |
| 橡胶制品 | 601966 | 玲珑轮胎 | 361.7 | -98.4  | -3.5 |  10.6   |  14.8   |
| 橡胶制品 | 300731 | 科创新源 | 29.0  | -65.0  | -3.7 |  38.7   |  34.0   |
| 橡胶制品 | 300587 | 天铁股份 | 112.3 |  24.2  | -4.3 |  -1.7   |   1.8   |
| 橡胶制品 | 603033 | 三维股份 | 166.5 |  85.5  | -4.6 |   0.1   |  -1.7   |
| 橡胶制品 | 603650 | 彤程新材 | 169.4 |  58.8  | -4.9 |  -2.6   |  -5.5   |
| 橡胶制品 | 600182 | S*ST佳通 | 41.9  | 260.4  | -4.9 |  -5.6   |   5.2   |
| 橡胶制品 | 002068 | 黑猫股份 | 106.6 | -255.6 | -6.2 |  -1.5   |   0.4   |
| 橡胶制品 | 601058 | 赛轮轮胎 | 358.7 |  27.9  | -7.1 |   0.3   |   4.8   |
+----------+--------+----------+-------+--------+------+---------+---------+
