[行业>市值]
+----------+--------+----------+--------+-------+------+---------+---------+
|   行业   |  代码  |   名称   |  市值  |  pe   | 涨幅 | 3日涨幅 | 6日涨幅 |
+----------+--------+----------+--------+-------+------+---------+---------+
| 汽车整车 | 002594 |  比亚迪  | 9927.0 | 307.0 | -0.3 |   1.5   |  -2.2   |
| 汽车整车 | 601633 | 长城汽车 | 3548.0 | 54.3  | -1.6 |  -0.8   |  -0.3   |
| 汽车整车 | 600104 | 上汽集团 | 2080.0 |  9.4  | -0.7 |  -0.4   |   1.0   |
| 汽车整车 | 601238 | 广汽集团 | 1751.0 | 14.6  | -2.2 |  -0.6   |   0.2   |
| 汽车整车 | 000625 | 长安汽车 | 1542.0 |  8.5  | 5.5  |   8.7   |  18.9   |
| 汽车整车 | 601127 | 小康股份 | 963.7  | -28.7 | -1.6 |   0.7   |   2.7   |
| 汽车整车 | 000800 | 一汽解放 | 437.0  | 24.2  | -3.5 |  -3.6   |   0.9   |
| 汽车整车 | 600733 | 北汽蓝谷 | 404.3  | -10.6 | 2.5  |   3.7   |  15.1   |
| 汽车整车 | 600418 | 江淮汽车 | 287.4  | -24.8 | -3.2 |  -3.0   |   5.7   |
| 汽车整车 | 601777 | 力帆科技 | 234.0  | 115.0 | -3.7 |   0.2   |  -3.2   |
| 汽车整车 | 301039 | 中集车辆 | 213.9  | 43.0  | 2.9  |   3.2   |   1.3   |
| 汽车整车 | 000980 |  ST众泰  | 187.6  | -29.9 | 0.5  |   0.0   |  -3.1   |
| 汽车整车 | 600166 | 福田汽车 | 181.5  | 33.5  | 0.0  |   1.1   |   0.7   |
| 汽车整车 | 600066 | 宇通客车 | 178.9  | -38.7 | -1.0 |  -0.1   |   0.2   |
| 汽车整车 | 600006 | 东风汽车 | 152.4  | 32.1  | -2.4 |  -0.9   |  -12.4  |
| 汽车整车 | 000951 | 中国重汽 | 151.2  | 30.5  | 1.0  |   3.6   |   4.0   |
| 汽车整车 | 000550 | 江铃汽车 | 132.8  | 17.1  | 0.1  |  -0.1   |   0.0   |
| 汽车整车 | 000957 | 中通客车 | 126.4  | -89.6 | 2.1  |  23.6   |  32.7   |
| 汽车整车 | 000572 | 海马汽车 | 103.3  | -42.4 | 1.4  |   1.4   |  -1.1   |
| 汽车整车 | 600686 | 金龙汽车 |  46.4  | 299.2 | 0.0  |   2.9   |   3.5   |
| 汽车整车 | 000868 | 安凯客车 |  37.1  | -23.2 | -3.6 |   1.0   |  -2.7   |
| 汽车整车 | 600213 | 亚星客车 |  23.4  | -13.4 | -3.2 |  -2.8   |  -2.6   |
| 汽车整车 | 600303 |  ST曙光  |  22.4  | -17.1 | -1.2 |   1.5   |   0.6   |
+----------+--------+----------+--------+-------+------+---------+---------+
 




 [行业>单日涨幅]
+----------+--------+----------+--------+-------+------+---------+---------+
|   行业   |  代码  |   名称   |  市值  |  pe   | 涨幅 | 3日涨幅 | 6日涨幅 |
+----------+--------+----------+--------+-------+------+---------+---------+
| 汽车整车 | 000625 | 长安汽车 | 1542.0 |  8.5  | 5.5  |   8.7   |  18.9   |
| 汽车整车 | 301039 | 中集车辆 | 213.9  | 43.0  | 2.9  |   3.2   |   1.3   |
| 汽车整车 | 600733 | 北汽蓝谷 | 404.3  | -10.6 | 2.5  |   3.7   |  15.1   |
| 汽车整车 | 000957 | 中通客车 | 126.4  | -89.6 | 2.1  |  23.6   |  32.7   |
| 汽车整车 | 000572 | 海马汽车 | 103.3  | -42.4 | 1.4  |   1.4   |  -1.1   |
| 汽车整车 | 000951 | 中国重汽 | 151.2  | 30.5  | 1.0  |   3.6   |   4.0   |
| 汽车整车 | 000980 |  ST众泰  | 187.6  | -29.9 | 0.5  |   0.0   |  -3.1   |
| 汽车整车 | 000550 | 江铃汽车 | 132.8  | 17.1  | 0.1  |  -0.1   |   0.0   |
| 汽车整车 | 600166 | 福田汽车 | 181.5  | 33.5  | 0.0  |   1.1   |   0.7   |
| 汽车整车 | 600686 | 金龙汽车 |  46.4  | 299.2 | 0.0  |   2.9   |   3.5   |
| 汽车整车 | 002594 |  比亚迪  | 9927.0 | 307.0 | -0.3 |   1.5   |  -2.2   |
| 汽车整车 | 600104 | 上汽集团 | 2080.0 |  9.4  | -0.7 |  -0.4   |   1.0   |
| 汽车整车 | 600066 | 宇通客车 | 178.9  | -38.7 | -1.0 |  -0.1   |   0.2   |
| 汽车整车 | 600303 |  ST曙光  |  22.4  | -17.1 | -1.2 |   1.5   |   0.6   |
| 汽车整车 | 601633 | 长城汽车 | 3548.0 | 54.3  | -1.6 |  -0.8   |  -0.3   |
| 汽车整车 | 601127 | 小康股份 | 963.7  | -28.7 | -1.6 |   0.7   |   2.7   |
| 汽车整车 | 601238 | 广汽集团 | 1751.0 | 14.6  | -2.2 |  -0.6   |   0.2   |
| 汽车整车 | 600006 | 东风汽车 | 152.4  | 32.1  | -2.4 |  -0.9   |  -12.4  |
| 汽车整车 | 600418 | 江淮汽车 | 287.4  | -24.8 | -3.2 |  -3.0   |   5.7   |
| 汽车整车 | 600213 | 亚星客车 |  23.4  | -13.4 | -3.2 |  -2.8   |  -2.6   |
| 汽车整车 | 000800 | 一汽解放 | 437.0  | 24.2  | -3.5 |  -3.6   |   0.9   |
| 汽车整车 | 000868 | 安凯客车 |  37.1  | -23.2 | -3.6 |   1.0   |  -2.7   |
| 汽车整车 | 601777 | 力帆科技 | 234.0  | 115.0 | -3.7 |   0.2   |  -3.2   |
+----------+--------+----------+--------+-------+------+---------+---------+
