[行业>市值]
+------------+--------+----------+-------+--------+------+---------+---------+
|    行业    |  代码  |   名称   | 市值  |   pe   | 涨幅 | 3日涨幅 | 6日涨幅 |
+------------+--------+----------+-------+--------+------+---------+---------+
| 电子化学品 | 002643 | 万润股份 | 190.1 |  20.4  | 0.3  |   3.5   |  -0.1   |
| 电子化学品 | 300054 | 鼎龙股份 | 178.8 |  62.6  | -0.2 |   0.2   |  -2.2   |
| 电子化学品 | 300346 | 南大光电 | 176.6 |  54.7  | 1.0  |   0.9   |   4.1   |
| 电子化学品 | 688019 | 安集科技 | 155.7 |  98.3  | -2.7 |  -5.4   |  -2.5   |
| 电子化学品 | 300398 | 飞凯材料 | 115.7 |  20.9  | -2.1 |  -1.2   |   2.0   |
| 电子化学品 | 300655 | 晶瑞电材 | 99.5  |  77.8  | -1.9 |  -3.6   |  -1.3   |
| 电子化学品 | 300236 | 上海新阳 | 99.0  | -181.9 | 0.3  |  -2.1   |   4.3   |
| 电子化学品 | 688106 | 金宏气体 | 92.0  |  59.2  | -2.3 |  -1.9   |  -4.1   |
| 电子化学品 | 688268 | 华特气体 | 82.3  |  52.5  | -2.0 |  -0.0   |  -3.9   |
| 电子化学品 | 002741 | 光华科技 | 70.1  |  49.6  | -1.5 |   3.5   |   1.2   |
| 电子化学品 | 603078 |  江化微  | 69.5  |  52.6  | 1.6  |   2.9   |   9.3   |
| 电子化学品 | 300481 | 濮阳惠成 | 68.8  |  20.5  | 0.2  |   1.4   |   0.0   |
| 电子化学品 | 688550 | 瑞联新材 | 66.8  |  20.9  | -3.9 |  -6.2   |  -11.0  |
| 电子化学品 | 300576 | 容大感光 | 58.0  | 140.3  | 3.1  |   3.7   |   7.8   |
| 电子化学品 | 300429 | 强力新材 | 47.5  |  47.5  | 0.7  |   2.3   |   2.2   |
| 电子化学品 | 002584 | 西陇科学 | 44.3  |  13.2  | -1.7 |  -0.8   |  -0.8   |
| 电子化学品 | 603931 |  格林达  | 38.8  |  24.6  | -1.2 |   0.3   |  -0.4   |
| 电子化学品 | 688359 | 三孚新科 | 35.1  | -147.4 | -1.5 |  -2.7   |  -0.5   |
| 电子化学品 | 300446 | 乐凯新材 | 24.6  | 387.5  | -1.6 |  -1.1   |  -4.6   |
| 电子化学品 | 300537 | 广信材料 | 22.4  | -48.8  | 1.6  |   2.6   |   4.1   |
| 电子化学品 | 300637 | 扬帆新材 | 17.1  |  36.8  | 0.7  |   1.8   |   2.5   |
+------------+--------+----------+-------+--------+------+---------+---------+
 




 [行业>单日涨幅]
+------------+--------+----------+-------+--------+------+---------+---------+
|    行业    |  代码  |   名称   | 市值  |   pe   | 涨幅 | 3日涨幅 | 6日涨幅 |
+------------+--------+----------+-------+--------+------+---------+---------+
| 电子化学品 | 300576 | 容大感光 | 58.0  | 140.3  | 3.1  |   3.7   |   7.8   |
| 电子化学品 | 603078 |  江化微  | 69.5  |  52.6  | 1.6  |   2.9   |   9.3   |
| 电子化学品 | 300537 | 广信材料 | 22.4  | -48.8  | 1.6  |   2.6   |   4.1   |
| 电子化学品 | 300346 | 南大光电 | 176.6 |  54.7  | 1.0  |   0.9   |   4.1   |
| 电子化学品 | 300637 | 扬帆新材 | 17.1  |  36.8  | 0.7  |   1.8   |   2.5   |
| 电子化学品 | 300429 | 强力新材 | 47.5  |  47.5  | 0.7  |   2.3   |   2.2   |
| 电子化学品 | 300236 | 上海新阳 | 99.0  | -181.9 | 0.3  |  -2.1   |   4.3   |
| 电子化学品 | 002643 | 万润股份 | 190.1 |  20.4  | 0.3  |   3.5   |  -0.1   |
| 电子化学品 | 300481 | 濮阳惠成 | 68.8  |  20.5  | 0.2  |   1.4   |   0.0   |
| 电子化学品 | 300054 | 鼎龙股份 | 178.8 |  62.6  | -0.2 |   0.2   |  -2.2   |
| 电子化学品 | 603931 |  格林达  | 38.8  |  24.6  | -1.2 |   0.3   |  -0.4   |
| 电子化学品 | 002741 | 光华科技 | 70.1  |  49.6  | -1.5 |   3.5   |   1.2   |
| 电子化学品 | 688359 | 三孚新科 | 35.1  | -147.4 | -1.5 |  -2.7   |  -0.5   |
| 电子化学品 | 300446 | 乐凯新材 | 24.6  | 387.5  | -1.6 |  -1.1   |  -4.6   |
| 电子化学品 | 002584 | 西陇科学 | 44.3  |  13.2  | -1.7 |  -0.8   |  -0.8   |
| 电子化学品 | 300655 | 晶瑞电材 | 99.5  |  77.8  | -1.9 |  -3.6   |  -1.3   |
| 电子化学品 | 688268 | 华特气体 | 82.3  |  52.5  | -2.0 |  -0.0   |  -3.9   |
| 电子化学品 | 300398 | 飞凯材料 | 115.7 |  20.9  | -2.1 |  -1.2   |   2.0   |
| 电子化学品 | 688106 | 金宏气体 | 92.0  |  59.2  | -2.3 |  -1.9   |  -4.1   |
| 电子化学品 | 688019 | 安集科技 | 155.7 |  98.3  | -2.7 |  -5.4   |  -2.5   |
| 电子化学品 | 688550 | 瑞联新材 | 66.8  |  20.9  | -3.9 |  -6.2   |  -11.0  |
+------------+--------+----------+-------+--------+------+---------+---------+
