[行业>市值]
+----------+--------+----------+-------+--------+------+---------+---------+
|   行业   |  代码  |   名称   | 市值  |   pe   | 涨幅 | 3日涨幅 | 6日涨幅 |
+----------+--------+----------+-------+--------+------+---------+---------+
| 电源设备 | 601727 | 上海电气 | 646.6 | 1278.8 | -0.2 |   2.2   |   1.5   |
| 电源设备 | 600875 | 东方电气 | 531.8 |  14.4  | -0.1 |   6.9   |   9.7   |
| 电源设备 | 300376 |  易事特  | 177.1 |  44.9  | -1.4 |   2.5   |  -0.3   |
| 电源设备 | 002518 |  科士达  | 163.6 |  75.3  | -5.1 |   3.1   |  13.5   |
| 电源设备 | 300593 |  新雷能  | 144.1 |  41.5  | -2.8 |   0.9   |  -3.2   |
| 电源设备 | 002851 | 麦格米特 | 126.6 |  43.1  | -2.0 |   5.7   |  12.5   |
| 电源设备 | 002335 | 科华数据 | 125.6 |  32.0  | -3.3 |   5.2   |   3.9   |
| 电源设备 | 002534 | 西子洁能 | 117.2 |  72.9  | 1.7  |   9.8   |  10.4   |
| 电源设备 | 300820 | 英杰电气 | 95.8  |  44.4  | -3.2 |   0.7   |   0.1   |
| 电源设备 | 002665 | 首航高科 | 78.7  | -36.5  | -1.3 |   0.7   |  -0.3   |
| 电源设备 | 600475 | 华光环能 | 76.5  |  9.2   | -0.2 |   0.9   |  -0.4   |
| 电源设备 | 300693 | 盛弘股份 | 56.6  |  61.6  | -3.6 |   4.8   |   7.6   |
| 电源设备 | 300870 |  欧陆通  | 47.2  | -40.1  | -1.4 |  11.3   |   9.1   |
| 电源设备 | 002255 | 海陆重工 | 43.3  |  33.2  | -2.6 |   0.0   |  -5.3   |
| 电源设备 | 002364 | 中恒电气 | 41.6  | 182.9  | -1.5 |   2.4   |  -0.8   |
| 电源设备 | 002630 | 华西能源 | 37.3  |  -6.0  | -3.7 |  -8.4   |  -28.2  |
| 电源设备 | 002227 | 奥 特 迅 | 34.7  | -100.4 | -4.2 |   5.7   |   1.4   |
| 电源设备 | 002366 | *ST海核  | 34.1  | -27.6  | -2.5 |  -1.5   |  -7.5   |
| 电源设备 | 688551 |  科威尔  | 31.7  | 106.2  | -4.0 |   1.7   |  -0.9   |
| 电源设备 | 600405 |  动力源  | 31.2  | -40.7  | -2.3 |   3.7   |   1.3   |
| 电源设备 | 300105 | 龙源技术 | 30.8  | -105.2 | -3.0 |   1.7   |   1.6   |
| 电源设备 | 300153 | 科泰电源 | 27.4  | 146.1  | -1.9 |   4.3   |   1.7   |
| 电源设备 | 300491 | 通合科技 | 23.7  | -71.6  | -2.9 |  -0.1   |  -5.1   |
| 电源设备 | 300713 |  英可瑞  | 22.3  | 335.1  | -1.3 |   5.5   |   1.1   |
| 电源设备 | 600202 |  哈空调  | 20.2  |  85.7  | -3.1 |  -4.5   |  -4.5   |
+----------+--------+----------+-------+--------+------+---------+---------+
 




 [行业>单日涨幅]
+----------+--------+----------+-------+--------+------+---------+---------+
|   行业   |  代码  |   名称   | 市值  |   pe   | 涨幅 | 3日涨幅 | 6日涨幅 |
+----------+--------+----------+-------+--------+------+---------+---------+
| 电源设备 | 002534 | 西子洁能 | 117.2 |  72.9  | 1.7  |   9.8   |  10.4   |
| 电源设备 | 600875 | 东方电气 | 531.8 |  14.4  | -0.1 |   6.9   |   9.7   |
| 电源设备 | 601727 | 上海电气 | 646.6 | 1278.8 | -0.2 |   2.2   |   1.5   |
| 电源设备 | 600475 | 华光环能 | 76.5  |  9.2   | -0.2 |   0.9   |  -0.4   |
| 电源设备 | 002665 | 首航高科 | 78.7  | -36.5  | -1.3 |   0.7   |  -0.3   |
| 电源设备 | 300713 |  英可瑞  | 22.3  | 335.1  | -1.3 |   5.5   |   1.1   |
| 电源设备 | 300376 |  易事特  | 177.1 |  44.9  | -1.4 |   2.5   |  -0.3   |
| 电源设备 | 300870 |  欧陆通  | 47.2  | -40.1  | -1.4 |  11.3   |   9.1   |
| 电源设备 | 002364 | 中恒电气 | 41.6  | 182.9  | -1.5 |   2.4   |  -0.8   |
| 电源设备 | 300153 | 科泰电源 | 27.4  | 146.1  | -1.9 |   4.3   |   1.7   |
| 电源设备 | 002851 | 麦格米特 | 126.6 |  43.1  | -2.0 |   5.7   |  12.5   |
| 电源设备 | 600405 |  动力源  | 31.2  | -40.7  | -2.3 |   3.7   |   1.3   |
| 电源设备 | 002366 | *ST海核  | 34.1  | -27.6  | -2.5 |  -1.5   |  -7.5   |
| 电源设备 | 002255 | 海陆重工 | 43.3  |  33.2  | -2.6 |   0.0   |  -5.3   |
| 电源设备 | 300593 |  新雷能  | 144.1 |  41.5  | -2.8 |   0.9   |  -3.2   |
| 电源设备 | 300491 | 通合科技 | 23.7  | -71.6  | -2.9 |  -0.1   |  -5.1   |
| 电源设备 | 300105 | 龙源技术 | 30.8  | -105.2 | -3.0 |   1.7   |   1.6   |
| 电源设备 | 600202 |  哈空调  | 20.2  |  85.7  | -3.1 |  -4.5   |  -4.5   |
| 电源设备 | 300820 | 英杰电气 | 95.8  |  44.4  | -3.2 |   0.7   |   0.1   |
| 电源设备 | 002335 | 科华数据 | 125.6 |  32.0  | -3.3 |   5.2   |   3.9   |
| 电源设备 | 300693 | 盛弘股份 | 56.6  |  61.6  | -3.6 |   4.8   |   7.6   |
| 电源设备 | 002630 | 华西能源 | 37.3  |  -6.0  | -3.7 |  -8.4   |  -28.2  |
| 电源设备 | 688551 |  科威尔  | 31.7  | 106.2  | -4.0 |   1.7   |  -0.9   |
| 电源设备 | 002227 | 奥 特 迅 | 34.7  | -100.4 | -4.2 |   5.7   |   1.4   |
| 电源设备 | 002518 |  科士达  | 163.6 |  75.3  | -5.1 |   3.1   |  13.5   |
+----------+--------+----------+-------+--------+------+---------+---------+
