[行业>市值]
+------+--------+----------+-------+-------+------+---------+---------+
| 行业 |  代码  |   名称   | 市值  |  pe   | 涨幅 | 3日涨幅 | 6日涨幅 |
+------+--------+----------+-------+-------+------+---------+---------+
| 电机 | 002176 | 江特电机 | 435.3 | 16.4  | -2.9 |   8.7   |   6.3   |
| 电机 | 603489 | 八方股份 | 242.5 | 33.8  | -2.5 |  -2.1   |   1.4   |
| 电机 | 600580 | 卧龙电驱 | 178.2 | 22.5  | -1.1 |   2.6   |   4.2   |
| 电机 | 002249 | 大洋电机 | 146.0 | 24.9  | -0.3 |   5.1   |   4.6   |
| 电机 | 300660 | 江苏雷利 | 88.4  | 31.9  | 20.0 |  72.8   |  72.8   |
| 电机 | 003021 | 兆威机电 | 82.7  | 91.1  | -2.2 |   6.3   |  21.6   |
| 电机 | 603728 | 鸣志电器 | 76.3  | 48.7  | 10.0 |  23.6   |  21.8   |
| 电机 | 002801 | 微光股份 | 64.3  | 20.8  | 3.1  |   5.4   |   1.1   |
| 电机 | 000922 | 佳电股份 | 49.2  | 16.3  | -2.5 |   4.0   |  -2.8   |
| 电机 | 002196 | 方正电机 | 47.9  | 200.7 | -2.6 |  -0.3   |   3.8   |
| 电机 | 002892 |  科力尔  | 42.4  | 66.4  | 6.3  |  15.3   |  18.1   |
| 电机 | 603819 | 神力股份 | 40.4  | 35.2  | -2.0 |   2.4   |  10.9   |
| 电机 | 002823 | 凯中精密 | 28.6  | 35.7  | 0.1  |   7.9   |   8.9   |
| 电机 | 603988 | 中电电机 | 25.7  | 47.8  | -2.9 |   3.2   |   2.8   |
| 电机 | 301226 | 祥明智能 | 24.8  | 41.1  | 2.3  |   9.2   |   1.7   |
| 电机 | 301023 | 江南奕帆 | 23.7  | 29.1  | 4.9  |   9.5   |   8.0   |
| 电机 | 002576 | 通达动力 | 22.6  | 55.9  | -6.7 |  12.9   |  13.1   |
| 电机 | 300907 | 康平科技 | 19.8  | 96.0  | 1.1  |   5.8   |   5.4   |
| 电机 | 688395 | 正弦电气 | 17.9  | 31.3  | 6.2  |   6.4   |   5.5   |
| 电机 | 300626 | 华瑞股份 | 16.9  | 65.9  | 6.6  |  10.2   |   8.3   |
| 电机 | 603320 | 迪贝电气 | 15.5  | 31.9  | 0.4  |   1.9   |   2.5   |
+------+--------+----------+-------+-------+------+---------+---------+
 




 [行业>单日涨幅]
+------+--------+----------+-------+-------+------+---------+---------+
| 行业 |  代码  |   名称   | 市值  |  pe   | 涨幅 | 3日涨幅 | 6日涨幅 |
+------+--------+----------+-------+-------+------+---------+---------+
| 电机 | 300660 | 江苏雷利 | 88.4  | 31.9  | 20.0 |  72.8   |  72.8   |
| 电机 | 603728 | 鸣志电器 | 76.3  | 48.7  | 10.0 |  23.6   |  21.8   |
| 电机 | 300626 | 华瑞股份 | 16.9  | 65.9  | 6.6  |  10.2   |   8.3   |
| 电机 | 002892 |  科力尔  | 42.4  | 66.4  | 6.3  |  15.3   |  18.1   |
| 电机 | 688395 | 正弦电气 | 17.9  | 31.3  | 6.2  |   6.4   |   5.5   |
| 电机 | 301023 | 江南奕帆 | 23.7  | 29.1  | 4.9  |   9.5   |   8.0   |
| 电机 | 002801 | 微光股份 | 64.3  | 20.8  | 3.1  |   5.4   |   1.1   |
| 电机 | 301226 | 祥明智能 | 24.8  | 41.1  | 2.3  |   9.2   |   1.7   |
| 电机 | 300907 | 康平科技 | 19.8  | 96.0  | 1.1  |   5.8   |   5.4   |
| 电机 | 603320 | 迪贝电气 | 15.5  | 31.9  | 0.4  |   1.9   |   2.5   |
| 电机 | 002823 | 凯中精密 | 28.6  | 35.7  | 0.1  |   7.9   |   8.9   |
| 电机 | 002249 | 大洋电机 | 146.0 | 24.9  | -0.3 |   5.1   |   4.6   |
| 电机 | 600580 | 卧龙电驱 | 178.2 | 22.5  | -1.1 |   2.6   |   4.2   |
| 电机 | 603819 | 神力股份 | 40.4  | 35.2  | -2.0 |   2.4   |  10.9   |
| 电机 | 003021 | 兆威机电 | 82.7  | 91.1  | -2.2 |   6.3   |  21.6   |
| 电机 | 000922 | 佳电股份 | 49.2  | 16.3  | -2.5 |   4.0   |  -2.8   |
| 电机 | 603489 | 八方股份 | 242.5 | 33.8  | -2.5 |  -2.1   |   1.4   |
| 电机 | 002196 | 方正电机 | 47.9  | 200.7 | -2.6 |  -0.3   |   3.8   |
| 电机 | 603988 | 中电电机 | 25.7  | 47.8  | -2.9 |   3.2   |   2.8   |
| 电机 | 002176 | 江特电机 | 435.3 | 16.4  | -2.9 |   8.7   |   6.3   |
| 电机 | 002576 | 通达动力 | 22.6  | 55.9  | -6.7 |  12.9   |  13.1   |
+------+--------+----------+-------+-------+------+---------+---------+
