[行业>市值]
+----------+--------+----------+--------+-------+------+---------+---------+
|   行业   |  代码  |   名称   |  市值  |  pe   | 涨幅 | 3日涨幅 | 6日涨幅 |
+----------+--------+----------+--------+-------+------+---------+---------+
| 石油行业 | 601857 | 中国石油 | 9956.0 |  6.4  | -0.2 |  -8.1   |  -7.6   |
| 石油行业 | 600938 | 中国海油 | 8241.0 |  6.0  | 1.2  |  -7.0   |  -11.8  |
| 石油行业 | 600028 | 中国石化 | 4928.0 |  5.5  | 0.0  |  -1.7   |  -2.4   |
| 石油行业 | 600256 | 广汇能源 | 646.7  |  7.3  | 5.2  |  -4.1   |  -14.3  |
| 石油行业 | 600688 | 上海石化 | 350.7  | 41.1  | -0.9 |  -3.3   |  -3.3   |
| 石油行业 | 600777 | 新潮能源 | 172.1  |  8.2  | -0.8 |  -11.5  |  -18.4  |
| 石油行业 | 002221 | 东华能源 | 146.1  | 34.2  | 1.3  |   4.5   |   5.7   |
| 石油行业 | 000059 | 华锦股份 |  97.2  |  8.6  | -1.1 |  -3.1   |  -7.1   |
| 石油行业 | 600759 |  ST洲际  |  55.7  | 17.9  | -2.4 |  -6.8   |  -9.9   |
| 石油行业 | 000096 | 广聚能源 |  52.8  | 140.6 | -1.8 |  -5.4   |  -14.1  |
| 石油行业 | 000819 | 岳阳兴长 |  41.0  | 87.0  | -4.7 |  -13.4  |  -9.6   |
| 石油行业 | 000698 | 沈阳化工 |  36.1  | -7.9  | -1.4 |  -2.0   |  -2.6   |
| 石油行业 | 603353 | 和顺石油 |  34.9  | 42.3  | 0.1  |  -1.1   |   1.9   |
| 石油行业 | 600387 |  ST海越  |  29.6  | 43.3  | -1.7 |   1.4   |   0.5   |
| 石油行业 | 000159 | 国际实业 |  28.3  | 33.6  | -1.0 |  -2.0   |   0.2   |
| 石油行业 | 000554 | 泰山石油 |  26.1  | 229.8 | -0.2 |  -9.8   |  -8.9   |
| 石油行业 | 000637 | 茂化实华 |  25.1  | -83.3 | -1.8 |   2.5   |   1.9   |
| 石油行业 | 300839 | 博汇股份 |  23.4  | 28.8  | -2.7 |  -3.3   |  -5.7   |
| 石油行业 | 603798 |  康普顿  |  20.1  | 16.4  | -0.9 |   0.5   |  -1.0   |
| 石油行业 | 002778 | 中晟高科 |  16.3  | 367.4 | -0.8 |  -1.1   |  -3.3   |
| 石油行业 | 300023 |  宝德退  |  4.6   | 20.7  | 15.0 |  20.7   |  21.7   |
+----------+--------+----------+--------+-------+------+---------+---------+
 




 [行业>单日涨幅]
+----------+--------+----------+--------+-------+------+---------+---------+
|   行业   |  代码  |   名称   |  市值  |  pe   | 涨幅 | 3日涨幅 | 6日涨幅 |
+----------+--------+----------+--------+-------+------+---------+---------+
| 石油行业 | 300023 |  宝德退  |  4.6   | 20.7  | 15.0 |  20.7   |  21.7   |
| 石油行业 | 600256 | 广汇能源 | 646.7  |  7.3  | 5.2  |  -4.1   |  -14.3  |
| 石油行业 | 002221 | 东华能源 | 146.1  | 34.2  | 1.3  |   4.5   |   5.7   |
| 石油行业 | 600938 | 中国海油 | 8241.0 |  6.0  | 1.2  |  -7.0   |  -11.8  |
| 石油行业 | 603353 | 和顺石油 |  34.9  | 42.3  | 0.1  |  -1.1   |   1.9   |
| 石油行业 | 600028 | 中国石化 | 4928.0 |  5.5  | 0.0  |  -1.7   |  -2.4   |
| 石油行业 | 601857 | 中国石油 | 9956.0 |  6.4  | -0.2 |  -8.1   |  -7.6   |
| 石油行业 | 000554 | 泰山石油 |  26.1  | 229.8 | -0.2 |  -9.8   |  -8.9   |
| 石油行业 | 600777 | 新潮能源 | 172.1  |  8.2  | -0.8 |  -11.5  |  -18.4  |
| 石油行业 | 002778 | 中晟高科 |  16.3  | 367.4 | -0.8 |  -1.1   |  -3.3   |
| 石油行业 | 603798 |  康普顿  |  20.1  | 16.4  | -0.9 |   0.5   |  -1.0   |
| 石油行业 | 600688 | 上海石化 | 350.7  | 41.1  | -0.9 |  -3.3   |  -3.3   |
| 石油行业 | 000159 | 国际实业 |  28.3  | 33.6  | -1.0 |  -2.0   |   0.2   |
| 石油行业 | 000059 | 华锦股份 |  97.2  |  8.6  | -1.1 |  -3.1   |  -7.1   |
| 石油行业 | 000698 | 沈阳化工 |  36.1  | -7.9  | -1.4 |  -2.0   |  -2.6   |
| 石油行业 | 600387 |  ST海越  |  29.6  | 43.3  | -1.7 |   1.4   |   0.5   |
| 石油行业 | 000096 | 广聚能源 |  52.8  | 140.6 | -1.8 |  -5.4   |  -14.1  |
| 石油行业 | 000637 | 茂化实华 |  25.1  | -83.3 | -1.8 |   2.5   |   1.9   |
| 石油行业 | 600759 |  ST洲际  |  55.7  | 17.9  | -2.4 |  -6.8   |  -9.9   |
| 石油行业 | 300839 | 博汇股份 |  23.4  | 28.8  | -2.7 |  -3.3   |  -5.7   |
| 石油行业 | 000819 | 岳阳兴长 |  41.0  | 87.0  | -4.7 |  -13.4  |  -9.6   |
+----------+--------+----------+--------+-------+------+---------+---------+
