[行业>市值]
+----------+--------+----------+-------+--------+------+---------+---------+
|   行业   |  代码  |   名称   | 市值  |   pe   | 涨幅 | 3日涨幅 | 6日涨幅 |
+----------+--------+----------+-------+--------+------+---------+---------+
| 综合行业 | 000009 | 中国宝安 | 372.2 |  56.4  | -5.1 |   3.2   |   2.5   |
| 综合行业 | 600673 |  东阳光  | 261.9 |  22.8  | -4.1 |   1.1   |   1.3   |
| 综合行业 | 000958 | 电投产融 | 256.8 |  21.1  | -0.6 |  -0.8   |  -0.8   |
| 综合行业 | 600770 | 综艺股份 | 103.2 | -17.6  | 0.8  |   0.6   |   1.7   |
| 综合行业 | 000158 | 常山北明 | 96.7  | -28.0  | -1.0 |  -0.7   |  -1.6   |
| 综合行业 | 000839 |  ST国安  | 79.6  | -13.6  | -1.0 |  -3.8   |  -2.4   |
| 综合行业 | 000861 | 海印股份 | 67.1  |  16.5  | -1.1 |  -3.3   |  -7.6   |
| 综合行业 | 002758 | 浙农股份 | 65.9  |  11.8  | -2.2 |  -4.5   |  -7.6   |
| 综合行业 | 000833 | 粤桂股份 | 59.8  |  42.0  | 1.0  |  -4.1   |  -25.0  |
| 综合行业 | 000652 | 泰达股份 | 57.2  | 369.1  | 1.3  |   0.5   |   1.8   |
| 综合行业 | 000803 | 北清环能 | 56.1  |  34.8  | -2.8 |   1.2   |  -2.7   |
| 综合行业 | 000576 | 甘化科工 | 50.0  |  49.6  | -1.9 |  -4.6   |  -6.9   |
| 综合行业 | 000909 | 数源科技 | 47.8  | 245.4  | 0.9  |  -10.6  |  -25.2  |
| 综合行业 | 600624 | 复旦复华 | 47.8  | 207.5  | -2.8 |  -1.1   |  -2.8   |
| 综合行业 | 600784 | 鲁银投资 | 46.5  |  19.9  | -0.7 |   0.9   |  -2.8   |
| 综合行业 | 600805 | 悦达投资 | 42.6  |  12.7  | -2.1 |  -1.4   |  -1.8   |
| 综合行业 | 000532 | 华金资本 | 42.0  |  75.1  | 2.5  |   0.8   |   8.3   |
| 综合行业 | 600568 |  ST中珠  | 33.5  | -203.8 | 1.2  |   3.1   |   5.7   |
| 综合行业 | 600113 | 浙江东日 | 29.6  |  16.2  | -1.0 |  -2.4   |  -1.2   |
| 综合行业 | 000409 | 云鼎科技 | 28.1  | 270.3  | -0.7 |  -0.7   |  -2.3   |
| 综合行业 | 600051 | 宁波联合 | 20.3  | -91.2  | 0.0  |  -0.8   |   0.3   |
| 综合行业 | 000632 | 三木集团 | 19.7  |  78.2  | 1.4  |   4.4   |   5.0   |
| 综合行业 | 002591 | 恒大高新 | 15.2  | -139.4 | -0.4 |  -0.2   |  -1.2   |
+----------+--------+----------+-------+--------+------+---------+---------+
 




 [行业>单日涨幅]
+----------+--------+----------+-------+--------+------+---------+---------+
|   行业   |  代码  |   名称   | 市值  |   pe   | 涨幅 | 3日涨幅 | 6日涨幅 |
+----------+--------+----------+-------+--------+------+---------+---------+
| 综合行业 | 000532 | 华金资本 | 42.0  |  75.1  | 2.5  |   0.8   |   8.3   |
| 综合行业 | 000632 | 三木集团 | 19.7  |  78.2  | 1.4  |   4.4   |   5.0   |
| 综合行业 | 000652 | 泰达股份 | 57.2  | 369.1  | 1.3  |   0.5   |   1.8   |
| 综合行业 | 600568 |  ST中珠  | 33.5  | -203.8 | 1.2  |   3.1   |   5.7   |
| 综合行业 | 000833 | 粤桂股份 | 59.8  |  42.0  | 1.0  |  -4.1   |  -25.0  |
| 综合行业 | 000909 | 数源科技 | 47.8  | 245.4  | 0.9  |  -10.6  |  -25.2  |
| 综合行业 | 600770 | 综艺股份 | 103.2 | -17.6  | 0.8  |   0.6   |   1.7   |
| 综合行业 | 600051 | 宁波联合 | 20.3  | -91.2  | 0.0  |  -0.8   |   0.3   |
| 综合行业 | 002591 | 恒大高新 | 15.2  | -139.4 | -0.4 |  -0.2   |  -1.2   |
| 综合行业 | 000958 | 电投产融 | 256.8 |  21.1  | -0.6 |  -0.8   |  -0.8   |
| 综合行业 | 600784 | 鲁银投资 | 46.5  |  19.9  | -0.7 |   0.9   |  -2.8   |
| 综合行业 | 000409 | 云鼎科技 | 28.1  | 270.3  | -0.7 |  -0.7   |  -2.3   |
| 综合行业 | 600113 | 浙江东日 | 29.6  |  16.2  | -1.0 |  -2.4   |  -1.2   |
| 综合行业 | 000158 | 常山北明 | 96.7  | -28.0  | -1.0 |  -0.7   |  -1.6   |
| 综合行业 | 000839 |  ST国安  | 79.6  | -13.6  | -1.0 |  -3.8   |  -2.4   |
| 综合行业 | 000861 | 海印股份 | 67.1  |  16.5  | -1.1 |  -3.3   |  -7.6   |
| 综合行业 | 000576 | 甘化科工 | 50.0  |  49.6  | -1.9 |  -4.6   |  -6.9   |
| 综合行业 | 600805 | 悦达投资 | 42.6  |  12.7  | -2.1 |  -1.4   |  -1.8   |
| 综合行业 | 002758 | 浙农股份 | 65.9  |  11.8  | -2.2 |  -4.5   |  -7.6   |
| 综合行业 | 600624 | 复旦复华 | 47.8  | 207.5  | -2.8 |  -1.1   |  -2.8   |
| 综合行业 | 000803 | 北清环能 | 56.1  |  34.8  | -2.8 |   1.2   |  -2.7   |
| 综合行业 | 600673 |  东阳光  | 261.9 |  22.8  | -4.1 |   1.1   |   1.3   |
| 综合行业 | 000009 | 中国宝安 | 372.2 |  56.4  | -5.1 |   3.2   |   2.5   |
+----------+--------+----------+-------+--------+------+---------+---------+
