[行业>市值]
+----------+--------+----------+--------+----------+------+---------+---------+
|   行业   |  代码  |   名称   |  市值  |    pe    | 涨幅 | 3日涨幅 | 6日涨幅 |
+----------+--------+----------+--------+----------+------+---------+---------+
| 美容护理 | 300896 |  爱美客  | 1218.0 |  108.7   | -1.0 |   5.1   |   8.9   |
| 美容护理 | 300957 |  贝泰妮  | 887.7  |  152.0   | -1.6 |   0.7   |   6.4   |
| 美容护理 | 688363 | 华熙生物 | 709.7  |   88.8   | -1.1 |   2.9   |   4.7   |
| 美容护理 | 603605 |  珀莱雅  | 439.3  |   69.3   | -0.3 |  -2.4   |  -2.5   |
| 美容护理 | 300888 | 稳健医疗 | 269.2  |   18.9   | -1.4 |  -1.1   |  -2.5   |
| 美容护理 | 600315 | 上海家化 | 255.8  |   32.1   | -2.5 |   0.7   |   8.1   |
| 美容护理 | 002511 | 中顺洁柔 | 156.8  |   29.4   | -1.7 |   1.1   |   4.3   |
| 美容护理 | 002243 | 力合科创 | 122.3  |   87.8   | 4.0  |   4.5   |   6.2   |
| 美容护理 | 603983 | 丸美股份 | 105.1  |   40.1   | -5.0 |   2.5   |  16.1   |
| 美容护理 | 300856 | 科思股份 |  70.9  |   30.6   | -0.8 |   3.2   |   5.6   |
| 美容护理 | 000523 | 广州浪奇 |  63.0  |  -122.7  | -1.3 |  -5.8   |  -10.9  |
| 美容护理 | 605009 | 豪悦护理 |  60.0  |   27.3   | -0.9 |  -0.8   |   1.2   |
| 美容护理 | 000615 | 奥园美谷 |  55.3  |  -35.6   | -1.1 |  -0.3   |   0.7   |
| 美容护理 | 003006 | 百亚股份 |  52.6  |   23.7   | 0.2  |   0.7   |   8.1   |
| 美容护理 | 300740 | 水羊股份 |  52.4  |   31.5   | -3.0 |   0.0   |   3.5   |
| 美容护理 | 300132 | 青松股份 |  35.2  |  -14.4   | -4.8 |   8.1   |  11.8   |
| 美容护理 | 301009 | 可靠股份 |  34.9  |  445.8   | -0.8 |  -1.2   |   1.1   |
| 美容护理 | 603630 | 拉芳家化 |  31.9  |  -311.7  | -1.2 |  -3.0   |   1.9   |
| 美容护理 | 002919 | 名臣健康 |  30.1  |  459.0   | -0.6 |   1.0   |  -0.6   |
| 美容护理 | 001206 | 依依股份 |  29.1  |   39.6   | -0.7 |  -0.8   |   2.0   |
| 美容护理 | 600249 |  两面针  |  28.1  |  -23.7   | 0.0  |  -0.8   |   0.0   |
| 美容护理 | 002094 | 青岛金王 |  26.8  |   50.8   | -9.1 |  -14.5  |  13.8   |
| 美容护理 | 300955 | 嘉亨家化 |  24.3  |   36.3   | -1.7 |   1.9   |   4.9   |
| 美容护理 | 300886 | 华业香料 |  22.1  |   79.5   | -0.6 |  -1.1   |  -5.3   |
| 美容护理 | 300658 | 延江股份 |  19.7  |   73.7   | -0.3 |  -0.2   |   0.2   |
| 美容护理 | 603238 | 诺邦股份 |  18.5  |   60.7   | -0.1 |   2.4   |   1.1   |
| 美容护理 | 603059 |  倍加洁  |  18.2  | -12060.0 | 0.1  |   0.8   |   0.3   |
| 美容护理 | 300849 | 锦盛新材 |  17.7  |  199.4   | -0.8 |   0.6   |  -1.2   |
+----------+--------+----------+--------+----------+------+---------+---------+
 




 [行业>单日涨幅]
+----------+--------+----------+--------+----------+------+---------+---------+
|   行业   |  代码  |   名称   |  市值  |    pe    | 涨幅 | 3日涨幅 | 6日涨幅 |
+----------+--------+----------+--------+----------+------+---------+---------+
| 美容护理 | 002243 | 力合科创 | 122.3  |   87.8   | 4.0  |   4.5   |   6.2   |
| 美容护理 | 003006 | 百亚股份 |  52.6  |   23.7   | 0.2  |   0.7   |   8.1   |
| 美容护理 | 603059 |  倍加洁  |  18.2  | -12060.0 | 0.1  |   0.8   |   0.3   |
| 美容护理 | 600249 |  两面针  |  28.1  |  -23.7   | 0.0  |  -0.8   |   0.0   |
| 美容护理 | 603238 | 诺邦股份 |  18.5  |   60.7   | -0.1 |   2.4   |   1.1   |
| 美容护理 | 603605 |  珀莱雅  | 439.3  |   69.3   | -0.3 |  -2.4   |  -2.5   |
| 美容护理 | 300658 | 延江股份 |  19.7  |   73.7   | -0.3 |  -0.2   |   0.2   |
| 美容护理 | 300886 | 华业香料 |  22.1  |   79.5   | -0.6 |  -1.1   |  -5.3   |
| 美容护理 | 002919 | 名臣健康 |  30.1  |  459.0   | -0.6 |   1.0   |  -0.6   |
| 美容护理 | 001206 | 依依股份 |  29.1  |   39.6   | -0.7 |  -0.8   |   2.0   |
| 美容护理 | 300849 | 锦盛新材 |  17.7  |  199.4   | -0.8 |   0.6   |  -1.2   |
| 美容护理 | 300856 | 科思股份 |  70.9  |   30.6   | -0.8 |   3.2   |   5.6   |
| 美容护理 | 301009 | 可靠股份 |  34.9  |  445.8   | -0.8 |  -1.2   |   1.1   |
| 美容护理 | 605009 | 豪悦护理 |  60.0  |   27.3   | -0.9 |  -0.8   |   1.2   |
| 美容护理 | 300896 |  爱美客  | 1218.0 |  108.7   | -1.0 |   5.1   |   8.9   |
| 美容护理 | 688363 | 华熙生物 | 709.7  |   88.8   | -1.1 |   2.9   |   4.7   |
| 美容护理 | 000615 | 奥园美谷 |  55.3  |  -35.6   | -1.1 |  -0.3   |   0.7   |
| 美容护理 | 603630 | 拉芳家化 |  31.9  |  -311.7  | -1.2 |  -3.0   |   1.9   |
| 美容护理 | 000523 | 广州浪奇 |  63.0  |  -122.7  | -1.3 |  -5.8   |  -10.9  |
| 美容护理 | 300888 | 稳健医疗 | 269.2  |   18.9   | -1.4 |  -1.1   |  -2.5   |
| 美容护理 | 300957 |  贝泰妮  | 887.7  |  152.0   | -1.6 |   0.7   |   6.4   |
| 美容护理 | 300955 | 嘉亨家化 |  24.3  |   36.3   | -1.7 |   1.9   |   4.9   |
| 美容护理 | 002511 | 中顺洁柔 | 156.8  |   29.4   | -1.7 |   1.1   |   4.3   |
| 美容护理 | 600315 | 上海家化 | 255.8  |   32.1   | -2.5 |   0.7   |   8.1   |
| 美容护理 | 300740 | 水羊股份 |  52.4  |   31.5   | -3.0 |   0.0   |   3.5   |
| 美容护理 | 300132 | 青松股份 |  35.2  |  -14.4   | -4.8 |   8.1   |  11.8   |
| 美容护理 | 603983 | 丸美股份 | 105.1  |   40.1   | -5.0 |   2.5   |  16.1   |
| 美容护理 | 002094 | 青岛金王 |  26.8  |   50.8   | -9.1 |  -14.5  |  13.8   |
+----------+--------+----------+--------+----------+------+---------+---------+
