[行业>市值]
+----------+--------+----------+-------+--------+------+---------+---------+
|   行业   |  代码  |   名称   | 市值  |   pe   | 涨幅 | 3日涨幅 | 6日涨幅 |
+----------+--------+----------+-------+--------+------+---------+---------+
| 铁路公路 | 001965 | 招商公路 | 483.1 |  11.1  | -1.3 |  -1.4   |   0.3   |
| 铁路公路 | 600377 | 宁沪高速 | 426.2 |  13.4  | 0.9  |   2.8   |   2.8   |
| 铁路公路 | 600350 | 山东高速 | 253.1 |  8.8   | -0.2 |  -1.1   |  -3.0   |
| 铁路公路 | 600548 |  深高速  | 204.8 |  12.4  | 0.2  |   1.0   |   1.2   |
| 铁路公路 | 000429 | 粤高速Ａ  | 170.4 |  9.9   | -0.6 |  -0.6   |  -0.7   |
| 铁路公路 | 600662 | 外服控股 | 143.8 |  20.8  | -2.5 |  -0.2   |   1.9   |
| 铁路公路 | 603032 | 德新交运 | 143.5 |  69.2  | -3.9 |  -6.8   |  -7.4   |
| 铁路公路 | 603069 | 海汽集团 | 127.6 | -195.7 | -1.1 |   7.1   |  29.5   |
| 铁路公路 | 601107 | 四川成渝 | 126.6 |  12.6  | 0.5  |   0.2   |  -0.5   |
| 铁路公路 | 600012 | 皖通高速 | 122.2 |  7.5   | -0.1 |  -1.1   |  -1.3   |
| 铁路公路 | 000828 | 东莞控股 | 104.5 |  15.3  | -0.1 |  -4.0   |   4.4   |
| 铁路公路 | 600269 | 赣粤高速 | 80.8  |  6.1   | 0.0  |  -1.4   |  -0.9   |
| 铁路公路 | 600033 | 福建高速 | 78.8  |  8.8   | 0.3  |   0.0   |   1.4   |
| 铁路公路 | 600611 | 大众交通 | 74.9  |  -7.2  | 0.0  |  -0.6   |   1.9   |
| 铁路公路 | 600020 | 中原高速 | 69.9  |  12.4  | 0.0  |   0.3   |   1.6   |
| 铁路公路 | 600650 | 锦江在线 | 68.8  |  3.0   | -5.9 |  -7.3   |  -1.2   |
| 铁路公路 | 000900 | 现代投资 | 66.8  |  10.4  | -1.1 |  -1.4   |   1.6   |
| 铁路公路 | 600620 | 天宸股份 | 62.6  | -64.5  | -0.4 |  -2.9   |  -1.5   |
| 铁路公路 | 000885 | 城发环境 | 58.5  |  6.5   | -0.1 |  -0.3   |   0.3   |
| 铁路公路 | 000755 | 山西路桥 | 58.2  |  15.1  | -0.5 |   1.0   |   0.2   |
| 铁路公路 | 600106 | XD重庆路 | 55.7  |  92.2  | 3.5  |   4.7   |   3.9   |
| 铁路公路 | 600035 | 楚天高速 | 51.7  |  5.2   | -0.6 |  -0.3   |  -0.6   |
| 铁路公路 | 600368 | 五洲交通 | 45.9  |  6.4   | -0.2 |  -0.2   |   1.2   |
| 铁路公路 | 002627 | 三峡旅游 | 42.7  |  74.9  | 0.0  |   2.5   |   4.5   |
| 铁路公路 | 601188 | 龙江交通 | 42.1  |  17.9  | -0.6 |   1.3   |   0.6   |
| 铁路公路 | 600834 | 申通地铁 | 41.8  |  57.4  | -0.3 |   0.9   |   1.5   |
| 铁路公路 | 601518 | 吉林高速 | 35.9  |  10.6  | 0.4  |  -1.5   |  -0.8   |
| 铁路公路 | 000548 | 湖南投资 | 23.1  |  70.3  | 2.0  |   1.8   |   2.0   |
| 铁路公路 | 002357 | 富临运业 | 17.0  |  9.3   | -0.4 |   1.1   |   3.0   |
| 铁路公路 | 600561 | 江西长运 | 14.7  | -22.9  | 1.0  |   0.6   |   1.4   |
+----------+--------+----------+-------+--------+------+---------+---------+
 




 [行业>单日涨幅]
+----------+--------+----------+-------+--------+------+---------+---------+
|   行业   |  代码  |   名称   | 市值  |   pe   | 涨幅 | 3日涨幅 | 6日涨幅 |
+----------+--------+----------+-------+--------+------+---------+---------+
| 铁路公路 | 600106 | XD重庆路 | 55.7  |  92.2  | 3.5  |   4.7   |   3.9   |
| 铁路公路 | 000548 | 湖南投资 | 23.1  |  70.3  | 2.0  |   1.8   |   2.0   |
| 铁路公路 | 600561 | 江西长运 | 14.7  | -22.9  | 1.0  |   0.6   |   1.4   |
| 铁路公路 | 600377 | 宁沪高速 | 426.2 |  13.4  | 0.9  |   2.8   |   2.8   |
| 铁路公路 | 601107 | 四川成渝 | 126.6 |  12.6  | 0.5  |   0.2   |  -0.5   |
| 铁路公路 | 601518 | 吉林高速 | 35.9  |  10.6  | 0.4  |  -1.5   |  -0.8   |
| 铁路公路 | 600033 | 福建高速 | 78.8  |  8.8   | 0.3  |   0.0   |   1.4   |
| 铁路公路 | 600548 |  深高速  | 204.8 |  12.4  | 0.2  |   1.0   |   1.2   |
| 铁路公路 | 600269 | 赣粤高速 | 80.8  |  6.1   | 0.0  |  -1.4   |  -0.9   |
| 铁路公路 | 600611 | 大众交通 | 74.9  |  -7.2  | 0.0  |  -0.6   |   1.9   |
| 铁路公路 | 600020 | 中原高速 | 69.9  |  12.4  | 0.0  |   0.3   |   1.6   |
| 铁路公路 | 002627 | 三峡旅游 | 42.7  |  74.9  | 0.0  |   2.5   |   4.5   |
| 铁路公路 | 000828 | 东莞控股 | 104.5 |  15.3  | -0.1 |  -4.0   |   4.4   |
| 铁路公路 | 000885 | 城发环境 | 58.5  |  6.5   | -0.1 |  -0.3   |   0.3   |
| 铁路公路 | 600012 | 皖通高速 | 122.2 |  7.5   | -0.1 |  -1.1   |  -1.3   |
| 铁路公路 | 600350 | 山东高速 | 253.1 |  8.8   | -0.2 |  -1.1   |  -3.0   |
| 铁路公路 | 600368 | 五洲交通 | 45.9  |  6.4   | -0.2 |  -0.2   |   1.2   |
| 铁路公路 | 600834 | 申通地铁 | 41.8  |  57.4  | -0.3 |   0.9   |   1.5   |
| 铁路公路 | 002357 | 富临运业 | 17.0  |  9.3   | -0.4 |   1.1   |   3.0   |
| 铁路公路 | 600620 | 天宸股份 | 62.6  | -64.5  | -0.4 |  -2.9   |  -1.5   |
| 铁路公路 | 000755 | 山西路桥 | 58.2  |  15.1  | -0.5 |   1.0   |   0.2   |
| 铁路公路 | 000429 | 粤高速Ａ  | 170.4 |  9.9   | -0.6 |  -0.6   |  -0.7   |
| 铁路公路 | 600035 | 楚天高速 | 51.7  |  5.2   | -0.6 |  -0.3   |  -0.6   |
| 铁路公路 | 601188 | 龙江交通 | 42.1  |  17.9  | -0.6 |   1.3   |   0.6   |
| 铁路公路 | 000900 | 现代投资 | 66.8  |  10.4  | -1.1 |  -1.4   |   1.6   |
| 铁路公路 | 603069 | 海汽集团 | 127.6 | -195.7 | -1.1 |   7.1   |  29.5   |
| 铁路公路 | 001965 | 招商公路 | 483.1 |  11.1  | -1.3 |  -1.4   |   0.3   |
| 铁路公路 | 600662 | 外服控股 | 143.8 |  20.8  | -2.5 |  -0.2   |   1.9   |
| 铁路公路 | 603032 | 德新交运 | 143.5 |  69.2  | -3.9 |  -6.8   |  -7.4   |
| 铁路公路 | 600650 | 锦江在线 | 68.8  |  3.0   | -5.9 |  -7.3   |  -1.2   |
+----------+--------+----------+-------+--------+------+---------+---------+
