[行业>市值]
+------------+--------+----------+--------+-------+------+---------+---------+
|    行业    |  代码  |   名称   |  市值  |  pe   | 涨幅 | 3日涨幅 | 6日涨幅 |
+------------+--------+----------+--------+-------+------+---------+---------+
| 非金属材料 | 603260 | 合盛硅业 | 1282.0 | 15.6  | -6.0 |  -3.2   |   4.5   |
| 非金属材料 | 603688 | 石英股份 | 402.5  | 115.2 | -6.6 |   7.2   |  -0.8   |
| 非金属材料 | 300861 | 美畅股份 | 376.8  | 33.1  | -2.4 |   1.4   |   0.1   |
| 非金属材料 | 603826 | 坤彩科技 | 296.9  | 278.2 | -1.1 |  -0.7   |  -3.9   |
| 非金属材料 | 600516 | 方大炭素 | 282.8  | 209.7 | -2.1 |   3.6   |   2.1   |
| 非金属材料 | 688281 | 华秦科技 | 257.6  | 108.6 | -1.7 |  -0.4   |  -1.8   |
| 非金属材料 | 300395 |  菲利华  | 210.6  | 58.3  | -2.6 |   0.2   |  -4.3   |
| 非金属材料 | 300035 | 中科电气 | 208.7  | 40.5  | -3.7 |  11.4   |   8.3   |
| 非金属材料 | 301071 | 力量钻石 | 202.5  | 50.1  | -5.6 |   2.0   |   8.9   |
| 非金属材料 | 300409 | 道氏技术 | 148.1  | 21.6  | -3.9 |   1.8   |   4.3   |
| 非金属材料 | 603612 | 索通发展 | 146.6  | 23.2  | -5.5 |   9.7   |  10.8   |
| 非金属材料 | 688733 |  壹石通  | 134.4  | 77.1  | -3.0 |   0.3   |  -1.4   |
| 非金属材料 | 600172 | 黄河旋风 | 131.4  | 114.4 | -1.2 |   1.0   |   7.6   |
| 非金属材料 | 600330 | 天通股份 | 115.1  | 26.2  | -2.8 |   4.4   |   8.2   |
| 非金属材料 | 600783 | 鲁信创投 | 105.9  | 53.9  | 5.1  |   2.7   |   7.9   |
| 非金属材料 | 688119 | 中钢洛耐 | 100.7  | 64.7  | 2.6  |  -1.3   |  -2.1   |
| 非金属材料 | 002130 | 沃尔核材 |  74.3  | 17.4  | 0.3  |   3.9   |   4.4   |
| 非金属材料 | 688357 | 建龙微纳 |  68.0  | 38.8  | -1.4 |   0.2   |  -1.9   |
| 非金属材料 | 688300 | 联瑞新材 |  63.5  | 37.2  | -4.7 |  -2.1   |  -6.4   |
| 非金属材料 | 001296 | 长江材料 |  25.9  | 45.1  | -0.5 |   2.2   |  -0.1   |
| 非金属材料 | 300064 |  金刚退  |  17.5  | -4.0  | 19.8 |  57.6   |  88.3   |
| 非金属材料 | 300743 | 天地数码 |  15.8  | 53.6  | 2.3  |   1.8   |   1.2   |
+------------+--------+----------+--------+-------+------+---------+---------+
 




 [行业>单日涨幅]
+------------+--------+----------+--------+-------+------+---------+---------+
|    行业    |  代码  |   名称   |  市值  |  pe   | 涨幅 | 3日涨幅 | 6日涨幅 |
+------------+--------+----------+--------+-------+------+---------+---------+
| 非金属材料 | 300064 |  金刚退  |  17.5  | -4.0  | 19.8 |  57.6   |  88.3   |
| 非金属材料 | 600783 | 鲁信创投 | 105.9  | 53.9  | 5.1  |   2.7   |   7.9   |
| 非金属材料 | 688119 | 中钢洛耐 | 100.7  | 64.7  | 2.6  |  -1.3   |  -2.1   |
| 非金属材料 | 300743 | 天地数码 |  15.8  | 53.6  | 2.3  |   1.8   |   1.2   |
| 非金属材料 | 002130 | 沃尔核材 |  74.3  | 17.4  | 0.3  |   3.9   |   4.4   |
| 非金属材料 | 001296 | 长江材料 |  25.9  | 45.1  | -0.5 |   2.2   |  -0.1   |
| 非金属材料 | 603826 | 坤彩科技 | 296.9  | 278.2 | -1.1 |  -0.7   |  -3.9   |
| 非金属材料 | 600172 | 黄河旋风 | 131.4  | 114.4 | -1.2 |   1.0   |   7.6   |
| 非金属材料 | 688357 | 建龙微纳 |  68.0  | 38.8  | -1.4 |   0.2   |  -1.9   |
| 非金属材料 | 688281 | 华秦科技 | 257.6  | 108.6 | -1.7 |  -0.4   |  -1.8   |
| 非金属材料 | 600516 | 方大炭素 | 282.8  | 209.7 | -2.1 |   3.6   |   2.1   |
| 非金属材料 | 300861 | 美畅股份 | 376.8  | 33.1  | -2.4 |   1.4   |   0.1   |
| 非金属材料 | 300395 |  菲利华  | 210.6  | 58.3  | -2.6 |   0.2   |  -4.3   |
| 非金属材料 | 600330 | 天通股份 | 115.1  | 26.2  | -2.8 |   4.4   |   8.2   |
| 非金属材料 | 688733 |  壹石通  | 134.4  | 77.1  | -3.0 |   0.3   |  -1.4   |
| 非金属材料 | 300035 | 中科电气 | 208.7  | 40.5  | -3.7 |  11.4   |   8.3   |
| 非金属材料 | 300409 | 道氏技术 | 148.1  | 21.6  | -3.9 |   1.8   |   4.3   |
| 非金属材料 | 688300 | 联瑞新材 |  63.5  | 37.2  | -4.7 |  -2.1   |  -6.4   |
| 非金属材料 | 603612 | 索通发展 | 146.6  | 23.2  | -5.5 |   9.7   |  10.8   |
| 非金属材料 | 301071 | 力量钻石 | 202.5  | 50.1  | -5.6 |   2.0   |   8.9   |
| 非金属材料 | 603260 | 合盛硅业 | 1282.0 | 15.6  | -6.0 |  -3.2   |   4.5   |
| 非金属材料 | 603688 | 石英股份 | 402.5  | 115.2 | -6.6 |   7.2   |  -0.8   |
+------------+--------+----------+--------+-------+------+---------+---------+
