[行业>市值]
+------+--------+----------+--------+------+------+---------+---------+
| 行业 |  代码  |   名称   |  市值  |  pe  | 涨幅 | 3日涨幅 | 6日涨幅 |
+------+--------+----------+--------+------+------+---------+---------+
| 保险 | 601628 | 中国人寿 | 8440.0 | 13.9 | -0.6 |  -1.0   |  -2.2   |
| 保险 | 601318 | 中国平安 | 8319.0 | 10.1 | 0.3  |  -0.2   |  -2.0   |
| 保险 | 601319 | 中国人保 | 2189.0 | 6.3  | 0.0  |   0.0   |  -1.6   |
| 保险 | 601601 | 中国太保 | 2102.0 | 9.7  | 0.7  |  -0.7   |  -2.2   |
| 保险 | 601336 | 新华保险 | 962.4  | 17.9 | 0.5  |  -1.7   |  -2.5   |
| 保险 | 000627 | 天茂集团 | 169.5  | 28.8 | 1.5  |   1.2   |   1.5   |
+------+--------+----------+--------+------+------+---------+---------+
 




 [行业>单日涨幅]
+------+--------+----------+--------+------+------+---------+---------+
| 行业 |  代码  |   名称   |  市值  |  pe  | 涨幅 | 3日涨幅 | 6日涨幅 |
+------+--------+----------+--------+------+------+---------+---------+
| 保险 | 000627 | 天茂集团 | 169.5  | 28.8 | 1.5  |   1.2   |   1.5   |
| 保险 | 601601 | 中国太保 | 2102.0 | 9.7  | 0.7  |  -0.7   |  -2.2   |
| 保险 | 601336 | 新华保险 | 962.4  | 17.9 | 0.5  |  -1.7   |  -2.5   |
| 保险 | 601318 | 中国平安 | 8319.0 | 10.1 | 0.3  |  -0.2   |  -2.0   |
| 保险 | 601319 | 中国人保 | 2189.0 | 6.3  | 0.0  |   0.0   |  -1.6   |
| 保险 | 601628 | 中国人寿 | 8440.0 | 13.9 | -0.6 |  -1.0   |  -2.2   |
+------+--------+----------+--------+------+------+---------+---------+
