[行业>市值]
+----------+--------+----------+--------+-------+------+---------+---------+
|   行业   |  代码  |   名称   |  市值  |  pe   | 涨幅 | 3日涨幅 | 6日涨幅 |
+----------+--------+----------+--------+-------+------+---------+---------+
| 化纤行业 | 002493 | 荣盛石化 | 1545.0 | 12.4  | 0.5  |   3.7   |  -0.7   |
| 化纤行业 | 600346 | 恒力石化 | 1494.0 |  8.8  | -1.7 |  -0.1   |  -3.5   |
| 化纤行业 | 000301 | 东方盛虹 | 981.2  | 35.6  | -1.6 |  -2.0   |  -6.0   |
| 化纤行业 | 002064 | 华峰化学 | 383.6  |  7.0  | -2.9 |  -7.4   |  -9.5   |
| 化纤行业 | 000703 | 恒逸石化 | 365.5  | 12.5  | 0.6  |   1.2   |  -2.5   |
| 化纤行业 | 601233 | 桐昆股份 | 357.6  |  6.0  | -1.5 |  -2.8   |  -6.1   |
| 化纤行业 | 688295 | 中复神鹰 | 341.3  | 72.4  | 0.6  |  -4.1   |  -3.0   |
| 化纤行业 | 300777 | 中简科技 | 218.0  | 60.1  | -0.9 |  -1.8   |  -0.1   |
| 化纤行业 | 603225 |  新凤鸣  | 162.1  | 14.2  | -2.1 |  -4.9   |  -5.6   |
| 化纤行业 | 600063 | 皖维高新 | 140.0  |  8.4  | -4.6 |  -5.3   |  -6.9   |
| 化纤行业 | 002254 | 泰和新材 | 106.6  | 18.3  | -1.8 |  -4.9   |  -7.1   |
| 化纤行业 | 000420 | 吉林化纤 | 103.0  | -52.5 | -1.9 |  -7.2   |   0.2   |
| 化纤行业 | 600810 | 神马股份 |  90.0  |  6.1  | -0.8 |  -4.4   |  -4.3   |
| 化纤行业 | 002206 |  海利得  |  72.7  | 14.8  | 0.0  |  -1.7   |  -2.0   |
| 化纤行业 | 000949 | 新乡化纤 |  52.1  | 31.8  | -0.8 |  -3.0   |  -3.0   |
| 化纤行业 | 601113 | 华鼎股份 |  47.1  | -15.5 | -1.4 |  -2.4   |  -1.4   |
| 化纤行业 | 000936 | 华西股份 |  45.5  | 59.0  | -1.9 |  -3.4   |  -3.9   |
| 化纤行业 | 002427 | *ST尤夫  |  42.9  | -6.1  | -0.1 |   2.4   |  11.6   |
| 化纤行业 | 603332 | 苏州龙杰 |  40.0  | -74.4 | 0.9  |   2.4   |   3.3   |
| 化纤行业 | 600527 | 江南高纤 |  39.1  | 61.2  | -1.7 |  -0.4   |  -2.6   |
| 化纤行业 | 688722 |  同益中  |  36.1  | 29.6  | -1.8 |  -7.8   |  -7.3   |
| 化纤行业 | 301057 | 汇隆新材 |  26.9  | 54.2  | -1.1 |  -6.8   |  -6.4   |
| 化纤行业 | 000677 | 恒天海龙 |  26.4  | 42.6  | -1.0 |  -1.0   |   0.3   |
| 化纤行业 | 000782 | 美达股份 |  24.4  | 30.7  | -2.5 |  -0.9   |  -1.3   |
| 化纤行业 | 300876 | 蒙泰高新 |  22.5  | 37.0  | 4.9  |   5.7   |   4.3   |
| 化纤行业 | 002998 | 优彩资源 |  22.0  | 18.5  | -1.3 |  -2.0   |  -4.9   |
| 化纤行业 | 600889 | 南京化纤 |  17.5  | -13.9 | -2.5 |  -2.0   |  -5.3   |
+----------+--------+----------+--------+-------+------+---------+---------+
 




 [行业>单日涨幅]
+----------+--------+----------+--------+-------+------+---------+---------+
|   行业   |  代码  |   名称   |  市值  |  pe   | 涨幅 | 3日涨幅 | 6日涨幅 |
+----------+--------+----------+--------+-------+------+---------+---------+
| 化纤行业 | 300876 | 蒙泰高新 |  22.5  | 37.0  | 4.9  |   5.7   |   4.3   |
| 化纤行业 | 603332 | 苏州龙杰 |  40.0  | -74.4 | 0.9  |   2.4   |   3.3   |
| 化纤行业 | 000703 | 恒逸石化 | 365.5  | 12.5  | 0.6  |   1.2   |  -2.5   |
| 化纤行业 | 688295 | 中复神鹰 | 341.3  | 72.4  | 0.6  |  -4.1   |  -3.0   |
| 化纤行业 | 002493 | 荣盛石化 | 1545.0 | 12.4  | 0.5  |   3.7   |  -0.7   |
| 化纤行业 | 002206 |  海利得  |  72.7  | 14.8  | 0.0  |  -1.7   |  -2.0   |
| 化纤行业 | 002427 | *ST尤夫  |  42.9  | -6.1  | -0.1 |   2.4   |  11.6   |
| 化纤行业 | 600810 | 神马股份 |  90.0  |  6.1  | -0.8 |  -4.4   |  -4.3   |
| 化纤行业 | 000949 | 新乡化纤 |  52.1  | 31.8  | -0.8 |  -3.0   |  -3.0   |
| 化纤行业 | 300777 | 中简科技 | 218.0  | 60.1  | -0.9 |  -1.8   |  -0.1   |
| 化纤行业 | 000677 | 恒天海龙 |  26.4  | 42.6  | -1.0 |  -1.0   |   0.3   |
| 化纤行业 | 301057 | 汇隆新材 |  26.9  | 54.2  | -1.1 |  -6.8   |  -6.4   |
| 化纤行业 | 002998 | 优彩资源 |  22.0  | 18.5  | -1.3 |  -2.0   |  -4.9   |
| 化纤行业 | 601113 | 华鼎股份 |  47.1  | -15.5 | -1.4 |  -2.4   |  -1.4   |
| 化纤行业 | 601233 | 桐昆股份 | 357.6  |  6.0  | -1.5 |  -2.8   |  -6.1   |
| 化纤行业 | 000301 | 东方盛虹 | 981.2  | 35.6  | -1.6 |  -2.0   |  -6.0   |
| 化纤行业 | 600346 | 恒力石化 | 1494.0 |  8.8  | -1.7 |  -0.1   |  -3.5   |
| 化纤行业 | 600527 | 江南高纤 |  39.1  | 61.2  | -1.7 |  -0.4   |  -2.6   |
| 化纤行业 | 002254 | 泰和新材 | 106.6  | 18.3  | -1.8 |  -4.9   |  -7.1   |
| 化纤行业 | 688722 |  同益中  |  36.1  | 29.6  | -1.8 |  -7.8   |  -7.3   |
| 化纤行业 | 000420 | 吉林化纤 | 103.0  | -52.5 | -1.9 |  -7.2   |   0.2   |
| 化纤行业 | 000936 | 华西股份 |  45.5  | 59.0  | -1.9 |  -3.4   |  -3.9   |
| 化纤行业 | 603225 |  新凤鸣  | 162.1  | 14.2  | -2.1 |  -4.9   |  -5.6   |
| 化纤行业 | 600889 | 南京化纤 |  17.5  | -13.9 | -2.5 |  -2.0   |  -5.3   |
| 化纤行业 | 000782 | 美达股份 |  24.4  | 30.7  | -2.5 |  -0.9   |  -1.3   |
| 化纤行业 | 002064 | 华峰化学 | 383.6  |  7.0  | -2.9 |  -7.4   |  -9.5   |
| 化纤行业 | 600063 | 皖维高新 | 140.0  |  8.4  | -4.6 |  -5.3   |  -6.9   |
+----------+--------+----------+--------+-------+------+---------+---------+
