[行业>市值]
+----------+--------+----------+--------+-------+------+---------+---------+
|   行业   |  代码  |   名称   |  市值  |  pe   | 涨幅 | 3日涨幅 | 6日涨幅 |
+----------+--------+----------+--------+-------+------+---------+---------+
| 化肥行业 | 000792 | 盐湖股份 | 1684.0 | 12.0  | -2.3 |  -8.3   |  -2.1   |
| 化肥行业 | 000408 | 藏格矿业 | 565.5  | 17.4  | -2.9 |  -4.9   |  -2.4   |
| 化肥行业 | 600096 |  云天化  | 535.3  |  8.1  | -4.1 |  -11.1  |  -12.8  |
| 化肥行业 | 600141 | 兴发集团 | 438.7  |  6.4  | -2.4 |  -11.2  |  -13.4  |
| 化肥行业 | 002312 | 川发龙蟒 | 271.8  | 24.9  | -1.4 |  -7.3   |  -11.1  |
| 化肥行业 | 000893 | 亚钾国际 | 257.0  | 22.9  | 0.2  |  -4.5   |  -7.6   |
| 化肥行业 | 000902 |  新洋丰  | 231.9  | 14.2  | -3.9 |  -3.8   |   1.0   |
| 化肥行业 | 002895 | 川恒股份 | 160.0  | 38.4  | 0.8  |  -9.7   |  -13.0  |
| 化肥行业 | 002539 | 云图控股 | 159.5  |  8.6  | 0.5  |  -4.2   |  -8.3   |
| 化肥行业 | 603938 | 三孚股份 | 125.7  | 20.9  | -2.7 |  -9.6   |  -16.7  |
| 化肥行业 | 002556 | 辉隆股份 | 105.9  | 12.7  | -1.8 |  -3.9   |  -3.9   |
| 化肥行业 | 600691 | 阳煤化工 |  93.4  | 25.2  | 0.0  |  -3.0   |  -3.2   |
| 化肥行业 | 002538 |  司尔特  |  86.6  | 14.0  | 0.1  |  -10.2  |  -11.3  |
| 化肥行业 | 600078 | *ST澄星  |  86.1  | 31.9  | 5.0  |   5.1   |   5.5   |
| 化肥行业 | 002274 | 华昌化工 |  85.6  |  8.8  | -0.8 |  -5.2   |  -7.9   |
| 化肥行业 | 002588 |  史丹利  |  81.1  | 13.6  | -1.0 |  -4.4   |  -4.8   |
| 化肥行业 | 000912 |  泸天化  |  79.2  | 14.1  | -0.6 |  -4.5   |  -6.5   |
| 化肥行业 | 002470 |  ST金正  |  74.9  | -71.9 | 0.9  |  -4.2   |  -1.7   |
| 化肥行业 | 300505 |  川金诺  |  65.5  | 27.4  | -4.0 |  -7.8   |  -12.4  |
| 化肥行业 | 002170 | 芭田股份 |  54.9  | 63.2  | -2.2 |  -8.4   |  -10.7  |
| 化肥行业 | 000731 | 四川美丰 |  52.4  |  7.3  | -0.5 |  -4.2   |  -5.7   |
| 化肥行业 | 600470 | 六国化工 |  40.7  | 15.3  | -5.1 |  -8.3   |  -0.5   |
| 化肥行业 | 002999 | 天禾股份 |  24.3  | 43.6  | 0.3  |  -1.1   |  -5.5   |
| 化肥行业 | 300387 | 富邦股份 |  19.6  | 36.3  | -2.7 |  -4.3   |  -4.8   |
+----------+--------+----------+--------+-------+------+---------+---------+
 




 [行业>单日涨幅]
+----------+--------+----------+--------+-------+------+---------+---------+
|   行业   |  代码  |   名称   |  市值  |  pe   | 涨幅 | 3日涨幅 | 6日涨幅 |
+----------+--------+----------+--------+-------+------+---------+---------+
| 化肥行业 | 600078 | *ST澄星  |  86.1  | 31.9  | 5.0  |   5.1   |   5.5   |
| 化肥行业 | 002470 |  ST金正  |  74.9  | -71.9 | 0.9  |  -4.2   |  -1.7   |
| 化肥行业 | 002895 | 川恒股份 | 160.0  | 38.4  | 0.8  |  -9.7   |  -13.0  |
| 化肥行业 | 002539 | 云图控股 | 159.5  |  8.6  | 0.5  |  -4.2   |  -8.3   |
| 化肥行业 | 002999 | 天禾股份 |  24.3  | 43.6  | 0.3  |  -1.1   |  -5.5   |
| 化肥行业 | 000893 | 亚钾国际 | 257.0  | 22.9  | 0.2  |  -4.5   |  -7.6   |
| 化肥行业 | 002538 |  司尔特  |  86.6  | 14.0  | 0.1  |  -10.2  |  -11.3  |
| 化肥行业 | 600691 | 阳煤化工 |  93.4  | 25.2  | 0.0  |  -3.0   |  -3.2   |
| 化肥行业 | 000731 | 四川美丰 |  52.4  |  7.3  | -0.5 |  -4.2   |  -5.7   |
| 化肥行业 | 000912 |  泸天化  |  79.2  | 14.1  | -0.6 |  -4.5   |  -6.5   |
| 化肥行业 | 002274 | 华昌化工 |  85.6  |  8.8  | -0.8 |  -5.2   |  -7.9   |
| 化肥行业 | 002588 |  史丹利  |  81.1  | 13.6  | -1.0 |  -4.4   |  -4.8   |
| 化肥行业 | 002312 | 川发龙蟒 | 271.8  | 24.9  | -1.4 |  -7.3   |  -11.1  |
| 化肥行业 | 002556 | 辉隆股份 | 105.9  | 12.7  | -1.8 |  -3.9   |  -3.9   |
| 化肥行业 | 002170 | 芭田股份 |  54.9  | 63.2  | -2.2 |  -8.4   |  -10.7  |
| 化肥行业 | 000792 | 盐湖股份 | 1684.0 | 12.0  | -2.3 |  -8.3   |  -2.1   |
| 化肥行业 | 600141 | 兴发集团 | 438.7  |  6.4  | -2.4 |  -11.2  |  -13.4  |
| 化肥行业 | 603938 | 三孚股份 | 125.7  | 20.9  | -2.7 |  -9.6   |  -16.7  |
| 化肥行业 | 300387 | 富邦股份 |  19.6  | 36.3  | -2.7 |  -4.3   |  -4.8   |
| 化肥行业 | 000408 | 藏格矿业 | 565.5  | 17.4  | -2.9 |  -4.9   |  -2.4   |
| 化肥行业 | 000902 |  新洋丰  | 231.9  | 14.2  | -3.9 |  -3.8   |   1.0   |
| 化肥行业 | 300505 |  川金诺  |  65.5  | 27.4  | -4.0 |  -7.8   |  -12.4  |
| 化肥行业 | 600096 |  云天化  | 535.3  |  8.1  | -4.1 |  -11.1  |  -12.8  |
| 化肥行业 | 600470 | 六国化工 |  40.7  | 15.3  | -5.1 |  -8.3   |  -0.5   |
+----------+--------+----------+--------+-------+------+---------+---------+
