[行业>市值]
+----------+--------+----------+-------+-------+------+---------+---------+
|   行业   |  代码  |   名称   | 市值  |  pe   | 涨幅 | 3日涨幅 | 6日涨幅 |
+----------+--------+----------+-------+-------+------+---------+---------+
| 医药商业 | 601607 | 上海医药 | 666.8 | 13.3  | -2.4 |   1.2   |  -1.6   |
| 医药商业 | 603939 | 益丰药房 | 370.7 | 34.0  | -3.9 |  -1.8   |  -4.7   |
| 医药商业 | 603233 |  大参林  | 302.8 | 19.7  | 0.7  |   1.4   |  -1.4   |
| 医药商业 | 600056 | 中国医药 | 251.6 | 25.6  | 4.3  |  16.0   |  11.4   |
| 医药商业 | 600998 |  九州通  | 222.1 | 12.3  | -0.8 |   0.8   |  -2.1   |
| 医药商业 | 600511 | 国药股份 | 201.8 | 13.5  | -2.4 |   1.1   |  -2.5   |
| 医药商业 | 603883 |  老百姓  | 193.3 | 20.0  | -2.7 |  -2.8   |  -5.7   |
| 医药商业 | 002727 |  一心堂  | 128.5 | 17.9  | -3.3 |  -3.9   |  -6.4   |
| 医药商业 | 000028 | 国药一致 | 125.8 | 12.5  | -1.6 |   0.6   |  -1.8   |
| 医药商业 | 301015 | 百洋医药 | 108.4 | 30.6  | -5.8 |  -3.5   |  -8.8   |
| 医药商业 | 000950 | 重药控股 | 106.3 | 23.8  | 3.6  |  20.6   |  21.8   |
| 医药商业 | 000078 | 海王生物 | 102.9 | 36.3  | -1.8 |   5.7   |   2.8   |
| 医药商业 | 002589 | 瑞康医药 | 94.3  | 55.2  | 10.0 |  33.1   |  58.7   |
| 医药商业 | 002411 | *ST必康  | 84.3  |  7.8  | 5.0  |   8.7   |  -6.9   |
| 医药商业 | 301263 |  泰恩康  | 73.5  | 34.1  | -4.1 |  -7.1   |  -10.3  |
| 医药商业 | 301017 | 漱玉平民 | 67.5  | 34.1  | -3.8 |  -0.5   |  -5.6   |
| 医药商业 | 600713 | 南京医药 | 65.0  | 12.3  | -2.9 |   4.2   |   1.2   |
| 医药商业 | 603368 | 柳药集团 | 60.7  |  6.9  | -3.6 |  -2.0   |  -4.6   |
| 医药商业 | 605266 |  健之佳  | 44.4  | 37.8  | -1.2 |  -0.4   |  -5.9   |
| 医药商业 | 002462 |  嘉事堂  | 39.7  | 12.6  | -0.3 |   4.0   |   0.5   |
| 医药商业 | 600829 | 人民同泰 | 36.6  | 19.9  | -1.6 |   2.1   |   0.0   |
| 医药商业 | 000411 | 英特集团 | 32.5  | 17.1  | -2.9 |   3.4   |   0.1   |
| 医药商业 | 002788 | 鹭燕医药 | 31.6  | 11.0  | -2.8 |   1.2   |  -1.6   |
| 医药商业 | 300937 |  药易购  | 29.8  | 81.6  | -5.5 |   0.8   |  -3.8   |
| 医药商业 | 603716 | 塞力医疗 | 27.4  | 32.3  | -5.1 |   2.9   |  -0.8   |
| 医药商业 | 000705 | 浙江震元 | 27.1  | 44.6  | -2.9 |   0.5   |  -3.0   |
| 医药商业 | 600833 | 第一医药 | 25.8  | 103.2 | 0.3  |  13.0   |   9.3   |
| 医药商业 | 600272 | 开开实业 | 24.9  | 73.6  | -4.1 |   8.2   |   7.3   |
| 医药商业 | 002872 |  ST天圣  | 15.4  | -24.5 | -1.0 |   0.2   |  -1.4   |
| 医药商业 | 600767 | *ST运盛  | 13.2  | -84.9 | 3.5  |   2.1   |  -1.3   |
+----------+--------+----------+-------+-------+------+---------+---------+
 




 [行业>单日涨幅]
+----------+--------+----------+-------+-------+------+---------+---------+
|   行业   |  代码  |   名称   | 市值  |  pe   | 涨幅 | 3日涨幅 | 6日涨幅 |
+----------+--------+----------+-------+-------+------+---------+---------+
| 医药商业 | 002589 | 瑞康医药 | 94.3  | 55.2  | 10.0 |  33.1   |  58.7   |
| 医药商业 | 002411 | *ST必康  | 84.3  |  7.8  | 5.0  |   8.7   |  -6.9   |
| 医药商业 | 600056 | 中国医药 | 251.6 | 25.6  | 4.3  |  16.0   |  11.4   |
| 医药商业 | 000950 | 重药控股 | 106.3 | 23.8  | 3.6  |  20.6   |  21.8   |
| 医药商业 | 600767 | *ST运盛  | 13.2  | -84.9 | 3.5  |   2.1   |  -1.3   |
| 医药商业 | 603233 |  大参林  | 302.8 | 19.7  | 0.7  |   1.4   |  -1.4   |
| 医药商业 | 600833 | 第一医药 | 25.8  | 103.2 | 0.3  |  13.0   |   9.3   |
| 医药商业 | 002462 |  嘉事堂  | 39.7  | 12.6  | -0.3 |   4.0   |   0.5   |
| 医药商业 | 600998 |  九州通  | 222.1 | 12.3  | -0.8 |   0.8   |  -2.1   |
| 医药商业 | 002872 |  ST天圣  | 15.4  | -24.5 | -1.0 |   0.2   |  -1.4   |
| 医药商业 | 605266 |  健之佳  | 44.4  | 37.8  | -1.2 |  -0.4   |  -5.9   |
| 医药商业 | 600829 | 人民同泰 | 36.6  | 19.9  | -1.6 |   2.1   |   0.0   |
| 医药商业 | 000028 | 国药一致 | 125.8 | 12.5  | -1.6 |   0.6   |  -1.8   |
| 医药商业 | 000078 | 海王生物 | 102.9 | 36.3  | -1.8 |   5.7   |   2.8   |
| 医药商业 | 600511 | 国药股份 | 201.8 | 13.5  | -2.4 |   1.1   |  -2.5   |
| 医药商业 | 601607 | 上海医药 | 666.8 | 13.3  | -2.4 |   1.2   |  -1.6   |
| 医药商业 | 603883 |  老百姓  | 193.3 | 20.0  | -2.7 |  -2.8   |  -5.7   |
| 医药商业 | 002788 | 鹭燕医药 | 31.6  | 11.0  | -2.8 |   1.2   |  -1.6   |
| 医药商业 | 000705 | 浙江震元 | 27.1  | 44.6  | -2.9 |   0.5   |  -3.0   |
| 医药商业 | 600713 | 南京医药 | 65.0  | 12.3  | -2.9 |   4.2   |   1.2   |
| 医药商业 | 000411 | 英特集团 | 32.5  | 17.1  | -2.9 |   3.4   |   0.1   |
| 医药商业 | 002727 |  一心堂  | 128.5 | 17.9  | -3.3 |  -3.9   |  -6.4   |
| 医药商业 | 603368 | 柳药集团 | 60.7  |  6.9  | -3.6 |  -2.0   |  -4.6   |
| 医药商业 | 301017 | 漱玉平民 | 67.5  | 34.1  | -3.8 |  -0.5   |  -5.6   |
| 医药商业 | 603939 | 益丰药房 | 370.7 | 34.0  | -3.9 |  -1.8   |  -4.7   |
| 医药商业 | 600272 | 开开实业 | 24.9  | 73.6  | -4.1 |   8.2   |   7.3   |
| 医药商业 | 301263 |  泰恩康  | 73.5  | 34.1  | -4.1 |  -7.1   |  -10.3  |
| 医药商业 | 603716 | 塞力医疗 | 27.4  | 32.3  | -5.1 |   2.9   |  -0.8   |
| 医药商业 | 300937 |  药易购  | 29.8  | 81.6  | -5.5 |   0.8   |  -3.8   |
| 医药商业 | 301015 | 百洋医药 | 108.4 | 30.6  | -5.8 |  -3.5   |  -8.8   |
+----------+--------+----------+-------+-------+------+---------+---------+
