[行业>市值]
+----------+--------+----------+-------+--------+------+---------+---------+
|   行业   |  代码  |   名称   | 市值  |   pe   | 涨幅 | 3日涨幅 | 6日涨幅 |
+----------+--------+----------+-------+--------+------+---------+---------+
| 家用轻工 | 603899 | 晨光股份 | 457.8 |  41.5  | -1.2 |  -5.6   |  -9.0   |
| 家用轻工 | 001323 | 慕思股份 | 173.3 |  34.9  | -3.8 |  -7.2   |  -6.4   |
| 家用轻工 | 605099 | 共创草坪 | 98.5  |  28.9  | -3.9 |  -7.4   |  -6.3   |
| 家用轻工 | 603398 | 沐邦高科 | 93.0  | -255.2 | -0.7 |  -4.3   |  -4.4   |
| 家用轻工 | 002489 | 浙江永强 | 77.0  |  14.0  | -1.7 |  -2.5   |  -0.8   |
| 家用轻工 | 002678 | 珠江钢琴 | 75.4  |  35.5  | -2.3 |  -2.8   |  -4.3   |
| 家用轻工 | 603848 |  好太太  | 67.9  |  37.5  | -0.8 |   7.4   |   3.1   |
| 家用轻工 | 301101 | 明月镜片 | 65.7  |  74.3  | -3.2 |   2.3   |  -1.4   |
| 家用轻工 | 002605 | 姚记科技 | 60.6  |  16.5  | -1.2 |  -2.6   |  -6.5   |
| 家用轻工 | 002301 | 齐心集团 | 46.1  |  21.0  | -0.5 |  -0.9   |  -4.1   |
| 家用轻工 | 605299 | 舒华体育 | 42.9  |  80.8  | -3.3 |  -6.4   |  -4.7   |
| 家用轻工 | 300729 | 乐歌股份 | 36.1  |  50.1  | -1.1 |  -6.8   |  -6.6   |
| 家用轻工 | 600439 |  瑞贝卡  | 31.1  |  60.9  | -0.7 |  -0.7   |  -1.4   |
| 家用轻工 | 300651 | 金陵体育 | 30.8  | 301.0  | -1.1 |  -4.4   |  -5.1   |
| 家用轻工 | 002575 | 群兴玩具 | 28.4  | 409.7  | -4.4 |  -4.0   |  -0.2   |
| 家用轻工 | 002571 | 德力股份 | 26.3  | 254.5  | -2.3 |  -6.3   |  -7.2   |
| 家用轻工 | 002615 |  哈尔斯  | 24.7  |  20.0  | -2.3 |  -0.3   |  -2.0   |
| 家用轻工 | 002348 | 高乐股份 | 23.2  | -11.6  | -9.6 |  -22.5  |   3.4   |
| 家用轻工 | 002103 | 广博股份 | 23.0  | -38.4  | -0.9 |  -1.8   |  -1.4   |
| 家用轻工 | 301004 | 嘉益股份 | 22.3  |  16.9  | -4.5 |  -5.7   |  -6.0   |
| 家用轻工 | 300703 | 创源股份 | 18.2  | 113.0  | -1.5 |   5.9   |   8.2   |
| 家用轻工 | 300329 | 海伦钢琴 | 16.7  |  66.2  | -3.4 |  -5.7   |  -5.3   |
| 家用轻工 | 300640 | 德艺文创 | 16.1  |  48.6  | -2.9 |  -1.9   |  -3.8   |
| 家用轻工 | 002899 |  英派斯  | 14.3  | 267.8  | -2.4 |  -2.1   |  -4.6   |
| 家用轻工 | 002862 | 实丰文化 | 13.2  | 170.7  | -1.2 |  -2.1   |  -3.5   |
+----------+--------+----------+-------+--------+------+---------+---------+
 




 [行业>单日涨幅]
+----------+--------+----------+-------+--------+------+---------+---------+
|   行业   |  代码  |   名称   | 市值  |   pe   | 涨幅 | 3日涨幅 | 6日涨幅 |
+----------+--------+----------+-------+--------+------+---------+---------+
| 家用轻工 | 002301 | 齐心集团 | 46.1  |  21.0  | -0.5 |  -0.9   |  -4.1   |
| 家用轻工 | 603398 | 沐邦高科 | 93.0  | -255.2 | -0.7 |  -4.3   |  -4.4   |
| 家用轻工 | 600439 |  瑞贝卡  | 31.1  |  60.9  | -0.7 |  -0.7   |  -1.4   |
| 家用轻工 | 603848 |  好太太  | 67.9  |  37.5  | -0.8 |   7.4   |   3.1   |
| 家用轻工 | 002103 | 广博股份 | 23.0  | -38.4  | -0.9 |  -1.8   |  -1.4   |
| 家用轻工 | 300651 | 金陵体育 | 30.8  | 301.0  | -1.1 |  -4.4   |  -5.1   |
| 家用轻工 | 300729 | 乐歌股份 | 36.1  |  50.1  | -1.1 |  -6.8   |  -6.6   |
| 家用轻工 | 002862 | 实丰文化 | 13.2  | 170.7  | -1.2 |  -2.1   |  -3.5   |
| 家用轻工 | 002605 | 姚记科技 | 60.6  |  16.5  | -1.2 |  -2.6   |  -6.5   |
| 家用轻工 | 603899 | 晨光股份 | 457.8 |  41.5  | -1.2 |  -5.6   |  -9.0   |
| 家用轻工 | 300703 | 创源股份 | 18.2  | 113.0  | -1.5 |   5.9   |   8.2   |
| 家用轻工 | 002489 | 浙江永强 | 77.0  |  14.0  | -1.7 |  -2.5   |  -0.8   |
| 家用轻工 | 002678 | 珠江钢琴 | 75.4  |  35.5  | -2.3 |  -2.8   |  -4.3   |
| 家用轻工 | 002615 |  哈尔斯  | 24.7  |  20.0  | -2.3 |  -0.3   |  -2.0   |
| 家用轻工 | 002571 | 德力股份 | 26.3  | 254.5  | -2.3 |  -6.3   |  -7.2   |
| 家用轻工 | 002899 |  英派斯  | 14.3  | 267.8  | -2.4 |  -2.1   |  -4.6   |
| 家用轻工 | 300640 | 德艺文创 | 16.1  |  48.6  | -2.9 |  -1.9   |  -3.8   |
| 家用轻工 | 301101 | 明月镜片 | 65.7  |  74.3  | -3.2 |   2.3   |  -1.4   |
| 家用轻工 | 605299 | 舒华体育 | 42.9  |  80.8  | -3.3 |  -6.4   |  -4.7   |
| 家用轻工 | 300329 | 海伦钢琴 | 16.7  |  66.2  | -3.4 |  -5.7   |  -5.3   |
| 家用轻工 | 001323 | 慕思股份 | 173.3 |  34.9  | -3.8 |  -7.2   |  -6.4   |
| 家用轻工 | 605099 | 共创草坪 | 98.5  |  28.9  | -3.9 |  -7.4   |  -6.3   |
| 家用轻工 | 002575 | 群兴玩具 | 28.4  | 409.7  | -4.4 |  -4.0   |  -0.2   |
| 家用轻工 | 301004 | 嘉益股份 | 22.3  |  16.9  | -4.5 |  -5.7   |  -6.0   |
| 家用轻工 | 002348 | 高乐股份 | 23.2  | -11.6  | -9.6 |  -22.5  |   3.4   |
+----------+--------+----------+-------+--------+------+---------+---------+
