[行业>市值]
+----------+--------+----------+--------+-------+-------+---------+---------+
|   行业   |  代码  |   名称   |  市值  |  pe   | 涨幅  | 3日涨幅 | 6日涨幅 |
+----------+--------+----------+--------+-------+-------+---------+---------+
| 汽车整车 | 002594 |  比亚迪  | 8995.0 | 278.2 | -4.7  |  -11.6  |  -8.1   |
| 汽车整车 | 601633 | 长城汽车 | 3124.0 | 47.8  | -1.3  |  -9.8   |  -6.8   |
| 汽车整车 | 600104 | 上汽集团 | 2015.0 |  9.1  | -1.0  |  -1.8   |   0.2   |
| 汽车整车 | 000625 | 长安汽车 | 1642.0 |  9.1  | -4.5  |  -12.8  |  -7.5   |
| 汽车整车 | 601238 | 广汽集团 | 1621.0 | 13.5  | -1.6  |  -9.6   |  -0.6   |
| 汽车整车 | 601127 | 小康股份 | 1016.0 | -30.3 |  0.3  |  -8.2   |  -10.0  |
| 汽车整车 | 000800 | 一汽解放 | 413.8  | 22.9  |  0.1  |  -3.6   |  -3.6   |
| 汽车整车 | 600733 | 北汽蓝谷 | 360.6  | -9.4  | -3.4  |  -13.6  |  -7.9   |
| 汽车整车 | 600418 | 江淮汽车 | 352.9  | -30.4 | -6.4  |  -14.7  |  -6.2   |
| 汽车整车 | 601777 | 力帆科技 | 226.8  | 111.5 | -1.8  |  -8.7   |  -4.0   |
| 汽车整车 | 301039 | 中集车辆 | 201.8  | 40.5  | -2.7  |  -9.8   |  -6.6   |
| 汽车整车 | 600166 | 福田汽车 | 197.3  | 36.4  | -4.5  |   1.7   |   9.1   |
| 汽车整车 | 600066 | 宇通客车 | 181.3  | -39.2 |  0.2  |  -6.0   |  -3.8   |
| 汽车整车 | 000980 |  ST众泰  | 169.3  | -27.0 |  0.0  |  -4.6   |  -6.2   |
| 汽车整车 | 000550 | 江铃汽车 | 158.1  | 20.4  | -10.0 |  -10.9  |   3.6   |
| 汽车整车 | 000951 | 中国重汽 | 154.5  | 31.1  | -3.1  |  -5.7   |  -4.9   |
| 汽车整车 | 600006 | 东风汽车 | 141.8  | 29.9  | -3.4  |  -6.0   |  -2.6   |
| 汽车整车 | 000957 | 中通客车 | 120.8  | -85.6 |  4.8  |  -3.5   |  -4.4   |
| 汽车整车 | 000572 | 海马汽车 |  92.9  | -38.1 | -0.9  |  -7.7   |  -4.2   |
| 汽车整车 | 600686 | 金龙汽车 |  58.1  | 374.6 | 10.1  |   3.6   |  19.6   |
| 汽车整车 | 000868 | 安凯客车 |  48.2  | -30.2 |  1.5  |  -2.4   |   4.4   |
| 汽车整车 | 600213 | 亚星客车 |  27.2  | -15.6 | -0.9  |  -9.8   |  -8.7   |
| 汽车整车 | 600303 |  ST曙光  |  22.2  | -17.0 |  0.0  |  -0.9   |   0.6   |
+----------+--------+----------+--------+-------+-------+---------+---------+
 




 [行业>单日涨幅]
+----------+--------+----------+--------+-------+-------+---------+---------+
|   行业   |  代码  |   名称   |  市值  |  pe   | 涨幅  | 3日涨幅 | 6日涨幅 |
+----------+--------+----------+--------+-------+-------+---------+---------+
| 汽车整车 | 600686 | 金龙汽车 |  58.1  | 374.6 | 10.1  |   3.6   |  19.6   |
| 汽车整车 | 000957 | 中通客车 | 120.8  | -85.6 |  4.8  |  -3.5   |  -4.4   |
| 汽车整车 | 000868 | 安凯客车 |  48.2  | -30.2 |  1.5  |  -2.4   |   4.4   |
| 汽车整车 | 601127 | 小康股份 | 1016.0 | -30.3 |  0.3  |  -8.2   |  -10.0  |
| 汽车整车 | 600066 | 宇通客车 | 181.3  | -39.2 |  0.2  |  -6.0   |  -3.8   |
| 汽车整车 | 000800 | 一汽解放 | 413.8  | 22.9  |  0.1  |  -3.6   |  -3.6   |
| 汽车整车 | 000980 |  ST众泰  | 169.3  | -27.0 |  0.0  |  -4.6   |  -6.2   |
| 汽车整车 | 600303 |  ST曙光  |  22.2  | -17.0 |  0.0  |  -0.9   |   0.6   |
| 汽车整车 | 000572 | 海马汽车 |  92.9  | -38.1 | -0.9  |  -7.7   |  -4.2   |
| 汽车整车 | 600213 | 亚星客车 |  27.2  | -15.6 | -0.9  |  -9.8   |  -8.7   |
| 汽车整车 | 600104 | 上汽集团 | 2015.0 |  9.1  | -1.0  |  -1.8   |   0.2   |
| 汽车整车 | 601633 | 长城汽车 | 3124.0 | 47.8  | -1.3  |  -9.8   |  -6.8   |
| 汽车整车 | 601238 | 广汽集团 | 1621.0 | 13.5  | -1.6  |  -9.6   |  -0.6   |
| 汽车整车 | 601777 | 力帆科技 | 226.8  | 111.5 | -1.8  |  -8.7   |  -4.0   |
| 汽车整车 | 301039 | 中集车辆 | 201.8  | 40.5  | -2.7  |  -9.8   |  -6.6   |
| 汽车整车 | 000951 | 中国重汽 | 154.5  | 31.1  | -3.1  |  -5.7   |  -4.9   |
| 汽车整车 | 600006 | 东风汽车 | 141.8  | 29.9  | -3.4  |  -6.0   |  -2.6   |
| 汽车整车 | 600733 | 北汽蓝谷 | 360.6  | -9.4  | -3.4  |  -13.6  |  -7.9   |
| 汽车整车 | 600166 | 福田汽车 | 197.3  | 36.4  | -4.5  |   1.7   |   9.1   |
| 汽车整车 | 000625 | 长安汽车 | 1642.0 |  9.1  | -4.5  |  -12.8  |  -7.5   |
| 汽车整车 | 002594 |  比亚迪  | 8995.0 | 278.2 | -4.7  |  -11.6  |  -8.1   |
| 汽车整车 | 600418 | 江淮汽车 | 352.9  | -30.4 | -6.4  |  -14.7  |  -6.2   |
| 汽车整车 | 000550 | 江铃汽车 | 158.1  | 20.4  | -10.0 |  -10.9  |   3.6   |
+----------+--------+----------+--------+-------+-------+---------+---------+
