[行业>市值]
+------+--------+----------+-------+--------+------+---------+---------+
| 行业 |  代码  |   名称   | 市值  |   pe   | 涨幅 | 3日涨幅 | 6日涨幅 |
+------+--------+----------+-------+--------+------+---------+---------+
| 燃气 | 600956 | 新天绿能 | 608.0 |  16.2  | 4.0  |   6.3   |  13.6   |
| 燃气 | 600803 | 新奥股份 | 497.7 |  16.5  | -1.1 |  -3.6   |  -6.6   |
| 燃气 | 601139 | 深圳燃气 | 199.4 |  18.5  | 0.4  |   1.0   |   0.0   |
| 燃气 | 605090 | 九丰能源 | 134.7 |  8.6   | 3.6  |   4.5   |   3.6   |
| 燃气 | 600917 | 重庆燃气 | 122.4 |  30.3  | 3.5  |   3.6   |   2.4   |
| 燃气 | 300332 | 天壕环境 | 106.2 |  20.1  | -1.9 |  -3.8   |  -3.9   |
| 燃气 | 000968 | 蓝焰控股 | 96.9  |  8.9   | -3.5 |  -5.5   |  -11.9  |
| 燃气 | 600635 | 大众公用 | 95.4  |  -7.3  | 0.9  |   0.0   |  -1.8   |
| 燃气 | 603393 | 新天然气 | 93.4  |  11.3  | 3.3  |   3.1   |  -0.8   |
| 燃气 | 600903 | 贵州燃气 | 93.1  | -37.5  | 4.7  |   5.0   |   2.6   |
| 燃气 | 002911 | 佛燃能源 | 86.4  |  28.8  | 0.4  |   0.0   |  -1.3   |
| 燃气 | 603053 | 成都燃气 | 84.9  |  10.8  | 1.4  |   2.4   |   2.7   |
| 燃气 | 002267 | 陕天然气 | 80.1  |  4.0   | 1.7  |   2.7   |   2.0   |
| 燃气 | 600617 | 国新能源 | 68.5  |  9.9   | 0.4  |   4.4   |   4.4   |
| 燃气 | 605368 | 蓝天燃气 | 62.8  |  8.2   | 0.2  |  -2.5   |  -1.6   |
| 燃气 | 600681 | 百川能源 | 60.9  |  10.4  | 0.2  |  -0.5   |  -0.2   |
| 燃气 | 300435 | 中泰股份 | 55.6  |  22.3  | -1.3 |  -7.2   |  -7.4   |
| 燃气 | 300483 | 首华燃气 | 37.8  |  22.2  | 1.3  |   2.0   |  -2.8   |
| 燃气 | 605169 | 洪通燃气 | 35.0  |  16.4  | 1.0  |   2.6   |   4.0   |
| 燃气 | 603689 | 皖天然气 | 34.4  |  12.8  | 0.0  |   2.1   |   1.5   |
| 燃气 | 603706 | 东方环宇 | 32.8  |  13.1  | 2.1  |   3.1   |   1.3   |
| 燃气 | 000407 | 胜利股份 | 32.7  |  26.5  | -1.6 |   0.0   |  -0.5   |
| 燃气 | 600333 | 长春燃气 | 31.7  | -68.0  | 3.4  |   3.8   |   2.4   |
| 燃气 | 603318 | 水发燃气 | 30.6  |  59.2  | 2.8  |   3.6   |   3.9   |
| 燃气 | 000421 | 南京公用 | 28.5  | -54.5  | -1.2 |   1.4   |   2.3   |
| 燃气 | 603080 | 新疆火炬 | 21.6  |  14.9  | 10.0 |  15.4   |  14.0   |
| 燃气 | 000593 | 德龙汇能 | 20.7  | 219.8  | -0.2 |  -0.9   |   0.9   |
| 燃气 | 002259 |  ST升达  | 20.0  | -133.8 | -3.3 |  -6.3   |  -5.7   |
| 燃气 | 002700 |  ST浩源  | 17.8  |  29.9  | -0.9 |  -0.9   |  -2.1   |
| 燃气 | 000669 |  ST金鸿  | 11.6  | -47.8  | -0.6 |   1.2   |   3.0   |
+------+--------+----------+-------+--------+------+---------+---------+
 




 [行业>单日涨幅]
+------+--------+----------+-------+--------+------+---------+---------+
| 行业 |  代码  |   名称   | 市值  |   pe   | 涨幅 | 3日涨幅 | 6日涨幅 |
+------+--------+----------+-------+--------+------+---------+---------+
| 燃气 | 603080 | 新疆火炬 | 21.6  |  14.9  | 10.0 |  15.4   |  14.0   |
| 燃气 | 600903 | 贵州燃气 | 93.1  | -37.5  | 4.7  |   5.0   |   2.6   |
| 燃气 | 600956 | 新天绿能 | 608.0 |  16.2  | 4.0  |   6.3   |  13.6   |
| 燃气 | 605090 | 九丰能源 | 134.7 |  8.6   | 3.6  |   4.5   |   3.6   |
| 燃气 | 600917 | 重庆燃气 | 122.4 |  30.3  | 3.5  |   3.6   |   2.4   |
| 燃气 | 600333 | 长春燃气 | 31.7  | -68.0  | 3.4  |   3.8   |   2.4   |
| 燃气 | 603393 | 新天然气 | 93.4  |  11.3  | 3.3  |   3.1   |  -0.8   |
| 燃气 | 603318 | 水发燃气 | 30.6  |  59.2  | 2.8  |   3.6   |   3.9   |
| 燃气 | 603706 | 东方环宇 | 32.8  |  13.1  | 2.1  |   3.1   |   1.3   |
| 燃气 | 002267 | 陕天然气 | 80.1  |  4.0   | 1.7  |   2.7   |   2.0   |
| 燃气 | 603053 | 成都燃气 | 84.9  |  10.8  | 1.4  |   2.4   |   2.7   |
| 燃气 | 300483 | 首华燃气 | 37.8  |  22.2  | 1.3  |   2.0   |  -2.8   |
| 燃气 | 605169 | 洪通燃气 | 35.0  |  16.4  | 1.0  |   2.6   |   4.0   |
| 燃气 | 600635 | 大众公用 | 95.4  |  -7.3  | 0.9  |   0.0   |  -1.8   |
| 燃气 | 002911 | 佛燃能源 | 86.4  |  28.8  | 0.4  |   0.0   |  -1.3   |
| 燃气 | 601139 | 深圳燃气 | 199.4 |  18.5  | 0.4  |   1.0   |   0.0   |
| 燃气 | 600617 | 国新能源 | 68.5  |  9.9   | 0.4  |   4.4   |   4.4   |
| 燃气 | 605368 | 蓝天燃气 | 62.8  |  8.2   | 0.2  |  -2.5   |  -1.6   |
| 燃气 | 600681 | 百川能源 | 60.9  |  10.4  | 0.2  |  -0.5   |  -0.2   |
| 燃气 | 603689 | 皖天然气 | 34.4  |  12.8  | 0.0  |   2.1   |   1.5   |
| 燃气 | 000593 | 德龙汇能 | 20.7  | 219.8  | -0.2 |  -0.9   |   0.9   |
| 燃气 | 000669 |  ST金鸿  | 11.6  | -47.8  | -0.6 |   1.2   |   3.0   |
| 燃气 | 002700 |  ST浩源  | 17.8  |  29.9  | -0.9 |  -0.9   |  -2.1   |
| 燃气 | 600803 | 新奥股份 | 497.7 |  16.5  | -1.1 |  -3.6   |  -6.6   |
| 燃气 | 000421 | 南京公用 | 28.5  | -54.5  | -1.2 |   1.4   |   2.3   |
| 燃气 | 300435 | 中泰股份 | 55.6  |  22.3  | -1.3 |  -7.2   |  -7.4   |
| 燃气 | 000407 | 胜利股份 | 32.7  |  26.5  | -1.6 |   0.0   |  -0.5   |
| 燃气 | 300332 | 天壕环境 | 106.2 |  20.1  | -1.9 |  -3.8   |  -3.9   |
| 燃气 | 002259 |  ST升达  | 20.0  | -133.8 | -3.3 |  -6.3   |  -5.7   |
| 燃气 | 000968 | 蓝焰控股 | 96.9  |  8.9   | -3.5 |  -5.5   |  -11.9  |
+------+--------+----------+-------+--------+------+---------+---------+
