[行业>市值]
+------------+--------+----------+-------+--------+------+---------+---------+
|    行业    |  代码  |   名称   | 市值  |   pe   | 涨幅 | 3日涨幅 | 6日涨幅 |
+------------+--------+----------+-------+--------+------+---------+---------+
| 电子化学品 | 300054 | 鼎龙股份 | 194.6 |  68.2  | -0.5 |  -5.3   |   1.2   |
| 电子化学品 | 002643 | 万润股份 | 172.0 |  18.5  | -4.3 |  -4.2   |  -8.2   |
| 电子化学品 | 300346 | 南大光电 | 167.6 |  52.0  | -3.7 |  -7.9   |  -9.2   |
| 电子化学品 | 688019 | 安集科技 | 140.7 |  88.8  | -3.6 |  -7.4   |  -5.9   |
| 电子化学品 | 300398 | 飞凯材料 | 109.2 |  19.7  | -3.0 |  -7.7   |  -9.0   |
| 电子化学品 | 300655 | 晶瑞电材 | 108.8 |  85.1  | -2.6 |  -1.1   |  -1.0   |
| 电子化学品 | 300236 | 上海新阳 | 97.4  | -178.9 | -4.3 |  -6.9   |  -4.5   |
| 电子化学品 | 688106 | 金宏气体 | 83.0  |  53.4  | -7.3 |  -9.9   |  -7.6   |
| 电子化学品 | 688268 | 华特气体 | 80.3  |  51.3  | -4.5 |  -6.1   |  -2.4   |
| 电子化学品 | 300481 | 濮阳惠成 | 79.5  |  23.7  | -3.6 |  -4.7   |   7.4   |
| 电子化学品 | 002741 | 光华科技 | 78.5  |  55.6  | -2.6 |  -5.2   |  -1.4   |
| 电子化学品 | 603078 |  江化微  | 63.2  |  47.9  | -2.4 |  -7.9   |  -8.3   |
| 电子化学品 | 688550 | 瑞联新材 | 62.8  |  19.7  | -2.5 |  -6.1   |  -8.2   |
| 电子化学品 | 300576 | 容大感光 | 52.4  | 126.7  | -4.2 |  -7.5   |  -7.9   |
| 电子化学品 | 002584 | 西陇科学 | 46.6  |  13.9  | -3.9 |  -6.7   |  -5.1   |
| 电子化学品 | 300429 | 强力新材 | 44.8  |  44.9  | -2.6 |  -5.3   |  -7.6   |
| 电子化学品 | 688359 | 三孚新科 | 39.3  | -165.0 | -1.9 |  -5.2   |   6.9   |
| 电子化学品 | 603931 |  格林达  | 37.2  |  23.6  | -3.4 |  -6.9   |  -5.4   |
| 电子化学品 | 300446 | 乐凯新材 | 22.5  | 354.6  | -1.9 |  -5.4   |  -6.8   |
| 电子化学品 | 300537 | 广信材料 | 21.7  | -47.3  | -4.0 |  -5.9   |  -6.0   |
| 电子化学品 | 300637 | 扬帆新材 | 16.9  |  36.4  | -2.8 |  -5.1   |  -6.5   |
+------------+--------+----------+-------+--------+------+---------+---------+
 




 [行业>单日涨幅]
+------------+--------+----------+-------+--------+------+---------+---------+
|    行业    |  代码  |   名称   | 市值  |   pe   | 涨幅 | 3日涨幅 | 6日涨幅 |
+------------+--------+----------+-------+--------+------+---------+---------+
| 电子化学品 | 300054 | 鼎龙股份 | 194.6 |  68.2  | -0.5 |  -5.3   |   1.2   |
| 电子化学品 | 300446 | 乐凯新材 | 22.5  | 354.6  | -1.9 |  -5.4   |  -6.8   |
| 电子化学品 | 688359 | 三孚新科 | 39.3  | -165.0 | -1.9 |  -5.2   |   6.9   |
| 电子化学品 | 603078 |  江化微  | 63.2  |  47.9  | -2.4 |  -7.9   |  -8.3   |
| 电子化学品 | 688550 | 瑞联新材 | 62.8  |  19.7  | -2.5 |  -6.1   |  -8.2   |
| 电子化学品 | 300655 | 晶瑞电材 | 108.8 |  85.1  | -2.6 |  -1.1   |  -1.0   |
| 电子化学品 | 300429 | 强力新材 | 44.8  |  44.9  | -2.6 |  -5.3   |  -7.6   |
| 电子化学品 | 002741 | 光华科技 | 78.5  |  55.6  | -2.6 |  -5.2   |  -1.4   |
| 电子化学品 | 300637 | 扬帆新材 | 16.9  |  36.4  | -2.8 |  -5.1   |  -6.5   |
| 电子化学品 | 300398 | 飞凯材料 | 109.2 |  19.7  | -3.0 |  -7.7   |  -9.0   |
| 电子化学品 | 603931 |  格林达  | 37.2  |  23.6  | -3.4 |  -6.9   |  -5.4   |
| 电子化学品 | 688019 | 安集科技 | 140.7 |  88.8  | -3.6 |  -7.4   |  -5.9   |
| 电子化学品 | 300481 | 濮阳惠成 | 79.5  |  23.7  | -3.6 |  -4.7   |   7.4   |
| 电子化学品 | 300346 | 南大光电 | 167.6 |  52.0  | -3.7 |  -7.9   |  -9.2   |
| 电子化学品 | 002584 | 西陇科学 | 46.6  |  13.9  | -3.9 |  -6.7   |  -5.1   |
| 电子化学品 | 300537 | 广信材料 | 21.7  | -47.3  | -4.0 |  -5.9   |  -6.0   |
| 电子化学品 | 300576 | 容大感光 | 52.4  | 126.7  | -4.2 |  -7.5   |  -7.9   |
| 电子化学品 | 300236 | 上海新阳 | 97.4  | -178.9 | -4.3 |  -6.9   |  -4.5   |
| 电子化学品 | 002643 | 万润股份 | 172.0 |  18.5  | -4.3 |  -4.2   |  -8.2   |
| 电子化学品 | 688268 | 华特气体 | 80.3  |  51.3  | -4.5 |  -6.1   |  -2.4   |
| 电子化学品 | 688106 | 金宏气体 | 83.0  |  53.4  | -7.3 |  -9.9   |  -7.6   |
+------------+--------+----------+-------+--------+------+---------+---------+
