[行业>市值]
+------+--------+----------+-------+-------+-------+---------+---------+
| 行业 |  代码  |   名称   | 市值  |  pe   | 涨幅  | 3日涨幅 | 6日涨幅 |
+------+--------+----------+-------+-------+-------+---------+---------+
| 电机 | 002176 | 江特电机 | 467.5 | 17.6  | -1.1  |  -6.5   |  -2.5   |
| 电机 | 603489 | 八方股份 | 219.9 | 30.6  | -1.8  |  -2.2   |  -6.7   |
| 电机 | 600580 | 卧龙电驱 | 182.8 | 23.1  | -1.3  |  -3.7   |  -4.1   |
| 电机 | 002249 | 大洋电机 | 138.6 | 23.6  | -3.9  |  -6.4   |  -6.1   |
| 电机 | 603728 | 鸣志电器 | 79.7  | 50.9  | -2.6  |  -11.2  |  -17.4  |
| 电机 | 003021 | 兆威机电 | 78.8  | 86.8  | -10.0 |   0.2   |   1.3   |
| 电机 | 300660 | 江苏雷利 | 76.9  | 27.7  | -5.3  |  -11.7  |  -32.5  |
| 电机 | 002801 | 微光股份 | 68.2  | 22.1  | -4.4  |  -9.9   |  -5.2   |
| 电机 | 000922 | 佳电股份 | 53.3  | 17.7  | -2.6  |  -6.4   |   3.1   |
| 电机 | 002196 | 方正电机 | 48.6  | 203.6 |  0.1  |  -3.5   |  -2.1   |
| 电机 | 002892 |  科力尔  | 44.4  | 69.5  | -6.5  |  -12.4  |  -18.6  |
| 电机 | 603819 | 神力股份 | 35.5  | 30.9  | -2.7  |  -5.7   |  -8.4   |
| 电机 | 603988 | 中电电机 | 29.1  | 54.2  |  4.7  |  14.8   |  13.7   |
| 电机 | 002823 | 凯中精密 | 28.4  | 35.4  | -2.4  |  -2.5   |  -3.2   |
| 电机 | 002576 | 通达动力 | 23.2  | 57.4  | -4.6  |   2.9   |   1.2   |
| 电机 | 301226 | 祥明智能 | 23.1  | 38.3  | -3.4  |  -1.9   |  -2.4   |
| 电机 | 301023 | 江南奕帆 | 22.4  | 27.6  | -5.4  |  -6.6   |  -10.6  |
| 电机 | 300907 | 康平科技 | 18.7  | 90.8  | -5.5  |  -2.5   |  -4.5   |
| 电机 | 688395 | 正弦电气 | 16.3  | 28.5  | -4.6  |  -4.6   |  -6.7   |
| 电机 | 603320 | 迪贝电气 | 15.7  | 32.2  |  0.2  |   1.9   |   1.0   |
| 电机 | 300626 | 华瑞股份 | 15.5  | 60.4  | -2.9  |  -5.1   |  -5.8   |
+------+--------+----------+-------+-------+-------+---------+---------+
 




 [行业>单日涨幅]
+------+--------+----------+-------+-------+-------+---------+---------+
| 行业 |  代码  |   名称   | 市值  |  pe   | 涨幅  | 3日涨幅 | 6日涨幅 |
+------+--------+----------+-------+-------+-------+---------+---------+
| 电机 | 603988 | 中电电机 | 29.1  | 54.2  |  4.7  |  14.8   |  13.7   |
| 电机 | 603320 | 迪贝电气 | 15.7  | 32.2  |  0.2  |   1.9   |   1.0   |
| 电机 | 002196 | 方正电机 | 48.6  | 203.6 |  0.1  |  -3.5   |  -2.1   |
| 电机 | 002176 | 江特电机 | 467.5 | 17.6  | -1.1  |  -6.5   |  -2.5   |
| 电机 | 600580 | 卧龙电驱 | 182.8 | 23.1  | -1.3  |  -3.7   |  -4.1   |
| 电机 | 603489 | 八方股份 | 219.9 | 30.6  | -1.8  |  -2.2   |  -6.7   |
| 电机 | 002823 | 凯中精密 | 28.4  | 35.4  | -2.4  |  -2.5   |  -3.2   |
| 电机 | 603728 | 鸣志电器 | 79.7  | 50.9  | -2.6  |  -11.2  |  -17.4  |
| 电机 | 000922 | 佳电股份 | 53.3  | 17.7  | -2.6  |  -6.4   |   3.1   |
| 电机 | 603819 | 神力股份 | 35.5  | 30.9  | -2.7  |  -5.7   |  -8.4   |
| 电机 | 300626 | 华瑞股份 | 15.5  | 60.4  | -2.9  |  -5.1   |  -5.8   |
| 电机 | 301226 | 祥明智能 | 23.1  | 38.3  | -3.4  |  -1.9   |  -2.4   |
| 电机 | 002249 | 大洋电机 | 138.6 | 23.6  | -3.9  |  -6.4   |  -6.1   |
| 电机 | 002801 | 微光股份 | 68.2  | 22.1  | -4.4  |  -9.9   |  -5.2   |
| 电机 | 688395 | 正弦电气 | 16.3  | 28.5  | -4.6  |  -4.6   |  -6.7   |
| 电机 | 002576 | 通达动力 | 23.2  | 57.4  | -4.6  |   2.9   |   1.2   |
| 电机 | 300660 | 江苏雷利 | 76.9  | 27.7  | -5.3  |  -11.7  |  -32.5  |
| 电机 | 301023 | 江南奕帆 | 22.4  | 27.6  | -5.4  |  -6.6   |  -10.6  |
| 电机 | 300907 | 康平科技 | 18.7  | 90.8  | -5.5  |  -2.5   |  -4.5   |
| 电机 | 002892 |  科力尔  | 44.4  | 69.5  | -6.5  |  -12.4  |  -18.6  |
| 电机 | 003021 | 兆威机电 | 78.8  | 86.8  | -10.0 |   0.2   |   1.3   |
+------+--------+----------+-------+-------+-------+---------+---------+
