[行业>市值]
+----------+--------+----------+-------+--------+------+---------+---------+
|   行业   |  代码  |   名称   | 市值  |   pe   | 涨幅 | 3日涨幅 | 6日涨幅 |
+----------+--------+----------+-------+--------+------+---------+---------+
| 综合行业 | 000009 | 中国宝安 | 317.5 |  48.1  | -2.1 |  -9.4   |  -11.1  |
| 综合行业 | 600673 |  东阳光  | 283.3 |  24.6  | 0.4  |  -2.1   |   0.8   |
| 综合行业 | 000958 | 电投产融 | 263.8 |  21.7  | 0.8  |   4.3   |   6.1   |
| 综合行业 | 600770 | 综艺股份 | 106.7 | -18.2  | -2.4 |  -4.3   |  -6.3   |
| 综合行业 | 000158 | 常山北明 | 91.4  | -26.4  | -1.4 |  -3.0   |  -5.6   |
| 综合行业 | 000839 |  ST国安  | 83.1  | -14.2  | 1.4  |   0.9   |   0.9   |
| 综合行业 | 000861 | 海印股份 | 65.8  |  16.2  | -2.2 |  -4.7   |  -3.7   |
| 综合行业 | 002758 | 浙农股份 | 63.3  |  11.3  | -1.1 |  -2.2   |  -4.7   |
| 综合行业 | 000652 | 泰达股份 | 58.1  | 374.8  | -0.8 |  -1.0   |  -3.0   |
| 综合行业 | 000833 | 粤桂股份 | 55.3  |  38.9  | -6.2 |  -12.6  |  -15.5  |
| 综合行业 | 000803 | 北清环能 | 50.0  |  30.9  | -0.6 |  -4.5   |  -11.6  |
| 综合行业 | 600784 | 鲁银投资 | 49.4  |  21.1  | -4.1 |  -6.2   |   1.2   |
| 综合行业 | 600624 | 复旦复华 | 48.6  | 211.0  | -1.2 |   8.4   |   6.5   |
| 综合行业 | 000576 | 甘化科工 | 45.1  |  44.7  | -3.7 |  -4.3   |  -3.7   |
| 综合行业 | 600805 | 悦达投资 | 44.2  |  13.2  | 0.2  |   5.1   |   8.3   |
| 综合行业 | 000909 | 数源科技 | 41.0  | 210.3  | 1.0  |   2.5   |  -4.1   |
| 综合行业 | 000532 | 华金资本 | 39.0  |  69.5  | -1.1 |   0.0   |  -2.4   |
| 综合行业 | 600568 |  ST中珠  | 31.3  | -190.4 | 0.0  |   0.0   |  -2.5   |
| 综合行业 | 600113 | 浙江东日 | 28.0  |  15.3  | -1.2 |  -3.0   |  -8.5   |
| 综合行业 | 000409 | 云鼎科技 | 27.0  | 259.5  | -2.6 |   0.4   |  -0.8   |
| 综合行业 | 000632 | 三木集团 | 21.7  |  85.9  | -5.3 |  -0.8   |   1.5   |
| 综合行业 | 600051 | 宁波联合 | 20.6  | -92.4  | -0.8 |   0.3   |  -1.5   |
| 综合行业 | 002591 | 恒大高新 | 18.6  | -170.5 | 9.9  |  24.8   |  21.8   |
+----------+--------+----------+-------+--------+------+---------+---------+
 




 [行业>单日涨幅]
+----------+--------+----------+-------+--------+------+---------+---------+
|   行业   |  代码  |   名称   | 市值  |   pe   | 涨幅 | 3日涨幅 | 6日涨幅 |
+----------+--------+----------+-------+--------+------+---------+---------+
| 综合行业 | 002591 | 恒大高新 | 18.6  | -170.5 | 9.9  |  24.8   |  21.8   |
| 综合行业 | 000839 |  ST国安  | 83.1  | -14.2  | 1.4  |   0.9   |   0.9   |
| 综合行业 | 000909 | 数源科技 | 41.0  | 210.3  | 1.0  |   2.5   |  -4.1   |
| 综合行业 | 000958 | 电投产融 | 263.8 |  21.7  | 0.8  |   4.3   |   6.1   |
| 综合行业 | 600673 |  东阳光  | 283.3 |  24.6  | 0.4  |  -2.1   |   0.8   |
| 综合行业 | 600805 | 悦达投资 | 44.2  |  13.2  | 0.2  |   5.1   |   8.3   |
| 综合行业 | 600568 |  ST中珠  | 31.3  | -190.4 | 0.0  |   0.0   |  -2.5   |
| 综合行业 | 000803 | 北清环能 | 50.0  |  30.9  | -0.6 |  -4.5   |  -11.6  |
| 综合行业 | 600051 | 宁波联合 | 20.6  | -92.4  | -0.8 |   0.3   |  -1.5   |
| 综合行业 | 000652 | 泰达股份 | 58.1  | 374.8  | -0.8 |  -1.0   |  -3.0   |
| 综合行业 | 000532 | 华金资本 | 39.0  |  69.5  | -1.1 |   0.0   |  -2.4   |
| 综合行业 | 002758 | 浙农股份 | 63.3  |  11.3  | -1.1 |  -2.2   |  -4.7   |
| 综合行业 | 600113 | 浙江东日 | 28.0  |  15.3  | -1.2 |  -3.0   |  -8.5   |
| 综合行业 | 600624 | 复旦复华 | 48.6  | 211.0  | -1.2 |   8.4   |   6.5   |
| 综合行业 | 000158 | 常山北明 | 91.4  | -26.4  | -1.4 |  -3.0   |  -5.6   |
| 综合行业 | 000009 | 中国宝安 | 317.5 |  48.1  | -2.1 |  -9.4   |  -11.1  |
| 综合行业 | 000861 | 海印股份 | 65.8  |  16.2  | -2.2 |  -4.7   |  -3.7   |
| 综合行业 | 600770 | 综艺股份 | 106.7 | -18.2  | -2.4 |  -4.3   |  -6.3   |
| 综合行业 | 000409 | 云鼎科技 | 27.0  | 259.5  | -2.6 |   0.4   |  -0.8   |
| 综合行业 | 000576 | 甘化科工 | 45.1  |  44.7  | -3.7 |  -4.3   |  -3.7   |
| 综合行业 | 600784 | 鲁银投资 | 49.4  |  21.1  | -4.1 |  -6.2   |   1.2   |
| 综合行业 | 000632 | 三木集团 | 21.7  |  85.9  | -5.3 |  -0.8   |   1.5   |
| 综合行业 | 000833 | 粤桂股份 | 55.3  |  38.9  | -6.2 |  -12.6  |  -15.5  |
+----------+--------+----------+-------+--------+------+---------+---------+
