[行业>市值]
+----------+--------+----------+--------+----------+------+---------+---------+
|   行业   |  代码  |   名称   |  市值  |    pe    | 涨幅 | 3日涨幅 | 6日涨幅 |
+----------+--------+----------+--------+----------+------+---------+---------+
| 美容护理 | 300896 |  爱美客  | 1203.0 |  107.4   | -0.8 |  -2.7   |  -7.7   |
| 美容护理 | 300957 |  贝泰妮  | 834.4  |  142.9   | -2.5 |  -4.6   |  -10.1  |
| 美容护理 | 688363 | 华熙生物 | 620.2  |   77.6   | -1.5 |  -4.6   |  -8.4   |
| 美容护理 | 603605 |  珀莱雅  | 431.4  |   68.1   | -1.2 |  -3.5   |  -8.4   |
| 美容护理 | 300888 | 稳健医疗 | 304.2  |   21.3   | -2.5 |  -0.4   |   2.9   |
| 美容护理 | 600315 | 上海家化 | 234.8  |   29.4   | -1.6 |  -3.4   |  -15.3  |
| 美容护理 | 002511 | 中顺洁柔 | 151.5  |   28.4   | -3.4 |  -5.1   |  -9.2   |
| 美容护理 | 002243 | 力合科创 | 108.5  |   77.9   | -1.8 |  -2.8   |  -6.3   |
| 美容护理 | 603983 | 丸美股份 |  96.5  |   36.9   | -3.3 |  -3.2   |  -8.4   |
| 美容护理 | 300856 | 科思股份 |  70.1  |   30.2   | -3.3 |  -0.9   |  -2.4   |
| 美容护理 | 000523 | 广州浪奇 |  58.2  |  -113.3  | -1.4 |  -2.7   |  -3.7   |
| 美容护理 | 605009 | 豪悦护理 |  56.4  |   25.7   | -2.5 |  -4.5   |  -6.9   |
| 美容护理 | 000615 | 奥园美谷 |  53.6  |  -34.5   | -1.9 |  -1.6   |  -6.0   |
| 美容护理 | 300740 | 水羊股份 |  50.4  |   30.3   | -3.6 |  -5.3   |  -9.5   |
| 美容护理 | 003006 | 百亚股份 |  46.7  |   21.1   | -4.4 |  -6.9   |  -10.2  |
| 美容护理 | 300132 | 青松股份 |  32.8  |  -13.4   | -3.1 |  -6.5   |  -9.3   |
| 美容护理 | 301009 | 可靠股份 |  31.2  |  397.9   | -2.9 |  -3.0   |  -7.4   |
| 美容护理 | 603630 | 拉芳家化 |  30.6  |  -299.0  | -1.8 |  -1.2   |  -4.7   |
| 美容护理 | 002919 | 名臣健康 |  29.9  |  455.9   | -2.7 |  -3.0   |  -5.5   |
| 美容护理 | 001206 | 依依股份 |  29.7  |   40.5   | -1.6 |  -1.8   |  -4.9   |
| 美容护理 | 600249 |  两面针  |  27.2  |  -23.0   | -2.0 |  -2.0   |  -5.5   |
| 美容护理 | 002094 | 青岛金王 |  25.2  |   47.7   | -2.1 |   0.0   |  -1.1   |
| 美容护理 | 300886 | 华业香料 |  23.1  |   83.2   | 0.0  |   0.0   |   0.0   |
| 美容护理 | 300955 | 嘉亨家化 |  23.0  |   34.4   | -3.8 |  -3.8   |  -5.7   |
| 美容护理 | 300658 | 延江股份 |  20.4  |   76.3   | -3.4 |  -3.0   |  -1.6   |
| 美容护理 | 603238 | 诺邦股份 |  18.3  |   60.0   | -2.0 |  -1.4   |  -5.4   |
| 美容护理 | 300849 | 锦盛新材 |  18.2  |  205.1   | -0.3 |   0.0   |  -0.3   |
| 美容护理 | 603059 |  倍加洁  |  17.8  | -11801.6 | -1.2 |  -1.8   |  -4.7   |
+----------+--------+----------+--------+----------+------+---------+---------+
 




 [行业>单日涨幅]
+----------+--------+----------+--------+----------+------+---------+---------+
|   行业   |  代码  |   名称   |  市值  |    pe    | 涨幅 | 3日涨幅 | 6日涨幅 |
+----------+--------+----------+--------+----------+------+---------+---------+
| 美容护理 | 300886 | 华业香料 |  23.1  |   83.2   | 0.0  |   0.0   |   0.0   |
| 美容护理 | 300849 | 锦盛新材 |  18.2  |  205.1   | -0.3 |   0.0   |  -0.3   |
| 美容护理 | 300896 |  爱美客  | 1203.0 |  107.4   | -0.8 |  -2.7   |  -7.7   |
| 美容护理 | 603605 |  珀莱雅  | 431.4  |   68.1   | -1.2 |  -3.5   |  -8.4   |
| 美容护理 | 603059 |  倍加洁  |  17.8  | -11801.6 | -1.2 |  -1.8   |  -4.7   |
| 美容护理 | 000523 | 广州浪奇 |  58.2  |  -113.3  | -1.4 |  -2.7   |  -3.7   |
| 美容护理 | 688363 | 华熙生物 | 620.2  |   77.6   | -1.5 |  -4.6   |  -8.4   |
| 美容护理 | 600315 | 上海家化 | 234.8  |   29.4   | -1.6 |  -3.4   |  -15.3  |
| 美容护理 | 001206 | 依依股份 |  29.7  |   40.5   | -1.6 |  -1.8   |  -4.9   |
| 美容护理 | 002243 | 力合科创 | 108.5  |   77.9   | -1.8 |  -2.8   |  -6.3   |
| 美容护理 | 603630 | 拉芳家化 |  30.6  |  -299.0  | -1.8 |  -1.2   |  -4.7   |
| 美容护理 | 000615 | 奥园美谷 |  53.6  |  -34.5   | -1.9 |  -1.6   |  -6.0   |
| 美容护理 | 600249 |  两面针  |  27.2  |  -23.0   | -2.0 |  -2.0   |  -5.5   |
| 美容护理 | 603238 | 诺邦股份 |  18.3  |   60.0   | -2.0 |  -1.4   |  -5.4   |
| 美容护理 | 002094 | 青岛金王 |  25.2  |   47.7   | -2.1 |   0.0   |  -1.1   |
| 美容护理 | 300957 |  贝泰妮  | 834.4  |  142.9   | -2.5 |  -4.6   |  -10.1  |
| 美容护理 | 605009 | 豪悦护理 |  56.4  |   25.7   | -2.5 |  -4.5   |  -6.9   |
| 美容护理 | 300888 | 稳健医疗 | 304.2  |   21.3   | -2.5 |  -0.4   |   2.9   |
| 美容护理 | 002919 | 名臣健康 |  29.9  |  455.9   | -2.7 |  -3.0   |  -5.5   |
| 美容护理 | 301009 | 可靠股份 |  31.2  |  397.9   | -2.9 |  -3.0   |  -7.4   |
| 美容护理 | 300132 | 青松股份 |  32.8  |  -13.4   | -3.1 |  -6.5   |  -9.3   |
| 美容护理 | 603983 | 丸美股份 |  96.5  |   36.9   | -3.3 |  -3.2   |  -8.4   |
| 美容护理 | 300856 | 科思股份 |  70.1  |   30.2   | -3.3 |  -0.9   |  -2.4   |
| 美容护理 | 002511 | 中顺洁柔 | 151.5  |   28.4   | -3.4 |  -5.1   |  -9.2   |
| 美容护理 | 300658 | 延江股份 |  20.4  |   76.3   | -3.4 |  -3.0   |  -1.6   |
| 美容护理 | 300740 | 水羊股份 |  50.4  |   30.3   | -3.6 |  -5.3   |  -9.5   |
| 美容护理 | 300955 | 嘉亨家化 |  23.0  |   34.4   | -3.8 |  -3.8   |  -5.7   |
| 美容护理 | 003006 | 百亚股份 |  46.7  |   21.1   | -4.4 |  -6.9   |  -10.2  |
+----------+--------+----------+--------+----------+------+---------+---------+
