[行业>市值]
+------------+--------+----------+--------+-------+------+---------+---------+
|    行业    |  代码  |   名称   |  市值  |  pe   | 涨幅 | 3日涨幅 | 6日涨幅 |
+------------+--------+----------+--------+-------+------+---------+---------+
| 非金属材料 | 603260 | 合盛硅业 | 1117.0 | 13.6  | -0.1 |  -11.1  |  -16.6  |
| 非金属材料 | 603688 | 石英股份 | 542.5  | 155.2 | 2.4  |   0.1   |   2.3   |
| 非金属材料 | 300861 | 美畅股份 | 356.2  | 31.3  | -3.4 |  -9.3   |  -4.6   |
| 非金属材料 | 688281 | 华秦科技 | 279.0  | 117.6 | -3.9 |  -4.0   |   2.7   |
| 非金属材料 | 600516 | 方大炭素 | 275.6  | 204.3 | -1.5 |  -6.0   |  -5.2   |
| 非金属材料 | 603826 | 坤彩科技 | 264.7  | 248.0 | -2.6 |  -3.1   |  -4.0   |
| 非金属材料 | 300395 |  菲利华  | 239.2  | 66.2  | -3.6 |  -7.3   |  -3.9   |
| 非金属材料 | 603612 | 索通发展 | 197.1  | 31.2  | -1.8 |   5.3   |  13.7   |
| 非金属材料 | 301071 | 力量钻石 | 190.7  | 47.1  | -2.8 |  -6.2   |  -9.3   |
| 非金属材料 | 300035 | 中科电气 | 184.8  | 35.8  | -1.8 |  -9.5   |  -8.4   |
| 非金属材料 | 688733 |  壹石通  | 145.6  | 83.5  | -2.6 |  -10.2  |  -5.1   |
| 非金属材料 | 300409 | 道氏技术 | 137.8  | 20.1  | -0.8 |  -9.8   |  -8.9   |
| 非金属材料 | 600330 | 天通股份 | 120.9  | 27.6  | 0.0  |  -8.9   |  -2.4   |
| 非金属材料 | 600172 | 黄河旋风 | 118.7  | 103.3 | -1.1 |  -7.2   |  -12.9  |
| 非金属材料 | 600783 | 鲁信创投 |  98.3  | 50.0  | 0.0  |   1.3   |  -1.4   |
| 非金属材料 | 688119 | 中钢洛耐 |  90.2  | 58.0  | -1.2 |  -1.1   |  -7.4   |
| 非金属材料 | 002130 | 沃尔核材 |  76.7  | 17.9  | -3.0 |  -4.5   |  -1.3   |
| 非金属材料 | 688357 | 建龙微纳 |  56.9  | 32.4  | -4.5 |  -8.2   |  -11.9  |
| 非金属材料 | 688300 | 联瑞新材 |  55.9  | 32.7  | -4.1 |  -6.8   |  -11.3  |
| 非金属材料 | 001296 | 长江材料 |  24.9  | 43.4  | 1.0  |  -2.0   |  -4.0   |
| 非金属材料 | 300743 | 天地数码 |  15.9  | 54.0  | -0.9 |   2.6   |  -0.4   |
+------------+--------+----------+--------+-------+------+---------+---------+
 




 [行业>单日涨幅]
+------------+--------+----------+--------+-------+------+---------+---------+
|    行业    |  代码  |   名称   |  市值  |  pe   | 涨幅 | 3日涨幅 | 6日涨幅 |
+------------+--------+----------+--------+-------+------+---------+---------+
| 非金属材料 | 603688 | 石英股份 | 542.5  | 155.2 | 2.4  |   0.1   |   2.3   |
| 非金属材料 | 001296 | 长江材料 |  24.9  | 43.4  | 1.0  |  -2.0   |  -4.0   |
| 非金属材料 | 600330 | 天通股份 | 120.9  | 27.6  | 0.0  |  -8.9   |  -2.4   |
| 非金属材料 | 600783 | 鲁信创投 |  98.3  | 50.0  | 0.0  |   1.3   |  -1.4   |
| 非金属材料 | 603260 | 合盛硅业 | 1117.0 | 13.6  | -0.1 |  -11.1  |  -16.6  |
| 非金属材料 | 300409 | 道氏技术 | 137.8  | 20.1  | -0.8 |  -9.8   |  -8.9   |
| 非金属材料 | 300743 | 天地数码 |  15.9  | 54.0  | -0.9 |   2.6   |  -0.4   |
| 非金属材料 | 600172 | 黄河旋风 | 118.7  | 103.3 | -1.1 |  -7.2   |  -12.9  |
| 非金属材料 | 688119 | 中钢洛耐 |  90.2  | 58.0  | -1.2 |  -1.1   |  -7.4   |
| 非金属材料 | 600516 | 方大炭素 | 275.6  | 204.3 | -1.5 |  -6.0   |  -5.2   |
| 非金属材料 | 603612 | 索通发展 | 197.1  | 31.2  | -1.8 |   5.3   |  13.7   |
| 非金属材料 | 300035 | 中科电气 | 184.8  | 35.8  | -1.8 |  -9.5   |  -8.4   |
| 非金属材料 | 688733 |  壹石通  | 145.6  | 83.5  | -2.6 |  -10.2  |  -5.1   |
| 非金属材料 | 603826 | 坤彩科技 | 264.7  | 248.0 | -2.6 |  -3.1   |  -4.0   |
| 非金属材料 | 301071 | 力量钻石 | 190.7  | 47.1  | -2.8 |  -6.2   |  -9.3   |
| 非金属材料 | 002130 | 沃尔核材 |  76.7  | 17.9  | -3.0 |  -4.5   |  -1.3   |
| 非金属材料 | 300861 | 美畅股份 | 356.2  | 31.3  | -3.4 |  -9.3   |  -4.6   |
| 非金属材料 | 300395 |  菲利华  | 239.2  | 66.2  | -3.6 |  -7.3   |  -3.9   |
| 非金属材料 | 688281 | 华秦科技 | 279.0  | 117.6 | -3.9 |  -4.0   |   2.7   |
| 非金属材料 | 688300 | 联瑞新材 |  55.9  | 32.7  | -4.1 |  -6.8   |  -11.3  |
| 非金属材料 | 688357 | 建龙微纳 |  56.9  | 32.4  | -4.5 |  -8.2   |  -11.9  |
+------------+--------+----------+--------+-------+------+---------+---------+
