[行业>市值]
+----------+--------+----------+-------+--------+------+---------+---------+
|   行业   |  代码  |   名称   | 市值  |   pe   | 涨幅 | 3日涨幅 | 6日涨幅 |
+----------+--------+----------+-------+--------+------+---------+---------+
| 包装材料 | 002191 | 劲嘉股份 | 143.6 |  11.8  | 2.9  |  -1.3   |   8.8   |
| 包装材料 | 002701 |  奥瑞金  | 127.9 |  15.5  | 1.0  |  -0.4   |   0.4   |
| 包装材料 | 600210 | 紫江企业 | 96.3  |  19.8  | 3.4  |   6.9   |  17.2   |
| 包装材料 | 601515 | 东风股份 | 82.9  |  17.1  | 1.8  |  -0.7   |   2.5   |
| 包装材料 | 601968 | 宝钢包装 | 76.7  |  29.9  | 2.0  |  -4.2   |  -4.4   |
| 包装材料 | 002565 | 顺灏股份 | 51.9  | -449.3 | 5.8  |   2.1   |  20.1   |
| 包装材料 | 002303 |  美盈森  | 51.3  |  31.2  | 1.8  |  -0.9   |   0.0   |
| 包装材料 | 002735 | 王子新材 | 50.3  |  30.9  | -1.1 |  -1.0   |   0.8   |
| 包装材料 | 600836 | 上海易连 | 45.8  | 526.1  | 0.1  |  -1.2   |  -0.6   |
| 包装材料 | 301062 | 上海艾录 | 44.8  |  35.2  | 0.5  |  -4.6   |  -2.4   |
| 包装材料 | 002752 | 昇兴股份 | 43.6  |  23.2  | 0.7  |  -0.2   |   0.9   |
| 包装材料 | 000812 | 陕西金叶 | 42.9  | 164.9  | 3.9  |  -3.1   |   0.9   |
| 包装材料 | 002228 | 合兴包装 | 42.5  |  20.3  | 1.5  |  -0.9   |   0.9   |
| 包装材料 | 000659 | 珠海中富 | 42.0  | -54.0  | 0.9  |  -3.8   |  -7.4   |
| 包装材料 | 002014 | 永新股份 | 40.4  |  15.5  | -0.1 |  -0.3   |  -0.9   |
| 包装材料 | 002969 | 嘉美包装 | 39.1  | 166.5  | 1.0  |  -1.9   |  -0.2   |
| 包装材料 | 603687 |  大胜达  | 37.7  |  38.6  | 2.6  |   4.9   |   4.7   |
| 包装材料 | 002951 | 金时科技 | 32.6  | 849.9  | 1.1  |  -2.5   |  -2.3   |
| 包装材料 | 002799 | 环球印务 | 29.4  |  26.8  | 4.0  |   9.2   |  10.0   |
| 包装材料 | 300501 | 海顺新材 | 27.1  |  26.5  | 2.4  |  -2.9   |  -2.2   |
| 包装材料 | 002599 | 盛通股份 | 23.8  | -23.9  | 0.5  |  -1.8   |  -3.7   |
| 包装材料 | 002846 | 英联股份 | 19.2  | -90.3  | 0.5  |  -1.9   |  -2.6   |
| 包装材料 | 603022 |  新通联  | 18.0  |  56.4  | 5.0  |   1.1   |   0.1   |
| 包装材料 | 002787 | 华源控股 | 17.2  | 134.6  | 0.2  |  -2.1   |  -0.7   |
| 包装材料 | 003003 | 天元股份 | 16.0  | 1373.7 | 2.7  |   0.0   |  -0.1   |
+----------+--------+----------+-------+--------+------+---------+---------+
 




 [行业>单日涨幅]
+----------+--------+----------+-------+--------+------+---------+---------+
|   行业   |  代码  |   名称   | 市值  |   pe   | 涨幅 | 3日涨幅 | 6日涨幅 |
+----------+--------+----------+-------+--------+------+---------+---------+
| 包装材料 | 002565 | 顺灏股份 | 51.9  | -449.3 | 5.8  |   2.1   |  20.1   |
| 包装材料 | 603022 |  新通联  | 18.0  |  56.4  | 5.0  |   1.1   |   0.1   |
| 包装材料 | 002799 | 环球印务 | 29.4  |  26.8  | 4.0  |   9.2   |  10.0   |
| 包装材料 | 000812 | 陕西金叶 | 42.9  | 164.9  | 3.9  |  -3.1   |   0.9   |
| 包装材料 | 600210 | 紫江企业 | 96.3  |  19.8  | 3.4  |   6.9   |  17.2   |
| 包装材料 | 002191 | 劲嘉股份 | 143.6 |  11.8  | 2.9  |  -1.3   |   8.8   |
| 包装材料 | 003003 | 天元股份 | 16.0  | 1373.7 | 2.7  |   0.0   |  -0.1   |
| 包装材料 | 603687 |  大胜达  | 37.7  |  38.6  | 2.6  |   4.9   |   4.7   |
| 包装材料 | 300501 | 海顺新材 | 27.1  |  26.5  | 2.4  |  -2.9   |  -2.2   |
| 包装材料 | 601968 | 宝钢包装 | 76.7  |  29.9  | 2.0  |  -4.2   |  -4.4   |
| 包装材料 | 002303 |  美盈森  | 51.3  |  31.2  | 1.8  |  -0.9   |   0.0   |
| 包装材料 | 601515 | 东风股份 | 82.9  |  17.1  | 1.8  |  -0.7   |   2.5   |
| 包装材料 | 002228 | 合兴包装 | 42.5  |  20.3  | 1.5  |  -0.9   |   0.9   |
| 包装材料 | 002951 | 金时科技 | 32.6  | 849.9  | 1.1  |  -2.5   |  -2.3   |
| 包装材料 | 002701 |  奥瑞金  | 127.9 |  15.5  | 1.0  |  -0.4   |   0.4   |
| 包装材料 | 002969 | 嘉美包装 | 39.1  | 166.5  | 1.0  |  -1.9   |  -0.2   |
| 包装材料 | 000659 | 珠海中富 | 42.0  | -54.0  | 0.9  |  -3.8   |  -7.4   |
| 包装材料 | 002752 | 昇兴股份 | 43.6  |  23.2  | 0.7  |  -0.2   |   0.9   |
| 包装材料 | 002846 | 英联股份 | 19.2  | -90.3  | 0.5  |  -1.9   |  -2.6   |
| 包装材料 | 002599 | 盛通股份 | 23.8  | -23.9  | 0.5  |  -1.8   |  -3.7   |
| 包装材料 | 301062 | 上海艾录 | 44.8  |  35.2  | 0.5  |  -4.6   |  -2.4   |
| 包装材料 | 002787 | 华源控股 | 17.2  | 134.6  | 0.2  |  -2.1   |  -0.7   |
| 包装材料 | 600836 | 上海易连 | 45.8  | 526.1  | 0.1  |  -1.2   |  -0.6   |
| 包装材料 | 002014 | 永新股份 | 40.4  |  15.5  | -0.1 |  -0.3   |  -0.9   |
| 包装材料 | 002735 | 王子新材 | 50.3  |  30.9  | -1.1 |  -1.0   |   0.8   |
+----------+--------+----------+-------+--------+------+---------+---------+
