[行业>市值]
+----------+--------+----------+--------+-------+------+---------+---------+
|   行业   |  代码  |   名称   |  市值  |  pe   | 涨幅 | 3日涨幅 | 6日涨幅 |
+----------+--------+----------+--------+-------+------+---------+---------+
| 化肥行业 | 000792 | 盐湖股份 | 1742.0 | 12.5  | 0.1  |   2.9   |   3.9   |
| 化肥行业 | 600096 |  云天化  | 575.2  |  8.7  | 4.5  |  11.8   |  13.3   |
| 化肥行业 | 000408 | 藏格矿业 | 524.4  | 16.1  | 1.0  |   5.1   |  11.8   |
| 化肥行业 | 600141 | 兴发集团 | 478.2  |  7.0  | 3.6  |   7.9   |  12.4   |
| 化肥行业 | 000893 | 亚钾国际 | 290.0  | 25.9  | 10.0 |  10.7   |  11.7   |
| 化肥行业 | 000902 |  新洋丰  | 239.3  | 14.7  | 7.2  |   7.8   |  10.8   |
| 化肥行业 | 002312 | 川发龙蟒 | 228.6  | 20.9  | -1.2 |   8.7   |  16.2   |
| 化肥行业 | 002895 | 川恒股份 | 191.4  | 46.0  | 0.1  |   7.4   |  12.8   |
| 化肥行业 | 002539 | 云图控股 | 182.4  |  9.8  | -1.4 |  10.2   |  16.7   |
| 化肥行业 | 603938 | 三孚股份 | 147.9  | 24.6  | 10.0 |  18.5   |  19.1   |
| 化肥行业 | 002556 | 辉隆股份 | 115.5  | 13.8  | 0.4  |   1.4   |   7.2   |
| 化肥行业 | 002274 | 华昌化工 | 104.8  | 10.7  | 4.9  |   4.9   |   6.2   |
| 化肥行业 | 600691 | 阳煤化工 |  99.8  | 26.9  | 2.4  |   5.3   |   5.3   |
| 化肥行业 | 000912 |  泸天化  |  91.3  | 16.3  | 1.9  |   4.5   |   5.6   |
| 化肥行业 | 002538 |  司尔特  |  87.1  | 14.1  | 6.6  |  14.6   |  19.2   |
| 化肥行业 | 002588 |  史丹利  |  82.2  | 13.7  | 3.2  |   2.2   |   2.2   |
| 化肥行业 | 002470 |  ST金正  |  77.5  | -74.4 | -2.1 |   0.4   |  -1.3   |
| 化肥行业 | 600078 | *ST澄星  |  77.4  | 28.6  | -0.9 |  -0.8   |  -3.9   |
| 化肥行业 | 300505 |  川金诺  |  62.0  | 25.9  | -0.5 |   8.3   |  10.7   |
| 化肥行业 | 000731 | 四川美丰 |  57.4  |  8.0  | 0.1  |   4.4   |   4.3   |
| 化肥行业 | 002170 | 芭田股份 |  53.5  | 61.5  | 2.7  |   6.7   |   6.2   |
| 化肥行业 | 600470 | 六国化工 |  45.2  | 16.9  | -0.2 |   9.1   |   9.3   |
| 化肥行业 | 002999 | 天禾股份 |  29.0  | 51.9  | -4.4 |   7.1   |  10.2   |
| 化肥行业 | 300387 | 富邦股份 |  20.9  | 38.7  | 1.3  |  -1.2   |  -3.4   |
| 化肥行业 | 000611 |  天首退  |  3.3   | -10.5 | -4.8 |  -7.5   |  -71.5  |
+----------+--------+----------+--------+-------+------+---------+---------+
 




 [行业>单日涨幅]
+----------+--------+----------+--------+-------+------+---------+---------+
|   行业   |  代码  |   名称   |  市值  |  pe   | 涨幅 | 3日涨幅 | 6日涨幅 |
+----------+--------+----------+--------+-------+------+---------+---------+
| 化肥行业 | 603938 | 三孚股份 | 147.9  | 24.6  | 10.0 |  18.5   |  19.1   |
| 化肥行业 | 000893 | 亚钾国际 | 290.0  | 25.9  | 10.0 |  10.7   |  11.7   |
| 化肥行业 | 000902 |  新洋丰  | 239.3  | 14.7  | 7.2  |   7.8   |  10.8   |
| 化肥行业 | 002538 |  司尔特  |  87.1  | 14.1  | 6.6  |  14.6   |  19.2   |
| 化肥行业 | 002274 | 华昌化工 | 104.8  | 10.7  | 4.9  |   4.9   |   6.2   |
| 化肥行业 | 600096 |  云天化  | 575.2  |  8.7  | 4.5  |  11.8   |  13.3   |
| 化肥行业 | 600141 | 兴发集团 | 478.2  |  7.0  | 3.6  |   7.9   |  12.4   |
| 化肥行业 | 002588 |  史丹利  |  82.2  | 13.7  | 3.2  |   2.2   |   2.2   |
| 化肥行业 | 002170 | 芭田股份 |  53.5  | 61.5  | 2.7  |   6.7   |   6.2   |
| 化肥行业 | 600691 | 阳煤化工 |  99.8  | 26.9  | 2.4  |   5.3   |   5.3   |
| 化肥行业 | 000912 |  泸天化  |  91.3  | 16.3  | 1.9  |   4.5   |   5.6   |
| 化肥行业 | 300387 | 富邦股份 |  20.9  | 38.7  | 1.3  |  -1.2   |  -3.4   |
| 化肥行业 | 000408 | 藏格矿业 | 524.4  | 16.1  | 1.0  |   5.1   |  11.8   |
| 化肥行业 | 002556 | 辉隆股份 | 115.5  | 13.8  | 0.4  |   1.4   |   7.2   |
| 化肥行业 | 000731 | 四川美丰 |  57.4  |  8.0  | 0.1  |   4.4   |   4.3   |
| 化肥行业 | 000792 | 盐湖股份 | 1742.0 | 12.5  | 0.1  |   2.9   |   3.9   |
| 化肥行业 | 002895 | 川恒股份 | 191.4  | 46.0  | 0.1  |   7.4   |  12.8   |
| 化肥行业 | 600470 | 六国化工 |  45.2  | 16.9  | -0.2 |   9.1   |   9.3   |
| 化肥行业 | 300505 |  川金诺  |  62.0  | 25.9  | -0.5 |   8.3   |  10.7   |
| 化肥行业 | 600078 | *ST澄星  |  77.4  | 28.6  | -0.9 |  -0.8   |  -3.9   |
| 化肥行业 | 002312 | 川发龙蟒 | 228.6  | 20.9  | -1.2 |   8.7   |  16.2   |
| 化肥行业 | 002539 | 云图控股 | 182.4  |  9.8  | -1.4 |  10.2   |  16.7   |
| 化肥行业 | 002470 |  ST金正  |  77.5  | -74.4 | -2.1 |   0.4   |  -1.3   |
| 化肥行业 | 002999 | 天禾股份 |  29.0  | 51.9  | -4.4 |   7.1   |  10.2   |
| 化肥行业 | 000611 |  天首退  |  3.3   | -10.5 | -4.8 |  -7.5   |  -71.5  |
+----------+--------+----------+--------+-------+------+---------+---------+
