[行业>市值]
+----------+--------+----------+--------+--------+------+---------+---------+
|   行业   |  代码  |   名称   |  市值  |   pe   | 涨幅 | 3日涨幅 | 6日涨幅 |
+----------+--------+----------+--------+--------+------+---------+---------+
| 工程机械 | 600031 | XD三一重 | 1428.0 |  22.4  | -0.9 |  -1.5   |   2.8   |
| 工程机械 | 601100 | 恒立液压 | 699.9  |  33.1  | 1.6  |  -0.0   |   3.6   |
| 工程机械 | 000157 | 中联重科 | 518.9  |  14.3  | 0.3  |  -1.2   |   0.7   |
| 工程机械 | 000425 | 徐工机械 | 412.8  |  7.3   | 0.6  |  -0.6   |  -0.4   |
| 工程机械 | 603338 | 浙江鼎力 | 237.5  |  30.3  | -0.2 |  -2.2   |  -0.9   |
| 工程机械 | 688425 | XD铁建重 | 229.9  |  15.2  | 1.9  |   0.4   |   3.6   |
| 工程机械 | 603638 | 艾迪精密 | 158.0  |  54.6  | 2.3  |  -1.2   |   0.5   |
| 工程机械 | 000528 | 柳    工 | 125.5  |  12.3  | 0.8  |   0.6   |   1.4   |
| 工程机械 | 603298 | 杭叉集团 | 117.1  |  15.4  | 0.4  |  -1.9   |  -5.2   |
| 工程机械 | 600761 | 安徽合力 |  77.6  |  10.0  | 1.9  |   1.9   |   1.0   |
| 工程机械 | 002204 | 大连重工 |  74.9  |  26.8  | 0.8  |  -2.3   |   2.9   |
| 工程机械 | 000680 | 山推股份 |  72.7  |  5.0   | 0.8  |  -0.2   |  -5.1   |
| 工程机械 | 600984 | 建设机械 |  71.8  | -33.3  | 1.4  |  -0.8   |  -0.3   |
| 工程机械 | 002097 | 山河智能 |  71.2  | -36.4  | 1.6  |  -0.1   |   1.7   |
| 工程机械 | 605305 | 中际联合 |  68.2  |  38.7  | 4.8  |   0.9   |   5.7   |
| 工程机械 | 601226 | 华电重工 |  58.4  | -13.4  | 0.0  |  -2.1   |   4.2   |
| 工程机械 | 600375 | 汉马科技 |  52.0  |  -8.0  | 4.2  |   1.9   |   3.0   |
| 工程机械 | 600815 | 厦工股份 |  50.9  | -665.8 | 0.3  |  -2.7   |  -3.4   |
| 工程机械 | 600817 | 宇通重工 |  49.0  |  14.4  | 1.1  |  -4.5   |  -5.8   |
| 工程机械 | 603611 | XD诺力股 |  42.3  |  14.7  | 1.3  |   0.7   |   4.9   |
| 工程机械 | 300718 | 长盛轴承 |  38.3  |  31.6  | 1.3  |  -1.2   |   2.3   |
| 工程机械 | 605389 | 长龄液压 |  34.4  |  20.4  | 0.3  |  -2.1   |  -0.8   |
| 工程机械 | 301040 | 中环海陆 |  28.7  |  42.1  | 0.7  |  -6.5   |   1.4   |
| 工程机械 | 002272 | 川润股份 |  25.6  |  65.8  | 10.0 |  10.6   |  15.2   |
| 工程机械 | 001288 | 运机集团 |  22.9  |  27.1  | 0.7  |  -3.0   |  -0.1   |
| 工程机械 | 300201 | *ST海伦  |  21.6  |  16.6  | 0.0  |  -3.3   |  -1.4   |
| 工程机械 | 300022 | 吉峰科技 |  18.6  | -223.0 | 0.6  |  -2.2   |  -5.6   |
+----------+--------+----------+--------+--------+------+---------+---------+
 




 [行业>单日涨幅]
+----------+--------+----------+--------+--------+------+---------+---------+
|   行业   |  代码  |   名称   |  市值  |   pe   | 涨幅 | 3日涨幅 | 6日涨幅 |
+----------+--------+----------+--------+--------+------+---------+---------+
| 工程机械 | 002272 | 川润股份 |  25.6  |  65.8  | 10.0 |  10.6   |  15.2   |
| 工程机械 | 605305 | 中际联合 |  68.2  |  38.7  | 4.8  |   0.9   |   5.7   |
| 工程机械 | 600375 | 汉马科技 |  52.0  |  -8.0  | 4.2  |   1.9   |   3.0   |
| 工程机械 | 603638 | 艾迪精密 | 158.0  |  54.6  | 2.3  |  -1.2   |   0.5   |
| 工程机械 | 688425 | XD铁建重 | 229.9  |  15.2  | 1.9  |   0.4   |   3.6   |
| 工程机械 | 600761 | 安徽合力 |  77.6  |  10.0  | 1.9  |   1.9   |   1.0   |
| 工程机械 | 601100 | 恒立液压 | 699.9  |  33.1  | 1.6  |  -0.0   |   3.6   |
| 工程机械 | 002097 | 山河智能 |  71.2  | -36.4  | 1.6  |  -0.1   |   1.7   |
| 工程机械 | 600984 | 建设机械 |  71.8  | -33.3  | 1.4  |  -0.8   |  -0.3   |
| 工程机械 | 603611 | XD诺力股 |  42.3  |  14.7  | 1.3  |   0.7   |   4.9   |
| 工程机械 | 300718 | 长盛轴承 |  38.3  |  31.6  | 1.3  |  -1.2   |   2.3   |
| 工程机械 | 600817 | 宇通重工 |  49.0  |  14.4  | 1.1  |  -4.5   |  -5.8   |
| 工程机械 | 000680 | 山推股份 |  72.7  |  5.0   | 0.8  |  -0.2   |  -5.1   |
| 工程机械 | 000528 | 柳    工 | 125.5  |  12.3  | 0.8  |   0.6   |   1.4   |
| 工程机械 | 002204 | 大连重工 |  74.9  |  26.8  | 0.8  |  -2.3   |   2.9   |
| 工程机械 | 001288 | 运机集团 |  22.9  |  27.1  | 0.7  |  -3.0   |  -0.1   |
| 工程机械 | 301040 | 中环海陆 |  28.7  |  42.1  | 0.7  |  -6.5   |   1.4   |
| 工程机械 | 300022 | 吉峰科技 |  18.6  | -223.0 | 0.6  |  -2.2   |  -5.6   |
| 工程机械 | 000425 | 徐工机械 | 412.8  |  7.3   | 0.6  |  -0.6   |  -0.4   |
| 工程机械 | 603298 | 杭叉集团 | 117.1  |  15.4  | 0.4  |  -1.9   |  -5.2   |
| 工程机械 | 600815 | 厦工股份 |  50.9  | -665.8 | 0.3  |  -2.7   |  -3.4   |
| 工程机械 | 000157 | 中联重科 | 518.9  |  14.3  | 0.3  |  -1.2   |   0.7   |
| 工程机械 | 605389 | 长龄液压 |  34.4  |  20.4  | 0.3  |  -2.1   |  -0.8   |
| 工程机械 | 601226 | 华电重工 |  58.4  | -13.4  | 0.0  |  -2.1   |   4.2   |
| 工程机械 | 300201 | *ST海伦  |  21.6  |  16.6  | 0.0  |  -3.3   |  -1.4   |
| 工程机械 | 603338 | 浙江鼎力 | 237.5  |  30.3  | -0.2 |  -2.2   |  -0.9   |
| 工程机械 | 600031 | XD三一重 | 1428.0 |  22.4  | -0.9 |  -1.5   |   2.8   |
+----------+--------+----------+--------+--------+------+---------+---------+
