[行业>市值]
+----------+--------+----------+--------+-------+------+---------+---------+
|   行业   |  代码  |   名称   |  市值  |  pe   | 涨幅 | 3日涨幅 | 6日涨幅 |
+----------+--------+----------+--------+-------+------+---------+---------+
| 汽车整车 | 601633 | 长城汽车 | 3381.0 | 51.7  | 2.6  |   4.1   |   8.1   |
| 汽车整车 | 600104 | 上汽集团 | 2050.0 |  9.3  | 2.6  |   1.9   |  -0.6   |
| 汽车整车 | 601238 | 广汽集团 | 1683.0 | 14.0  | 3.1  |   2.4   |   0.9   |
| 汽车整车 | 000625 | 长安汽车 | 1191.0 |  6.6  | 3.3  |   2.1   |   7.4   |
| 汽车整车 | 601127 | 小康股份 | 972.6  | -29.0 | 10.0 |   7.4   |  23.8   |
| 汽车整车 | 000800 | 一汽解放 | 421.2  | 23.3  | 1.1  |   1.6   |  -0.6   |
| 汽车整车 | 600733 | 北汽蓝谷 | 342.1  | -8.9  | 3.1  |   1.1   |   3.5   |
| 汽车整车 | 600418 | XD江淮汽 | 268.2  | -23.1 | 1.3  |   1.5   |   3.2   |
| 汽车整车 | 601777 | 力帆科技 | 233.6  | 114.8 | 1.8  |  12.1   |  11.8   |
| 汽车整车 | 301039 | 中集车辆 | 208.4  | 41.9  | 1.5  |  -5.3   |  -9.2   |
| 汽车整车 | 000980 |  ST众泰  | 184.5  | -29.4 | 2.2  |  -1.4   |  -7.1   |
| 汽车整车 | 600066 | 宇通客车 | 178.2  | -38.5 | 1.9  |   0.4   |  -1.9   |
| 汽车整车 | 600166 | 福田汽车 | 176.2  | 32.5  | 1.1  |   0.0   |  -3.6   |
| 汽车整车 | 600006 | 东风汽车 | 166.0  | 35.0  | -8.3 |  -10.4  |  11.0   |
| 汽车整车 | 000951 | 中国重汽 | 143.2  | 28.9  | 1.2  |  -2.5   |  -3.5   |
| 汽车整车 | 000550 | 江铃汽车 | 130.9  | 16.9  | 2.4  |  -2.1   |  -7.0   |
| 汽车整车 | 000572 | 海马汽车 | 103.4  | -42.5 | 10.0 |  12.7   |   6.2   |
| 汽车整车 | 000957 | 中通客车 |  93.7  | -66.4 | -1.2 |  -1.2   |  -1.2   |
| 汽车整车 | 600686 | 金龙汽车 |  44.6  | 287.6 | 2.0  |  -2.5   |  -7.7   |
| 汽车整车 | 000868 | 安凯客车 |  38.1  | -23.8 | -3.9 |  -9.3   |  -1.1   |
| 汽车整车 | 600213 | 亚星客车 |  23.7  | -13.6 | 2.6  |  -2.9   |  -11.5  |
| 汽车整车 | 600303 |  ST曙光  |  22.6  | -17.3 | 0.3  |  -0.9   |  -4.6   |
| 汽车整车 | 002594 |  比亚迪  |  0.0   | 314.0 | 8.2  |  10.8   |  16.3   |
+----------+--------+----------+--------+-------+------+---------+---------+
 




 [行业>单日涨幅]
+----------+--------+----------+--------+-------+------+---------+---------+
|   行业   |  代码  |   名称   |  市值  |  pe   | 涨幅 | 3日涨幅 | 6日涨幅 |
+----------+--------+----------+--------+-------+------+---------+---------+
| 汽车整车 | 601127 | 小康股份 | 972.6  | -29.0 | 10.0 |   7.4   |  23.8   |
| 汽车整车 | 000572 | 海马汽车 | 103.4  | -42.5 | 10.0 |  12.7   |   6.2   |
| 汽车整车 | 002594 |  比亚迪  |  0.0   | 314.0 | 8.2  |  10.8   |  16.3   |
| 汽车整车 | 000625 | 长安汽车 | 1191.0 |  6.6  | 3.3  |   2.1   |   7.4   |
| 汽车整车 | 601238 | 广汽集团 | 1683.0 | 14.0  | 3.1  |   2.4   |   0.9   |
| 汽车整车 | 600733 | 北汽蓝谷 | 342.1  | -8.9  | 3.1  |   1.1   |   3.5   |
| 汽车整车 | 601633 | 长城汽车 | 3381.0 | 51.7  | 2.6  |   4.1   |   8.1   |
| 汽车整车 | 600213 | 亚星客车 |  23.7  | -13.6 | 2.6  |  -2.9   |  -11.5  |
| 汽车整车 | 600104 | 上汽集团 | 2050.0 |  9.3  | 2.6  |   1.9   |  -0.6   |
| 汽车整车 | 000550 | 江铃汽车 | 130.9  | 16.9  | 2.4  |  -2.1   |  -7.0   |
| 汽车整车 | 000980 |  ST众泰  | 184.5  | -29.4 | 2.2  |  -1.4   |  -7.1   |
| 汽车整车 | 600686 | 金龙汽车 |  44.6  | 287.6 | 2.0  |  -2.5   |  -7.7   |
| 汽车整车 | 600066 | 宇通客车 | 178.2  | -38.5 | 1.9  |   0.4   |  -1.9   |
| 汽车整车 | 601777 | 力帆科技 | 233.6  | 114.8 | 1.8  |  12.1   |  11.8   |
| 汽车整车 | 301039 | 中集车辆 | 208.4  | 41.9  | 1.5  |  -5.3   |  -9.2   |
| 汽车整车 | 600418 | XD江淮汽 | 268.2  | -23.1 | 1.3  |   1.5   |   3.2   |
| 汽车整车 | 000951 | 中国重汽 | 143.2  | 28.9  | 1.2  |  -2.5   |  -3.5   |
| 汽车整车 | 600166 | 福田汽车 | 176.2  | 32.5  | 1.1  |   0.0   |  -3.6   |
| 汽车整车 | 000800 | 一汽解放 | 421.2  | 23.3  | 1.1  |   1.6   |  -0.6   |
| 汽车整车 | 600303 |  ST曙光  |  22.6  | -17.3 | 0.3  |  -0.9   |  -4.6   |
| 汽车整车 | 000957 | 中通客车 |  93.7  | -66.4 | -1.2 |  -1.2   |  -1.2   |
| 汽车整车 | 000868 | 安凯客车 |  38.1  | -23.8 | -3.9 |  -9.3   |  -1.1   |
| 汽车整车 | 600006 | 东风汽车 | 166.0  | 35.0  | -8.3 |  -10.4  |  11.0   |
+----------+--------+----------+--------+-------+------+---------+---------+
