[行业>市值]
+----------+--------+----------+-------+--------+------+---------+---------+
|   行业   |  代码  |   名称   | 市值  |   pe   | 涨幅 | 3日涨幅 | 6日涨幅 |
+----------+--------+----------+-------+--------+------+---------+---------+
| 电源设备 | 601727 | 上海电气 | 643.4 | 1272.6 | 1.0  |  -0.7   |  -0.7   |
| 电源设备 | 600875 | 东方电气 | 469.7 |  12.7  | 1.0  |   1.8   |   8.6   |
| 电源设备 | 300376 |  易事特  | 179.4 |  45.5  | 2.0  |   4.5   |   5.9   |
| 电源设备 | 300593 |  新雷能  | 150.4 |  43.3  | 4.7  |   5.8   |   5.8   |
| 电源设备 | 002518 |  科士达  | 131.0 |  60.3  | 5.6  |   0.5   |   3.8   |
| 电源设备 | 002335 | 科华数据 | 120.7 |  30.8  | 4.6  |   5.0   |   7.5   |
| 电源设备 | 002534 | 西子洁能 | 107.5 |  66.9  | 1.7  |  -1.4   |   3.3   |
| 电源设备 | 002851 | 麦格米特 | 103.0 |  35.1  | 2.1  |  -2.9   |   2.0   |
| 电源设备 | 300820 | 英杰电气 | 91.0  |  42.1  | 1.0  |  -1.3   |  13.5   |
| 电源设备 | 002665 | 首航高科 | 80.5  | -37.3  | 0.3  |  -0.6   |   0.3   |
| 电源设备 | 600475 | 华光环能 | 79.5  |  9.6   | 2.1  |   1.1   |   1.6   |
| 电源设备 | 300693 | 盛弘股份 | 51.5  |  56.1  | 6.8  |   1.2   |   0.6   |
| 电源设备 | 002630 | 华西能源 | 49.8  |  -8.1  | 9.9  |  33.1   |  77.3   |
| 电源设备 | 002255 | 海陆重工 | 46.3  |  35.5  | 10.0 |   9.3   |   7.6   |
| 电源设备 | 300870 |  欧陆通  | 42.5  | -36.1  | 3.3  |  -3.9   |  -2.8   |
| 电源设备 | 002364 | 中恒电气 | 41.6  | 182.9  | 2.2  |   2.2   |   2.2   |
| 电源设备 | 002366 | *ST海核  | 35.1  | -28.4  | 4.9  |  12.5   |  20.5   |
| 电源设备 | 002227 | 奥 特 迅 | 33.1  | -95.7  | 3.9  |  -1.2   |  -3.5   |
| 电源设备 | 688551 |  科威尔  | 32.0  | 107.0  | 2.1  |  -2.0   |  12.9   |
| 电源设备 | 300105 | 龙源技术 | 31.1  | -106.5 | -2.0 |   2.0   |   4.0   |
| 电源设备 | 600405 |  动力源  | 30.2  | -39.4  | 2.5  |  -1.6   |  -0.6   |
| 电源设备 | 300153 | 科泰电源 | 26.5  | 141.2  | 1.6  |  -2.6   |   2.5   |
| 电源设备 | 300491 | 通合科技 | 24.1  | -72.8  | 2.7  |  -1.6   |  -3.6   |
| 电源设备 | 600202 |  哈空调  | 21.9  |  92.8  | 4.2  |   3.8   |   7.1   |
| 电源设备 | 300713 |  英可瑞  | 21.1  | 317.1  | 4.2  |  -2.3   |  -1.2   |
+----------+--------+----------+-------+--------+------+---------+---------+
 




 [行业>单日涨幅]
+----------+--------+----------+-------+--------+------+---------+---------+
|   行业   |  代码  |   名称   | 市值  |   pe   | 涨幅 | 3日涨幅 | 6日涨幅 |
+----------+--------+----------+-------+--------+------+---------+---------+
| 电源设备 | 002255 | 海陆重工 | 46.3  |  35.5  | 10.0 |   9.3   |   7.6   |
| 电源设备 | 002630 | 华西能源 | 49.8  |  -8.1  | 9.9  |  33.1   |  77.3   |
| 电源设备 | 300693 | 盛弘股份 | 51.5  |  56.1  | 6.8  |   1.2   |   0.6   |
| 电源设备 | 002518 |  科士达  | 131.0 |  60.3  | 5.6  |   0.5   |   3.8   |
| 电源设备 | 002366 | *ST海核  | 35.1  | -28.4  | 4.9  |  12.5   |  20.5   |
| 电源设备 | 300593 |  新雷能  | 150.4 |  43.3  | 4.7  |   5.8   |   5.8   |
| 电源设备 | 002335 | 科华数据 | 120.7 |  30.8  | 4.6  |   5.0   |   7.5   |
| 电源设备 | 300713 |  英可瑞  | 21.1  | 317.1  | 4.2  |  -2.3   |  -1.2   |
| 电源设备 | 600202 |  哈空调  | 21.9  |  92.8  | 4.2  |   3.8   |   7.1   |
| 电源设备 | 002227 | 奥 特 迅 | 33.1  | -95.7  | 3.9  |  -1.2   |  -3.5   |
| 电源设备 | 300870 |  欧陆通  | 42.5  | -36.1  | 3.3  |  -3.9   |  -2.8   |
| 电源设备 | 300491 | 通合科技 | 24.1  | -72.8  | 2.7  |  -1.6   |  -3.6   |
| 电源设备 | 600405 |  动力源  | 30.2  | -39.4  | 2.5  |  -1.6   |  -0.6   |
| 电源设备 | 002364 | 中恒电气 | 41.6  | 182.9  | 2.2  |   2.2   |   2.2   |
| 电源设备 | 002851 | 麦格米特 | 103.0 |  35.1  | 2.1  |  -2.9   |   2.0   |
| 电源设备 | 688551 |  科威尔  | 32.0  | 107.0  | 2.1  |  -2.0   |  12.9   |
| 电源设备 | 600475 | 华光环能 | 79.5  |  9.6   | 2.1  |   1.1   |   1.6   |
| 电源设备 | 300376 |  易事特  | 179.4 |  45.5  | 2.0  |   4.5   |   5.9   |
| 电源设备 | 002534 | 西子洁能 | 107.5 |  66.9  | 1.7  |  -1.4   |   3.3   |
| 电源设备 | 300153 | 科泰电源 | 26.5  | 141.2  | 1.6  |  -2.6   |   2.5   |
| 电源设备 | 600875 | 东方电气 | 469.7 |  12.7  | 1.0  |   1.8   |   8.6   |
| 电源设备 | 601727 | 上海电气 | 643.4 | 1272.6 | 1.0  |  -0.7   |  -0.7   |
| 电源设备 | 300820 | 英杰电气 | 91.0  |  42.1  | 1.0  |  -1.3   |  13.5   |
| 电源设备 | 002665 | 首航高科 | 80.5  | -37.3  | 0.3  |  -0.6   |   0.3   |
| 电源设备 | 300105 | 龙源技术 | 31.1  | -106.5 | -2.0 |   2.0   |   4.0   |
+----------+--------+----------+-------+--------+------+---------+---------+
