[行业>市值]
+----------+--------+----------+--------+-------+------+---------+---------+
|   行业   |  代码  |   名称   |  市值  |  pe   | 涨幅 | 3日涨幅 | 6日涨幅 |
+----------+--------+----------+--------+-------+------+---------+---------+
| 石油行业 | 600938 | 中国海油 | 9675.0 |  7.0  | 3.0  |   7.5   |   7.1   |
| 石油行业 | 600028 | XD中国石 | 5121.0 |  5.7  | 0.5  |   1.4   |   3.4   |
| 石油行业 | 600256 | 广汇能源 | 787.9  |  8.9  | 6.3  |  15.6   |  17.8   |
| 石油行业 | 600688 | 上海石化 | 369.1  | 43.2  | 0.6  |   2.1   |   3.0   |
| 石油行业 | 600777 | 新潮能源 | 197.9  |  9.4  | 3.6  |  18.8   |  28.2   |
| 石油行业 | 002221 | 东华能源 | 139.2  | 32.6  | 3.0  |   1.7   |   1.7   |
| 石油行业 | 000059 | 华锦股份 | 107.2  |  9.4  | 0.8  |   2.8   |   2.6   |
| 石油行业 | 000096 | 广聚能源 |  61.4  | 163.7 | 10.0 |  18.7   |  22.3   |
| 石油行业 | 600759 |  ST洲际  |  58.9  | 18.9  | 4.8  |  15.6   |  20.9   |
| 石油行业 | 000819 | 岳阳兴长 |  44.6  | 94.5  | 2.6  |  10.0   |  14.9   |
| 石油行业 | 000698 | 沈阳化工 |  37.5  | -8.2  | 0.2  |  -0.2   |  -0.2   |
| 石油行业 | 603353 | 和顺石油 |  34.3  | 41.6  | 1.9  |   4.9   |   5.8   |
| 石油行业 | 000554 | 泰山石油 |  30.7  | 269.9 | 1.1  |  11.0   |  11.3   |
| 石油行业 | 600387 |  ST海越  |  29.9  | 43.7  | -0.6 |  -2.5   |   2.1   |
| 石油行业 | 000159 | 国际实业 |  28.7  | 34.1  | 0.8  |   3.1   |   4.2   |
| 石油行业 | 000637 | 茂化实华 |  25.1  | -83.3 | -1.4 |   0.4   |   6.6   |
| 石油行业 | 300839 | 博汇股份 |  24.8  | 30.5  | -2.3 |   2.5   |   3.9   |
| 石油行业 | 603798 |  康普顿  |  20.2  | 16.5  | -1.0 |   0.9   |   1.3   |
| 石油行业 | 002778 | 中晟高科 |  16.8  | 379.5 | 2.1  |   1.1   |   1.5   |
| 石油行业 | 300023 |  宝德退  |  3.6   | 16.3  | -3.4 |  -62.0  |  -62.0  |
| 石油行业 | 601857 | 中国石油 |  0.0   |  6.9  | 1.6  |   7.1   |   6.1   |
+----------+--------+----------+--------+-------+------+---------+---------+
 




 [行业>单日涨幅]
+----------+--------+----------+--------+-------+------+---------+---------+
|   行业   |  代码  |   名称   |  市值  |  pe   | 涨幅 | 3日涨幅 | 6日涨幅 |
+----------+--------+----------+--------+-------+------+---------+---------+
| 石油行业 | 000096 | 广聚能源 |  61.4  | 163.7 | 10.0 |  18.7   |  22.3   |
| 石油行业 | 600256 | 广汇能源 | 787.9  |  8.9  | 6.3  |  15.6   |  17.8   |
| 石油行业 | 600759 |  ST洲际  |  58.9  | 18.9  | 4.8  |  15.6   |  20.9   |
| 石油行业 | 600777 | 新潮能源 | 197.9  |  9.4  | 3.6  |  18.8   |  28.2   |
| 石油行业 | 002221 | 东华能源 | 139.2  | 32.6  | 3.0  |   1.7   |   1.7   |
| 石油行业 | 600938 | 中国海油 | 9675.0 |  7.0  | 3.0  |   7.5   |   7.1   |
| 石油行业 | 000819 | 岳阳兴长 |  44.6  | 94.5  | 2.6  |  10.0   |  14.9   |
| 石油行业 | 002778 | 中晟高科 |  16.8  | 379.5 | 2.1  |   1.1   |   1.5   |
| 石油行业 | 603353 | 和顺石油 |  34.3  | 41.6  | 1.9  |   4.9   |   5.8   |
| 石油行业 | 601857 | 中国石油 |  0.0   |  6.9  | 1.6  |   7.1   |   6.1   |
| 石油行业 | 000554 | 泰山石油 |  30.7  | 269.9 | 1.1  |  11.0   |  11.3   |
| 石油行业 | 000159 | 国际实业 |  28.7  | 34.1  | 0.8  |   3.1   |   4.2   |
| 石油行业 | 000059 | 华锦股份 | 107.2  |  9.4  | 0.8  |   2.8   |   2.6   |
| 石油行业 | 600688 | 上海石化 | 369.1  | 43.2  | 0.6  |   2.1   |   3.0   |
| 石油行业 | 600028 | XD中国石 | 5121.0 |  5.7  | 0.5  |   1.4   |   3.4   |
| 石油行业 | 000698 | 沈阳化工 |  37.5  | -8.2  | 0.2  |  -0.2   |  -0.2   |
| 石油行业 | 600387 |  ST海越  |  29.9  | 43.7  | -0.6 |  -2.5   |   2.1   |
| 石油行业 | 603798 |  康普顿  |  20.2  | 16.5  | -1.0 |   0.9   |   1.3   |
| 石油行业 | 000637 | 茂化实华 |  25.1  | -83.3 | -1.4 |   0.4   |   6.6   |
| 石油行业 | 300839 | 博汇股份 |  24.8  | 30.5  | -2.3 |   2.5   |   3.9   |
| 石油行业 | 300023 |  宝德退  |  3.6   | 16.3  | -3.4 |  -62.0  |  -62.0  |
+----------+--------+----------+--------+-------+------+---------+---------+
