[行业>市值]
+----------+--------+----------+--------+----------+------+---------+---------+
|   行业   |  代码  |   名称   |  市值  |    pe    | 涨幅 | 3日涨幅 | 6日涨幅 |
+----------+--------+----------+--------+----------+------+---------+---------+
| 美容护理 | 300896 |  爱美客  | 1143.0 |  102.1   | -0.1 |   0.1   |  -0.1   |
| 美容护理 | 300957 |  贝泰妮  | 834.9  |  143.0   | 1.4  |   1.1   |   2.0   |
| 美容护理 | 688363 | 华熙生物 | 676.0  |   84.6   | -0.8 |  -4.6   |  -4.0   |
| 美容护理 | 603605 |  珀莱雅  | 449.8  |   71.0   | 1.8  |  -0.8   |   6.3   |
| 美容护理 | 300888 | 稳健医疗 | 279.8  |   19.6   | 5.0  |   4.4   |  10.8   |
| 美容护理 | 600315 | 上海家化 | 224.5  |   28.1   | -0.5 |  -4.6   |  -3.0   |
| 美容护理 | 002511 | 中顺洁柔 | 145.3  |   27.2   | 1.1  |  -2.4   |   1.3   |
| 美容护理 | 002243 | 力合科创 | 115.4  |   82.8   | 2.5  |   0.4   |  -0.2   |
| 美容护理 | 603983 | 丸美股份 |  91.5  |   35.0   | 0.2  |  -4.7   |  -0.3   |
| 美容护理 | 000523 | 广州浪奇 |  66.9  |  -130.2  | -0.9 |  -9.0   |  -9.2   |
| 美容护理 | 300856 | 科思股份 |  63.7  |   27.5   | 7.8  |   4.9   |   9.8   |
| 美容护理 | 605009 | XD豪悦护 |  58.3  |   26.6   | 2.3  |   0.8   |   3.4   |
| 美容护理 | 000615 | 奥园美谷 |  55.6  |  -35.9   | 0.3  |  -4.0   |  -4.8   |
| 美容护理 | 300740 | 水羊股份 |  50.1  |   30.1   | 1.7  |  -5.7   |  -1.8   |
| 美容护理 | 003006 | 百亚股份 |  47.3  |   21.4   | 0.8  |  -3.7   |   1.0   |
| 美容护理 | 301009 | 可靠股份 |  34.1  |  435.4   | 1.1  |  -2.3   |  -1.2   |
| 美容护理 | 603630 | 拉芳家化 |  31.5  |  -307.7  | 0.4  |  -6.4   |  -9.8   |
| 美容护理 | 300132 | 青松股份 |  31.3  |  -12.8   | 0.2  |  -1.9   |  -0.8   |
| 美容护理 | 002919 | 名臣健康 |  30.8  |  470.2   | -0.9 |  -4.5   |  -4.0   |
| 美容护理 | 600249 |  两面针  |  28.4  |  -24.0   | 1.0  |  -1.1   |  -4.3   |
| 美容护理 | 001206 | 依依股份 |  28.1  |   38.4   | 1.3  |  -0.6   |   1.4   |
| 美容护理 | 002094 | 青岛金王 |  23.6  |   44.7   | 0.3  |  -1.4   |  -0.6   |
| 美容护理 | 300955 | 嘉亨家化 |  23.5  |   35.1   | -0.3 |  -1.8   |   3.4   |
| 美容护理 | 300886 | 华业香料 |  22.8  |   82.0   | 0.1  |   0.2   |   3.8   |
| 美容护理 | 300658 | 延江股份 |  19.9  |   74.5   | 0.5  |  -1.5   |  -0.2   |
| 美容护理 | 603238 | 诺邦股份 |  18.8  |   61.6   | 1.2  |   1.9   |   3.9   |
| 美容护理 | 603059 |  倍加洁  |  18.2  | -12033.5 | 2.4  |  -0.4   |   0.8   |
| 美容护理 | 300849 | 锦盛新材 |  18.0  |  202.4   | 4.0  |   1.4   |   6.3   |
+----------+--------+----------+--------+----------+------+---------+---------+
 




 [行业>单日涨幅]
+----------+--------+----------+--------+----------+------+---------+---------+
|   行业   |  代码  |   名称   |  市值  |    pe    | 涨幅 | 3日涨幅 | 6日涨幅 |
+----------+--------+----------+--------+----------+------+---------+---------+
| 美容护理 | 300856 | 科思股份 |  63.7  |   27.5   | 7.8  |   4.9   |   9.8   |
| 美容护理 | 300888 | 稳健医疗 | 279.8  |   19.6   | 5.0  |   4.4   |  10.8   |
| 美容护理 | 300849 | 锦盛新材 |  18.0  |  202.4   | 4.0  |   1.4   |   6.3   |
| 美容护理 | 002243 | 力合科创 | 115.4  |   82.8   | 2.5  |   0.4   |  -0.2   |
| 美容护理 | 603059 |  倍加洁  |  18.2  | -12033.5 | 2.4  |  -0.4   |   0.8   |
| 美容护理 | 605009 | XD豪悦护 |  58.3  |   26.6   | 2.3  |   0.8   |   3.4   |
| 美容护理 | 603605 |  珀莱雅  | 449.8  |   71.0   | 1.8  |  -0.8   |   6.3   |
| 美容护理 | 300740 | 水羊股份 |  50.1  |   30.1   | 1.7  |  -5.7   |  -1.8   |
| 美容护理 | 300957 |  贝泰妮  | 834.9  |  143.0   | 1.4  |   1.1   |   2.0   |
| 美容护理 | 001206 | 依依股份 |  28.1  |   38.4   | 1.3  |  -0.6   |   1.4   |
| 美容护理 | 603238 | 诺邦股份 |  18.8  |   61.6   | 1.2  |   1.9   |   3.9   |
| 美容护理 | 002511 | 中顺洁柔 | 145.3  |   27.2   | 1.1  |  -2.4   |   1.3   |
| 美容护理 | 301009 | 可靠股份 |  34.1  |  435.4   | 1.1  |  -2.3   |  -1.2   |
| 美容护理 | 600249 |  两面针  |  28.4  |  -24.0   | 1.0  |  -1.1   |  -4.3   |
| 美容护理 | 003006 | 百亚股份 |  47.3  |   21.4   | 0.8  |  -3.7   |   1.0   |
| 美容护理 | 300658 | 延江股份 |  19.9  |   74.5   | 0.5  |  -1.5   |  -0.2   |
| 美容护理 | 603630 | 拉芳家化 |  31.5  |  -307.7  | 0.4  |  -6.4   |  -9.8   |
| 美容护理 | 002094 | 青岛金王 |  23.6  |   44.7   | 0.3  |  -1.4   |  -0.6   |
| 美容护理 | 000615 | 奥园美谷 |  55.6  |  -35.9   | 0.3  |  -4.0   |  -4.8   |
| 美容护理 | 603983 | 丸美股份 |  91.5  |   35.0   | 0.2  |  -4.7   |  -0.3   |
| 美容护理 | 300132 | 青松股份 |  31.3  |  -12.8   | 0.2  |  -1.9   |  -0.8   |
| 美容护理 | 300886 | 华业香料 |  22.8  |   82.0   | 0.1  |   0.2   |   3.8   |
| 美容护理 | 300896 |  爱美客  | 1143.0 |  102.1   | -0.1 |   0.1   |  -0.1   |
| 美容护理 | 300955 | 嘉亨家化 |  23.5  |   35.1   | -0.3 |  -1.8   |   3.4   |
| 美容护理 | 600315 | 上海家化 | 224.5  |   28.1   | -0.5 |  -4.6   |  -3.0   |
| 美容护理 | 688363 | 华熙生物 | 676.0  |   84.6   | -0.8 |  -4.6   |  -4.0   |
| 美容护理 | 002919 | 名臣健康 |  30.8  |  470.2   | -0.9 |  -4.5   |  -4.0   |
| 美容护理 | 000523 | 广州浪奇 |  66.9  |  -130.2  | -0.9 |  -9.0   |  -9.2   |
+----------+--------+----------+--------+----------+------+---------+---------+
