[行业>市值]
+----------+--------+----------+-------+--------+------+---------+---------+
|   行业   |  代码  |   名称   | 市值  |   pe   | 涨幅 | 3日涨幅 | 6日涨幅 |
+----------+--------+----------+-------+--------+------+---------+---------+
| 铁路公路 | 001965 | 招商公路 | 502.3 |  11.5  | 1.1  |   2.4   |   2.1   |
| 铁路公路 | 600377 | 宁沪高速 | 418.6 |  13.2  | 1.0  |   1.5   |  -1.2   |
| 铁路公路 | 600350 | 山东高速 | 282.9 |  9.9   | -1.5 |  -0.3   |  -0.5   |
| 铁路公路 | 600548 |  深高速  | 204.6 |  12.4  | 0.0  |  -0.3   |  -2.8   |
| 铁路公路 | 000429 | 粤高速Ａ  | 175.4 |  10.2  | 0.0  |   2.1   |   0.4   |
| 铁路公路 | 603032 | 德新交运 | 160.6 |  77.4  | 10.0 |   6.6   |  10.0   |
| 铁路公路 | 600662 | 外服控股 | 140.9 |  20.3  | -0.2 |  -1.6   |  -2.4   |
| 铁路公路 | 601107 | 四川成渝 | 131.8 |  13.1  | -1.1 |  -2.5   |  -0.9   |
| 铁路公路 | 600012 | 皖通高速 | 127.0 |  7.8   | -0.1 |   0.3   |  -0.5   |
| 铁路公路 | 000828 | 东莞控股 | 105.0 |  15.4  | 0.5  |   0.8   |   1.0   |
| 铁路公路 | 603069 | 海汽集团 | 89.5  | -137.4 | 10.0 |  33.1   |  77.2   |
| 铁路公路 | 600269 | 赣粤高速 | 82.7  |  6.2   | 0.3  |  -0.6   |  -2.5   |
| 铁路公路 | 600033 | 福建高速 | 79.0  |  8.8   | 0.3  |  -0.3   |  -1.4   |
| 铁路公路 | 600611 | 大众交通 | 74.9  |  -7.2  | 1.0  |   0.3   |  -0.4   |
| 铁路公路 | 600020 | 中原高速 | 70.1  |  12.4  | 0.7  |   0.0   |  -1.9   |
| 铁路公路 | 000900 | 现代投资 | 66.6  |  10.4  | -0.2 |   0.0   |  -2.2   |
| 铁路公路 | 600620 | 天宸股份 | 64.8  | -66.9  | 0.2  |  -0.7   |  -0.3   |
| 铁路公路 | 600650 | 锦江在线 | 63.3  |  2.8   | 2.6  |  -12.0  |  -5.0   |
| 铁路公路 | 000885 | 城发环境 | 60.3  |  6.7   | 1.1  |  -1.8   |  -1.5   |
| 铁路公路 | 000755 | 山西路桥 | 59.3  |  15.4  | 0.2  |  -0.7   |  -4.3   |
| 铁路公路 | 600035 | 楚天高速 | 54.9  |  5.5   | 0.0  |  -0.3   |  -4.2   |
| 铁路公路 | 600106 | 重庆路桥 | 54.4  |  90.0  | -0.7 |  -1.4   |  -1.7   |
| 铁路公路 | 600368 | 五洲交通 | 46.1  |  6.4   | 0.7  |  -0.2   |  -1.9   |
| 铁路公路 | 601188 | 龙江交通 | 42.4  |  18.0  | -0.6 |  -5.6   |   0.9   |
| 铁路公路 | 002627 | 三峡旅游 | 42.1  |  73.9  | 3.3  |  -0.9   |  -3.2   |
| 铁路公路 | 600834 | 申通地铁 | 42.0  |  57.8  | 0.7  |  -0.9   |  -1.9   |
| 铁路公路 | 601518 | 吉林高速 | 36.9  |  10.9  | 2.2  |  -1.4   |  -2.5   |
| 铁路公路 | 000548 | 湖南投资 | 22.9  |  69.5  | 0.2  |  -2.8   |  -4.4   |
| 铁路公路 | 002357 | 富临运业 | 16.6  |  9.1   | 1.9  |  -2.0   |  -4.0   |
| 铁路公路 | 600561 | 江西长运 | 14.7  | -22.9  | 0.6  |  -1.9   |  -1.9   |
+----------+--------+----------+-------+--------+------+---------+---------+
 




 [行业>单日涨幅]
+----------+--------+----------+-------+--------+------+---------+---------+
|   行业   |  代码  |   名称   | 市值  |   pe   | 涨幅 | 3日涨幅 | 6日涨幅 |
+----------+--------+----------+-------+--------+------+---------+---------+
| 铁路公路 | 603069 | 海汽集团 | 89.5  | -137.4 | 10.0 |  33.1   |  77.2   |
| 铁路公路 | 603032 | 德新交运 | 160.6 |  77.4  | 10.0 |   6.6   |  10.0   |
| 铁路公路 | 002627 | 三峡旅游 | 42.1  |  73.9  | 3.3  |  -0.9   |  -3.2   |
| 铁路公路 | 600650 | 锦江在线 | 63.3  |  2.8   | 2.6  |  -12.0  |  -5.0   |
| 铁路公路 | 601518 | 吉林高速 | 36.9  |  10.9  | 2.2  |  -1.4   |  -2.5   |
| 铁路公路 | 002357 | 富临运业 | 16.6  |  9.1   | 1.9  |  -2.0   |  -4.0   |
| 铁路公路 | 001965 | 招商公路 | 502.3 |  11.5  | 1.1  |   2.4   |   2.1   |
| 铁路公路 | 000885 | 城发环境 | 60.3  |  6.7   | 1.1  |  -1.8   |  -1.5   |
| 铁路公路 | 600377 | 宁沪高速 | 418.6 |  13.2  | 1.0  |   1.5   |  -1.2   |
| 铁路公路 | 600611 | 大众交通 | 74.9  |  -7.2  | 1.0  |   0.3   |  -0.4   |
| 铁路公路 | 600368 | 五洲交通 | 46.1  |  6.4   | 0.7  |  -0.2   |  -1.9   |
| 铁路公路 | 600834 | 申通地铁 | 42.0  |  57.8  | 0.7  |  -0.9   |  -1.9   |
| 铁路公路 | 600020 | 中原高速 | 70.1  |  12.4  | 0.7  |   0.0   |  -1.9   |
| 铁路公路 | 600561 | 江西长运 | 14.7  | -22.9  | 0.6  |  -1.9   |  -1.9   |
| 铁路公路 | 000828 | 东莞控股 | 105.0 |  15.4  | 0.5  |   0.8   |   1.0   |
| 铁路公路 | 600033 | 福建高速 | 79.0  |  8.8   | 0.3  |  -0.3   |  -1.4   |
| 铁路公路 | 600269 | 赣粤高速 | 82.7  |  6.2   | 0.3  |  -0.6   |  -2.5   |
| 铁路公路 | 000755 | 山西路桥 | 59.3  |  15.4  | 0.2  |  -0.7   |  -4.3   |
| 铁路公路 | 000548 | 湖南投资 | 22.9  |  69.5  | 0.2  |  -2.8   |  -4.4   |
| 铁路公路 | 600620 | 天宸股份 | 64.8  | -66.9  | 0.2  |  -0.7   |  -0.3   |
| 铁路公路 | 600548 |  深高速  | 204.6 |  12.4  | 0.0  |  -0.3   |  -2.8   |
| 铁路公路 | 000429 | 粤高速Ａ  | 175.4 |  10.2  | 0.0  |   2.1   |   0.4   |
| 铁路公路 | 600035 | 楚天高速 | 54.9  |  5.5   | 0.0  |  -0.3   |  -4.2   |
| 铁路公路 | 600012 | 皖通高速 | 127.0 |  7.8   | -0.1 |   0.3   |  -0.5   |
| 铁路公路 | 600662 | 外服控股 | 140.9 |  20.3  | -0.2 |  -1.6   |  -2.4   |
| 铁路公路 | 000900 | 现代投资 | 66.6  |  10.4  | -0.2 |   0.0   |  -2.2   |
| 铁路公路 | 601188 | 龙江交通 | 42.4  |  18.0  | -0.6 |  -5.6   |   0.9   |
| 铁路公路 | 600106 | 重庆路桥 | 54.4  |  90.0  | -0.7 |  -1.4   |  -1.7   |
| 铁路公路 | 601107 | 四川成渝 | 131.8 |  13.1  | -1.1 |  -2.5   |  -0.9   |
| 铁路公路 | 600350 | 山东高速 | 282.9 |  9.9   | -1.5 |  -0.3   |  -0.5   |
+----------+--------+----------+-------+--------+------+---------+---------+
