[行业>市值]
+------------+--------+----------+--------+-------+------+---------+---------+
|    行业    |  代码  |   名称   |  市值  |  pe   | 涨幅 | 3日涨幅 | 6日涨幅 |
+------------+--------+----------+--------+-------+------+---------+---------+
| 非金属材料 | 603260 | 合盛硅业 | 1194.0 | 14.6  | 10.0 |  14.8   |  22.6   |
| 非金属材料 | 603688 | 石英股份 | 370.7  | 106.1 | -0.3 |   9.6   |  27.4   |
| 非金属材料 | 300861 | 美畅股份 | 358.0  | 31.4  | 3.2  |   4.8   |  10.4   |
| 非金属材料 | 603826 | 坤彩科技 | 309.6  | 290.0 | 2.6  |   1.3   |   3.1   |
| 非金属材料 | 600516 | 方大炭素 | 275.6  | 204.3 | 1.7  |  -0.4   |   1.0   |
| 非金属材料 | 688281 | 华秦科技 | 260.1  | 109.7 | 3.7  |  -1.2   |  10.9   |
| 非金属材料 | 300395 |  菲利华  | 202.0  | 55.9  | 7.7  |   4.7   |   7.6   |
| 非金属材料 | 300035 | 中科电气 | 191.3  | 37.1  | 2.9  |  -4.6   |   2.2   |
| 非金属材料 | 301071 | 力量钻石 | 182.9  | 45.2  | 6.1  |   3.1   |   8.3   |
| 非金属材料 | 300409 | 道氏技术 | 137.0  | 20.0  | 5.8  |   0.9   |   7.5   |
| 非金属材料 | 688733 |  壹石通  | 134.3  | 77.0  | 0.5  |   0.9   |   4.9   |
| 非金属材料 | 603612 | 索通发展 | 134.2  | 21.2  | 10.0 |  19.8   |  28.4   |
| 非金属材料 | 600172 | 黄河旋风 | 120.9  | 105.2 | 3.5  |   2.1   |   2.3   |
| 非金属材料 | 600330 | 天通股份 | 106.0  | 24.2  | 10.0 |   4.7   |  10.3   |
| 非金属材料 | 688119 |  C洛耐   | 104.7  | 67.3  | -1.6 |  -9.6   |  84.0   |
| 非金属材料 | 600783 | 鲁信创投 | 100.1  | 50.9  | 1.3  |   2.0   |   2.0   |
| 非金属材料 | 002130 | 沃尔核材 |  70.7  | 16.5  | 1.6  |  -1.6   |  -0.2   |
| 非金属材料 | 688357 | 建龙微纳 |  67.0  | 38.2  | 1.6  |  -1.6   |  -2.0   |
| 非金属材料 | 688300 | 联瑞新材 |  66.4  | 38.9  | -0.4 |  -2.1   |  -0.5   |
| 非金属材料 | 001296 | 长江材料 |  24.8  | 43.3  | 0.2  |  -5.5   |   0.8   |
| 非金属材料 | 300743 | 天地数码 |  15.6  | 52.6  | 1.4  |   1.4   |   3.4   |
| 非金属材料 | 300064 |  金刚退  |  8.4   | -1.9  | 1.4  |  -12.5  |  -53.3  |
+------------+--------+----------+--------+-------+------+---------+---------+
 




 [行业>单日涨幅]
+------------+--------+----------+--------+-------+------+---------+---------+
|    行业    |  代码  |   名称   |  市值  |  pe   | 涨幅 | 3日涨幅 | 6日涨幅 |
+------------+--------+----------+--------+-------+------+---------+---------+
| 非金属材料 | 600330 | 天通股份 | 106.0  | 24.2  | 10.0 |   4.7   |  10.3   |
| 非金属材料 | 603260 | 合盛硅业 | 1194.0 | 14.6  | 10.0 |  14.8   |  22.6   |
| 非金属材料 | 603612 | 索通发展 | 134.2  | 21.2  | 10.0 |  19.8   |  28.4   |
| 非金属材料 | 300395 |  菲利华  | 202.0  | 55.9  | 7.7  |   4.7   |   7.6   |
| 非金属材料 | 301071 | 力量钻石 | 182.9  | 45.2  | 6.1  |   3.1   |   8.3   |
| 非金属材料 | 300409 | 道氏技术 | 137.0  | 20.0  | 5.8  |   0.9   |   7.5   |
| 非金属材料 | 688281 | 华秦科技 | 260.1  | 109.7 | 3.7  |  -1.2   |  10.9   |
| 非金属材料 | 600172 | 黄河旋风 | 120.9  | 105.2 | 3.5  |   2.1   |   2.3   |
| 非金属材料 | 300861 | 美畅股份 | 358.0  | 31.4  | 3.2  |   4.8   |  10.4   |
| 非金属材料 | 300035 | 中科电气 | 191.3  | 37.1  | 2.9  |  -4.6   |   2.2   |
| 非金属材料 | 603826 | 坤彩科技 | 309.6  | 290.0 | 2.6  |   1.3   |   3.1   |
| 非金属材料 | 600516 | 方大炭素 | 275.6  | 204.3 | 1.7  |  -0.4   |   1.0   |
| 非金属材料 | 688357 | 建龙微纳 |  67.0  | 38.2  | 1.6  |  -1.6   |  -2.0   |
| 非金属材料 | 002130 | 沃尔核材 |  70.7  | 16.5  | 1.6  |  -1.6   |  -0.2   |
| 非金属材料 | 300064 |  金刚退  |  8.4   | -1.9  | 1.4  |  -12.5  |  -53.3  |
| 非金属材料 | 300743 | 天地数码 |  15.6  | 52.6  | 1.4  |   1.4   |   3.4   |
| 非金属材料 | 600783 | 鲁信创投 | 100.1  | 50.9  | 1.3  |   2.0   |   2.0   |
| 非金属材料 | 688733 |  壹石通  | 134.3  | 77.0  | 0.5  |   0.9   |   4.9   |
| 非金属材料 | 001296 | 长江材料 |  24.8  | 43.3  | 0.2  |  -5.5   |   0.8   |
| 非金属材料 | 603688 | 石英股份 | 370.7  | 106.1 | -0.3 |   9.6   |  27.4   |
| 非金属材料 | 688300 | 联瑞新材 |  66.4  | 38.9  | -0.4 |  -2.1   |  -0.5   |
| 非金属材料 | 688119 |  C洛耐   | 104.7  | 67.3  | -1.6 |  -9.6   |  84.0   |
+------------+--------+----------+--------+-------+------+---------+---------+
