[行业>市值]
+----------+--------+----------+-------+-------+------+---------+---------+
|   行业   |  代码  |   名称   | 市值  |  pe   | 涨幅 | 3日涨幅 | 6日涨幅 |
+----------+--------+----------+-------+-------+------+---------+---------+
| 专业服务 | 300012 | 华测检测 | 384.5 | 80.2  | -1.4 |  -1.9   |   2.5   |
| 专业服务 | 003035 | 南网能源 | 239.0 | 66.8  | -0.6 |  -4.1   |  -3.6   |
| 专业服务 | 301080 | 百普赛斯 | 132.8 | 62.1  | -0.5 |  -2.1   |  -4.6   |
| 专业服务 | 688133 | 泰坦科技 | 131.6 | 169.4 | -2.5 |   1.4   |   2.2   |
| 专业服务 | 300887 | 谱尼测试 | 126.1 | 572.0 | 2.9  |   4.0   |   6.9   |
| 专业服务 | 002967 | 广电计量 | 107.2 | -33.7 | -1.6 |   0.4   |   3.6   |
| 专业服务 | 300416 | 苏试试验 | 89.4  | 77.5  | -1.7 |   2.6   |   3.7   |
| 专业服务 | 603060 | 国检集团 | 86.3  | -76.9 | -1.2 |   0.6   |   1.4   |
| 专业服务 | 603698 | 航天工程 | 69.1  | 94.3  | -0.2 |  -1.9   |  -1.0   |
| 专业服务 | 688179 |  阿拉丁  | 68.8  | 55.5  | -4.9 |  -8.2   |  -10.4  |
| 专业服务 | 300384 | 三联虹普 | 57.2  | 24.2  | -3.4 |  -4.6   |  -0.8   |
| 专业服务 | 300215 |  电科院  | 51.2  | 87.7  | -1.8 |  -3.9   |   1.4   |
| 专业服务 | 301166 |  优宁维  | 50.1  | 57.6  | -1.8 |  -3.6   |  -4.4   |
| 专业服务 | 002878 | 元隆雅图 | 47.4  | 12.8  | 10.0 |  15.8   |  18.3   |
| 专业服务 | 300962 | 中金辐照 | 39.4  | 34.6  | -1.1 |  -2.8   |   0.5   |
| 专业服务 | 002564 | 天沃科技 | 38.1  | 508.9 | -0.5 |  -4.4   |  -1.8   |
| 专业服务 | 603776 |  永安行  | 34.6  | 69.9  | -5.5 |   3.9   |   5.0   |
| 专业服务 | 300572 | 安车检测 | 33.9  | 56.0  | -1.0 |  -4.1   |   0.4   |
| 专业服务 | 300797 | 钢研纳克 | 33.5  | 56.2  | -1.0 |  -4.7   |  -1.2   |
| 专业服务 | 300938 | 信测标准 | 31.8  | 35.5  | 1.2  |   3.0   |   7.9   |
| 专业服务 | 301257 |  普蕊斯  | 29.6  | 75.7  | 0.6  |  -2.5   |  -0.9   |
| 专业服务 | 301169 | 零点有数 | 28.8  | -60.0 | 0.7  |  -2.3   |  -6.5   |
| 专业服务 | 301289 | 国缆检测 | 26.5  | 39.6  | 1.5  |  -5.3   |  -4.5   |
| 专业服务 | 603183 |  建研院  | 25.4  | -62.4 | -0.4 |  -1.4   |   1.2   |
| 专业服务 | 301228 | 实朴检测 | 25.1  | -43.4 | 1.1  |  -1.1   |   1.8   |
| 专业服务 | 003008 | 开普检测 | 19.8  | 36.8  | 0.2  |  -1.8   |   2.7   |
+----------+--------+----------+-------+-------+------+---------+---------+
 




 [行业>单日涨幅]
+----------+--------+----------+-------+-------+------+---------+---------+
|   行业   |  代码  |   名称   | 市值  |  pe   | 涨幅 | 3日涨幅 | 6日涨幅 |
+----------+--------+----------+-------+-------+------+---------+---------+
| 专业服务 | 002878 | 元隆雅图 | 47.4  | 12.8  | 10.0 |  15.8   |  18.3   |
| 专业服务 | 300887 | 谱尼测试 | 126.1 | 572.0 | 2.9  |   4.0   |   6.9   |
| 专业服务 | 301289 | 国缆检测 | 26.5  | 39.6  | 1.5  |  -5.3   |  -4.5   |
| 专业服务 | 300938 | 信测标准 | 31.8  | 35.5  | 1.2  |   3.0   |   7.9   |
| 专业服务 | 301228 | 实朴检测 | 25.1  | -43.4 | 1.1  |  -1.1   |   1.8   |
| 专业服务 | 301169 | 零点有数 | 28.8  | -60.0 | 0.7  |  -2.3   |  -6.5   |
| 专业服务 | 301257 |  普蕊斯  | 29.6  | 75.7  | 0.6  |  -2.5   |  -0.9   |
| 专业服务 | 003008 | 开普检测 | 19.8  | 36.8  | 0.2  |  -1.8   |   2.7   |
| 专业服务 | 603698 | 航天工程 | 69.1  | 94.3  | -0.2 |  -1.9   |  -1.0   |
| 专业服务 | 603183 |  建研院  | 25.4  | -62.4 | -0.4 |  -1.4   |   1.2   |
| 专业服务 | 002564 | 天沃科技 | 38.1  | 508.9 | -0.5 |  -4.4   |  -1.8   |
| 专业服务 | 301080 | 百普赛斯 | 132.8 | 62.1  | -0.5 |  -2.1   |  -4.6   |
| 专业服务 | 003035 | 南网能源 | 239.0 | 66.8  | -0.6 |  -4.1   |  -3.6   |
| 专业服务 | 300572 | 安车检测 | 33.9  | 56.0  | -1.0 |  -4.1   |   0.4   |
| 专业服务 | 300797 | 钢研纳克 | 33.5  | 56.2  | -1.0 |  -4.7   |  -1.2   |
| 专业服务 | 300962 | 中金辐照 | 39.4  | 34.6  | -1.1 |  -2.8   |   0.5   |
| 专业服务 | 603060 | 国检集团 | 86.3  | -76.9 | -1.2 |   0.6   |   1.4   |
| 专业服务 | 300012 | 华测检测 | 384.5 | 80.2  | -1.4 |  -1.9   |   2.5   |
| 专业服务 | 002967 | 广电计量 | 107.2 | -33.7 | -1.6 |   0.4   |   3.6   |
| 专业服务 | 300416 | 苏试试验 | 89.4  | 77.5  | -1.7 |   2.6   |   3.7   |
| 专业服务 | 300215 |  电科院  | 51.2  | 87.7  | -1.8 |  -3.9   |   1.4   |
| 专业服务 | 301166 |  优宁维  | 50.1  | 57.6  | -1.8 |  -3.6   |  -4.4   |
| 专业服务 | 688133 | 泰坦科技 | 131.6 | 169.4 | -2.5 |   1.4   |   2.2   |
| 专业服务 | 300384 | 三联虹普 | 57.2  | 24.2  | -3.4 |  -4.6   |  -0.8   |
| 专业服务 | 688179 |  阿拉丁  | 68.8  | 55.5  | -4.9 |  -8.2   |  -10.4  |
| 专业服务 | 603776 |  永安行  | 34.6  | 69.9  | -5.5 |   3.9   |   5.0   |
+----------+--------+----------+-------+-------+------+---------+---------+
