[行业>市值]
+----------+--------+----------+--------+-------+------+---------+---------+
|   行业   |  代码  |   名称   |  市值  |  pe   | 涨幅 | 3日涨幅 | 6日涨幅 |
+----------+--------+----------+--------+-------+------+---------+---------+
| 化纤行业 | 600346 | 恒力石化 | 1551.0 |  9.2  | -0.9 |  -0.4   |   0.2   |
| 化纤行业 | 002493 | 荣盛石化 | 1541.0 | 12.4  | -1.1 |  -0.5   |  -1.3   |
| 化纤行业 | 000301 | 东方盛虹 | 1016.0 | 36.9  | 1.1  |  -6.0   |  -3.0   |
| 化纤行业 | 002064 | 华峰化学 | 418.8  |  7.7  | 0.0  |   3.0   |   9.6   |
| 化纤行业 | 601233 | 桐昆股份 | 387.7  |  6.5  | 1.3  |   0.6   |  -0.1   |
| 化纤行业 | 000703 | 恒逸石化 | 381.3  | 13.0  | -1.1 |  -7.1   |  -2.0   |
| 化纤行业 | 688295 | 中复神鹰 | 332.9  | 70.7  | -1.3 |  -3.4   |  -5.6   |
| 化纤行业 | 300777 | 中简科技 | 210.8  | 58.1  | -0.5 |  -1.5   |   2.4   |
| 化纤行业 | 603225 |  新凤鸣  | 172.7  | 15.2  | -2.2 |  -0.7   |   2.1   |
| 化纤行业 | 600063 | 皖维高新 | 151.2  |  9.1  | 3.6  |   1.9   |   9.3   |
| 化纤行业 | 002254 | 泰和新材 | 115.4  | 19.8  | 0.7  |  -1.4   |   5.5   |
| 化纤行业 | 000420 | 吉林化纤 | 104.3  | -53.2 | 0.8  |  -5.1   |  -7.5   |
| 化纤行业 | 600810 | 神马股份 |  93.5  |  6.4  | -0.6 |  -2.9   |   0.0   |
| 化纤行业 | 002206 |  海利得  |  78.9  | 16.1  | 2.1  |  -3.0   |  -4.7   |
| 化纤行业 | 000949 | 新乡化纤 |  53.8  | 32.9  | 0.8  |  -1.9   |   0.3   |
| 化纤行业 | 601113 | 华鼎股份 |  48.3  | -15.8 | -2.8 |  -6.0   |  -8.0   |
| 化纤行业 | 000936 | 华西股份 |  47.3  | 61.2  | -1.3 |  -3.4   |  -1.1   |
| 化纤行业 | 600527 | 江南高纤 |  39.7  | 62.0  | 3.6  |   4.6   |   4.6   |
| 化纤行业 | 688722 |  同益中  |  39.5  | 32.3  | 5.0  |   0.0   |   2.2   |
| 化纤行业 | 002427 | *ST尤夫  |  38.9  | -5.5  | 5.0  |   8.8   |   5.7   |
| 化纤行业 | 603332 | 苏州龙杰 |  38.1  | -71.0 | 0.1  |   5.9   |   9.7   |
| 化纤行业 | 002172 | 澳洋健康 |  28.0  | 21.6  | -1.6 |   1.7   |   6.5   |
| 化纤行业 | 301057 | 汇隆新材 |  26.7  | 53.9  | 0.5  |  -2.0   |   2.8   |
| 化纤行业 | 000677 | 恒天海龙 |  26.5  | 42.7  | 0.7  |   0.0   |   4.1   |
| 化纤行业 | 000782 | 美达股份 |  24.9  | 31.3  | 1.3  |  -1.7   |   2.6   |
| 化纤行业 | 002998 | 优彩资源 |  23.2  | 19.4  | -0.1 |  -1.2   |   1.7   |
| 化纤行业 | 300876 | 蒙泰高新 |  21.4  | 35.2  | -0.5 |  -3.8   |   2.6   |
| 化纤行业 | 600889 | 南京化纤 |  18.2  | -14.4 | 4.2  |   1.4   |   5.5   |
+----------+--------+----------+--------+-------+------+---------+---------+
 




 [行业>单日涨幅]
+----------+--------+----------+--------+-------+------+---------+---------+
|   行业   |  代码  |   名称   |  市值  |  pe   | 涨幅 | 3日涨幅 | 6日涨幅 |
+----------+--------+----------+--------+-------+------+---------+---------+
| 化纤行业 | 688722 |  同益中  |  39.5  | 32.3  | 5.0  |   0.0   |   2.2   |
| 化纤行业 | 002427 | *ST尤夫  |  38.9  | -5.5  | 5.0  |   8.8   |   5.7   |
| 化纤行业 | 600889 | 南京化纤 |  18.2  | -14.4 | 4.2  |   1.4   |   5.5   |
| 化纤行业 | 600527 | 江南高纤 |  39.7  | 62.0  | 3.6  |   4.6   |   4.6   |
| 化纤行业 | 600063 | 皖维高新 | 151.2  |  9.1  | 3.6  |   1.9   |   9.3   |
| 化纤行业 | 002206 |  海利得  |  78.9  | 16.1  | 2.1  |  -3.0   |  -4.7   |
| 化纤行业 | 000782 | 美达股份 |  24.9  | 31.3  | 1.3  |  -1.7   |   2.6   |
| 化纤行业 | 601233 | 桐昆股份 | 387.7  |  6.5  | 1.3  |   0.6   |  -0.1   |
| 化纤行业 | 000301 | 东方盛虹 | 1016.0 | 36.9  | 1.1  |  -6.0   |  -3.0   |
| 化纤行业 | 000420 | 吉林化纤 | 104.3  | -53.2 | 0.8  |  -5.1   |  -7.5   |
| 化纤行业 | 000949 | 新乡化纤 |  53.8  | 32.9  | 0.8  |  -1.9   |   0.3   |
| 化纤行业 | 002254 | 泰和新材 | 115.4  | 19.8  | 0.7  |  -1.4   |   5.5   |
| 化纤行业 | 000677 | 恒天海龙 |  26.5  | 42.7  | 0.7  |   0.0   |   4.1   |
| 化纤行业 | 301057 | 汇隆新材 |  26.7  | 53.9  | 0.5  |  -2.0   |   2.8   |
| 化纤行业 | 603332 | 苏州龙杰 |  38.1  | -71.0 | 0.1  |   5.9   |   9.7   |
| 化纤行业 | 002064 | 华峰化学 | 418.8  |  7.7  | 0.0  |   3.0   |   9.6   |
| 化纤行业 | 002998 | 优彩资源 |  23.2  | 19.4  | -0.1 |  -1.2   |   1.7   |
| 化纤行业 | 300876 | 蒙泰高新 |  21.4  | 35.2  | -0.5 |  -3.8   |   2.6   |
| 化纤行业 | 300777 | 中简科技 | 210.8  | 58.1  | -0.5 |  -1.5   |   2.4   |
| 化纤行业 | 600810 | 神马股份 |  93.5  |  6.4  | -0.6 |  -2.9   |   0.0   |
| 化纤行业 | 600346 | 恒力石化 | 1551.0 |  9.2  | -0.9 |  -0.4   |   0.2   |
| 化纤行业 | 000703 | 恒逸石化 | 381.3  | 13.0  | -1.1 |  -7.1   |  -2.0   |
| 化纤行业 | 002493 | 荣盛石化 | 1541.0 | 12.4  | -1.1 |  -0.5   |  -1.3   |
| 化纤行业 | 000936 | 华西股份 |  47.3  | 61.2  | -1.3 |  -3.4   |  -1.1   |
| 化纤行业 | 688295 | 中复神鹰 | 332.9  | 70.7  | -1.3 |  -3.4   |  -5.6   |
| 化纤行业 | 002172 | 澳洋健康 |  28.0  | 21.6  | -1.6 |   1.7   |   6.5   |
| 化纤行业 | 603225 |  新凤鸣  | 172.7  | 15.2  | -2.2 |  -0.7   |   2.1   |
| 化纤行业 | 601113 | 华鼎股份 |  48.3  | -15.8 | -2.8 |  -6.0   |  -8.0   |
+----------+--------+----------+--------+-------+------+---------+---------+
