[行业>市值]
+----------+--------+----------+--------+-------+------+---------+---------+
|   行业   |  代码  |   名称   |  市值  |  pe   | 涨幅 | 3日涨幅 | 6日涨幅 |
+----------+--------+----------+--------+-------+------+---------+---------+
| 化肥行业 | 000792 | 盐湖股份 | 1673.0 | 12.0  | 2.8  |  -2.2   |   5.0   |
| 化肥行业 | 600096 |  云天化  | 604.0  |  9.2  | 4.5  |   3.4   |  11.0   |
| 化肥行业 | 000408 | 藏格矿业 | 559.2  | 17.2  | 7.4  |   5.3   |   8.5   |
| 化肥行业 | 600141 | 兴发集团 | 512.9  |  7.5  | 4.9  |   6.5   |  14.2   |
| 化肥行业 | 002312 | 川发龙蟒 | 315.6  | 28.9  | 3.4  |   3.8   |  15.0   |
| 化肥行业 | 000893 | 亚钾国际 | 268.0  | 23.9  | 2.9  |   0.9   |   2.1   |
| 化肥行业 | 000902 |  新洋丰  | 224.5  | 13.8  | 1.9  |   0.6   |   2.3   |
| 化肥行业 | 002895 | 川恒股份 | 177.8  | 42.7  | 5.2  |   4.4   |   6.8   |
| 化肥行业 | 002539 | 云图控股 | 169.5  |  9.1  | 4.9  |   1.1   |   7.4   |
| 化肥行业 | 603938 | 三孚股份 | 137.2  | 22.8  | 1.6  |  -1.3   |  -2.7   |
| 化肥行业 | 002556 | 辉隆股份 | 109.4  | 13.1  | -2.0 |  -0.7   |   1.2   |
| 化肥行业 | 002538 |  司尔特  |  98.8  | 16.0  | 3.7  |   8.2   |  12.3   |
| 化肥行业 | 600691 | 阳煤化工 |  96.2  | 26.0  | 0.2  |  -2.9   |  -2.2   |
| 化肥行业 | 002274 | 华昌化工 |  93.8  |  9.6  | 1.1  |  -1.9   |   1.6   |
| 化肥行业 | 000912 |  泸天化  |  83.6  | 14.9  | 1.5  |  -1.5   |   0.0   |
| 化肥行业 | 002588 |  史丹利  |  81.8  | 13.7  | 3.2  |  10.3   |  11.9   |
| 化肥行业 | 600078 | *ST澄星  |  77.8  | 28.8  | 5.0  |   8.2   |   7.0   |
| 化肥行业 | 300505 |  川金诺  |  74.0  | 30.9  | 6.3  |  13.2   |  24.3   |
| 化肥行业 | 002470 |  ST金正  |  72.6  | -69.7 | 5.2  |   2.3   |  -0.5   |
| 化肥行业 | 002170 | 芭田股份 |  60.7  | 69.8  | 6.7  |   6.5   |  14.0   |
| 化肥行业 | 000731 | 四川美丰 |  54.5  |  7.6  | 2.2  |   0.2   |   3.2   |
| 化肥行业 | 600470 | 六国化工 |  39.9  | 15.0  | 3.4  |  -0.5   |   2.3   |
| 化肥行业 | 002999 | 天禾股份 |  25.7  | 46.0  | 1.0  |  -0.8   |   0.1   |
| 化肥行业 | 300387 | 富邦股份 |  20.4  | 37.9  | 2.5  |   0.4   |   4.0   |
+----------+--------+----------+--------+-------+------+---------+---------+
 




 [行业>单日涨幅]
+----------+--------+----------+--------+-------+------+---------+---------+
|   行业   |  代码  |   名称   |  市值  |  pe   | 涨幅 | 3日涨幅 | 6日涨幅 |
+----------+--------+----------+--------+-------+------+---------+---------+
| 化肥行业 | 000408 | 藏格矿业 | 559.2  | 17.2  | 7.4  |   5.3   |   8.5   |
| 化肥行业 | 002170 | 芭田股份 |  60.7  | 69.8  | 6.7  |   6.5   |  14.0   |
| 化肥行业 | 300505 |  川金诺  |  74.0  | 30.9  | 6.3  |  13.2   |  24.3   |
| 化肥行业 | 002470 |  ST金正  |  72.6  | -69.7 | 5.2  |   2.3   |  -0.5   |
| 化肥行业 | 002895 | 川恒股份 | 177.8  | 42.7  | 5.2  |   4.4   |   6.8   |
| 化肥行业 | 600078 | *ST澄星  |  77.8  | 28.8  | 5.0  |   8.2   |   7.0   |
| 化肥行业 | 002539 | 云图控股 | 169.5  |  9.1  | 4.9  |   1.1   |   7.4   |
| 化肥行业 | 600141 | 兴发集团 | 512.9  |  7.5  | 4.9  |   6.5   |  14.2   |
| 化肥行业 | 600096 |  云天化  | 604.0  |  9.2  | 4.5  |   3.4   |  11.0   |
| 化肥行业 | 002538 |  司尔特  |  98.8  | 16.0  | 3.7  |   8.2   |  12.3   |
| 化肥行业 | 002312 | 川发龙蟒 | 315.6  | 28.9  | 3.4  |   3.8   |  15.0   |
| 化肥行业 | 600470 | 六国化工 |  39.9  | 15.0  | 3.4  |  -0.5   |   2.3   |
| 化肥行业 | 002588 |  史丹利  |  81.8  | 13.7  | 3.2  |  10.3   |  11.9   |
| 化肥行业 | 000893 | 亚钾国际 | 268.0  | 23.9  | 2.9  |   0.9   |   2.1   |
| 化肥行业 | 000792 | 盐湖股份 | 1673.0 | 12.0  | 2.8  |  -2.2   |   5.0   |
| 化肥行业 | 300387 | 富邦股份 |  20.4  | 37.9  | 2.5  |   0.4   |   4.0   |
| 化肥行业 | 000731 | 四川美丰 |  54.5  |  7.6  | 2.2  |   0.2   |   3.2   |
| 化肥行业 | 000902 |  新洋丰  | 224.5  | 13.8  | 1.9  |   0.6   |   2.3   |
| 化肥行业 | 603938 | 三孚股份 | 137.2  | 22.8  | 1.6  |  -1.3   |  -2.7   |
| 化肥行业 | 000912 |  泸天化  |  83.6  | 14.9  | 1.5  |  -1.5   |   0.0   |
| 化肥行业 | 002274 | 华昌化工 |  93.8  |  9.6  | 1.1  |  -1.9   |   1.6   |
| 化肥行业 | 002999 | 天禾股份 |  25.7  | 46.0  | 1.0  |  -0.8   |   0.1   |
| 化肥行业 | 600691 | 阳煤化工 |  96.2  | 26.0  | 0.2  |  -2.9   |  -2.2   |
| 化肥行业 | 002556 | 辉隆股份 | 109.4  | 13.1  | -2.0 |  -0.7   |   1.2   |
+----------+--------+----------+--------+-------+------+---------+---------+
