[行业>市值]
+----------+--------+----------+-------+--------+------+---------+---------+
|   行业   |  代码  |   名称   | 市值  |   pe   | 涨幅 | 3日涨幅 | 6日涨幅 |
+----------+--------+----------+-------+--------+------+---------+---------+
| 多元金融 | 000617 | 中油资本 | 603.0 |  8.8   | -0.8 |  -1.6   |  -1.6   |
| 多元金融 | 000987 | 越秀金控 | 343.7 |  14.7  | -2.6 |  -0.6   |  -2.1   |
| 多元金融 | 600705 | 中航产融 | 308.6 | 673.6  | 0.0  |  -1.4   |  -1.1   |
| 多元金融 | 600927 | 永安期货 | 288.3 | 221.2  | -1.8 |  -3.8   |  -5.4   |
| 多元金融 | 600816 |  ST安信  | 226.4 | -11.9  | -2.1 |  -2.8   |   0.7   |
| 多元金融 | 600390 | 五矿资本 | 220.4 |  7.8   | 0.2  |  -1.2   |  -2.2   |
| 多元金融 | 600901 | 江苏租赁 | 156.5 |  6.3   | 2.1  |   0.4   |   1.6   |
| 多元金融 | 002423 | 中粮资本 | 152.5 | -11.1  | -1.3 |  -3.4   |  -4.3   |
| 多元金融 | 000567 | 海德股份 | 138.8 |  27.3  | 0.9  |  -2.7   |  -3.4   |
| 多元金融 | 000415 | 渤海租赁 | 136.1 |  -4.6  | 1.4  |  -0.9   |   0.9   |
| 多元金融 | 000563 | 陕国投Ａ  | 123.3 |  17.5  | -0.3 |  -1.9   |  -2.8   |
| 多元金融 | 600120 | 浙江东方 | 115.9 |  72.5  | -0.2 |  -0.2   |   0.5   |
| 多元金融 | 600643 | 爱建集团 | 95.9  |  8.1   | -0.3 |  -1.3   |  -0.7   |
| 多元金融 | 002961 | 瑞达期货 | 77.8  |  20.4  | -3.2 |  -2.2   |  -1.3   |
| 多元金融 | 000046 | 泛海控股 | 77.4  |  -2.4  | -2.0 |  -2.0   |   0.0   |
| 多元金融 | 600053 | 九鼎投资 | 70.3  |  39.6  | -0.6 |  -5.2   |  -8.2   |
| 多元金融 | 603093 | 南华期货 | 63.2  |  56.2  | -2.2 |  -3.5   |  -3.7   |
| 多元金融 | 000666 | 经纬纺机 | 63.0  |  11.6  | -0.5 |  -0.9   |   3.0   |
| 多元金融 | 600318 | 新力金融 | 37.5  | 408.8  | -1.9 |  -6.6   |  -7.0   |
| 多元金融 | 002647 | 仁东控股 | 37.4  | -45.3  | -0.7 |  -3.2   |  -2.8   |
| 多元金融 | 600830 | 香溢融通 | 25.4  |  52.8  | -1.4 |  -3.1   |  -3.0   |
| 多元金融 | 000416 | 民生控股 | 20.4  | -109.8 | -1.0 |  -2.0   |  -2.3   |
| 多元金融 | 600599 |  ST熊猫  | 15.7  |  10.8  | 0.9  |  -0.7   |  -1.1   |
| 多元金融 | 600139 | *ST西源  | 14.6  |  -9.9  | 1.9  |  -8.0   |  -6.0   |
| 多元金融 | 300309 | *ST吉艾  | 14.3  |  -3.2  | 0.0  |  -8.0   |  -10.1  |
| 多元金融 | 001236 | 弘业期货 |  0.0  |  0.0   | 0.0  |   0.0   |   0.0   |
+----------+--------+----------+-------+--------+------+---------+---------+
 




 [行业>单日涨幅]
+----------+--------+----------+-------+--------+------+---------+---------+
|   行业   |  代码  |   名称   | 市值  |   pe   | 涨幅 | 3日涨幅 | 6日涨幅 |
+----------+--------+----------+-------+--------+------+---------+---------+
| 多元金融 | 600901 | 江苏租赁 | 156.5 |  6.3   | 2.1  |   0.4   |   1.6   |
| 多元金融 | 600139 | *ST西源  | 14.6  |  -9.9  | 1.9  |  -8.0   |  -6.0   |
| 多元金融 | 000415 | 渤海租赁 | 136.1 |  -4.6  | 1.4  |  -0.9   |   0.9   |
| 多元金融 | 000567 | 海德股份 | 138.8 |  27.3  | 0.9  |  -2.7   |  -3.4   |
| 多元金融 | 600599 |  ST熊猫  | 15.7  |  10.8  | 0.9  |  -0.7   |  -1.1   |
| 多元金融 | 600390 | 五矿资本 | 220.4 |  7.8   | 0.2  |  -1.2   |  -2.2   |
| 多元金融 | 600705 | 中航产融 | 308.6 | 673.6  | 0.0  |  -1.4   |  -1.1   |
| 多元金融 | 300309 | *ST吉艾  | 14.3  |  -3.2  | 0.0  |  -8.0   |  -10.1  |
| 多元金融 | 001236 | 弘业期货 |  0.0  |  0.0   | 0.0  |   0.0   |   0.0   |
| 多元金融 | 600120 | 浙江东方 | 115.9 |  72.5  | -0.2 |  -0.2   |   0.5   |
| 多元金融 | 000563 | 陕国投Ａ  | 123.3 |  17.5  | -0.3 |  -1.9   |  -2.8   |
| 多元金融 | 600643 | 爱建集团 | 95.9  |  8.1   | -0.3 |  -1.3   |  -0.7   |
| 多元金融 | 000666 | 经纬纺机 | 63.0  |  11.6  | -0.5 |  -0.9   |   3.0   |
| 多元金融 | 600053 | 九鼎投资 | 70.3  |  39.6  | -0.6 |  -5.2   |  -8.2   |
| 多元金融 | 002647 | 仁东控股 | 37.4  | -45.3  | -0.7 |  -3.2   |  -2.8   |
| 多元金融 | 000617 | 中油资本 | 603.0 |  8.8   | -0.8 |  -1.6   |  -1.6   |
| 多元金融 | 000416 | 民生控股 | 20.4  | -109.8 | -1.0 |  -2.0   |  -2.3   |
| 多元金融 | 002423 | 中粮资本 | 152.5 | -11.1  | -1.3 |  -3.4   |  -4.3   |
| 多元金融 | 600830 | 香溢融通 | 25.4  |  52.8  | -1.4 |  -3.1   |  -3.0   |
| 多元金融 | 600927 | 永安期货 | 288.3 | 221.2  | -1.8 |  -3.8   |  -5.4   |
| 多元金融 | 600318 | 新力金融 | 37.5  | 408.8  | -1.9 |  -6.6   |  -7.0   |
| 多元金融 | 000046 | 泛海控股 | 77.4  |  -2.4  | -2.0 |  -2.0   |   0.0   |
| 多元金融 | 600816 |  ST安信  | 226.4 | -11.9  | -2.1 |  -2.8   |   0.7   |
| 多元金融 | 603093 | 南华期货 | 63.2  |  56.2  | -2.2 |  -3.5   |  -3.7   |
| 多元金融 | 000987 | 越秀金控 | 343.7 |  14.7  | -2.6 |  -0.6   |  -2.1   |
| 多元金融 | 002961 | 瑞达期货 | 77.8  |  20.4  | -3.2 |  -2.2   |  -1.3   |
+----------+--------+----------+-------+--------+------+---------+---------+
