[行业>市值]
+----------+--------+----------+-------+--------+------+---------+---------+
|   行业   |  代码  |   名称   | 市值  |   pe   | 涨幅 | 3日涨幅 | 6日涨幅 |
+----------+--------+----------+-------+--------+------+---------+---------+
| 家用轻工 | 603899 | 晨光股份 | 506.6 |  46.0  | -2.5 |   4.3   |   9.4   |
| 家用轻工 | 001323 | 慕思股份 | 190.8 |  38.4  | -2.8 |   4.6   |  -14.9  |
| 家用轻工 | 605099 | 共创草坪 | 108.0 |  31.7  | 1.1  |  -3.1   |  -6.8   |
| 家用轻工 | 603398 | 沐邦高科 | 98.8  | -271.2 | 2.7  |  -1.8   |   8.9   |
| 家用轻工 | 002678 | 珠江钢琴 | 79.2  |  37.3  | 0.3  |  -0.8   |   1.0   |
| 家用轻工 | 002489 | 浙江永强 | 78.8  |  14.4  | -0.6 |  -0.8   |  -9.3   |
| 家用轻工 | 603848 |  好太太  | 69.4  |  38.3  | 0.8  |  -3.0   |   6.0   |
| 家用轻工 | 301101 | 明月镜片 | 66.8  |  75.6  | -3.1 |   9.6   |  13.0   |
| 家用轻工 | 002605 | 姚记科技 | 66.4  |  18.1  | -1.6 |  -3.2   |  -3.0   |
| 家用轻工 | 002301 | 齐心集团 | 48.4  |  22.0  | -0.1 |   0.9   |   4.3   |
| 家用轻工 | 605299 | 舒华体育 | 44.6  |  84.0  | -0.6 |  -2.4   |   6.5   |
| 家用轻工 | 300729 | 乐歌股份 | 38.5  |  53.5  | -0.5 |  -1.9   |  -1.9   |
| 家用轻工 | 300651 | 金陵体育 | 32.6  | 318.8  | -0.7 |  -2.5   |   0.3   |
| 家用轻工 | 600439 |  瑞贝卡  | 31.2  |  61.1  | 0.7  |   0.4   |   3.0   |
| 家用轻工 | 002575 | 群兴玩具 | 28.3  | 408.8  | -0.4 |  -3.0   |  -1.5   |
| 家用轻工 | 002571 | 德力股份 | 28.3  | 273.8  | -0.8 |  -7.8   |   3.6   |
| 家用轻工 | 002615 |  哈尔斯  | 25.4  |  20.6  | -1.3 |  -0.2   |   8.1   |
| 家用轻工 | 301004 | 嘉益股份 | 23.8  |  18.1  | 0.7  |  -2.9   |   1.6   |
| 家用轻工 | 002103 | 广博股份 | 23.4  | -39.1  | -1.1 |  -2.0   |  -0.9   |
| 家用轻工 | 002348 | 高乐股份 | 20.4  | -10.2  | -4.0 |  -4.4   |  -1.8   |
| 家用轻工 | 300329 | 海伦钢琴 | 17.7  |  70.3  | -1.4 |  -2.5   |  -0.6   |
| 家用轻工 | 300703 | 创源股份 | 17.0  | 105.1  | 1.1  |  -0.2   |   1.1   |
| 家用轻工 | 300640 | 德艺文创 | 16.8  |  50.9  | 0.0  |   0.0   |   3.3   |
| 家用轻工 | 002899 |  英派斯  | 14.8  | 277.5  | 0.7  |   0.7   |   2.9   |
| 家用轻工 | 002862 | 实丰文化 | 13.6  | 176.3  | 0.4  |  -1.0   |   3.3   |
+----------+--------+----------+-------+--------+------+---------+---------+
 




 [行业>单日涨幅]
+----------+--------+----------+-------+--------+------+---------+---------+
|   行业   |  代码  |   名称   | 市值  |   pe   | 涨幅 | 3日涨幅 | 6日涨幅 |
+----------+--------+----------+-------+--------+------+---------+---------+
| 家用轻工 | 603398 | 沐邦高科 | 98.8  | -271.2 | 2.7  |  -1.8   |   8.9   |
| 家用轻工 | 605099 | 共创草坪 | 108.0 |  31.7  | 1.1  |  -3.1   |  -6.8   |
| 家用轻工 | 300703 | 创源股份 | 17.0  | 105.1  | 1.1  |  -0.2   |   1.1   |
| 家用轻工 | 603848 |  好太太  | 69.4  |  38.3  | 0.8  |  -3.0   |   6.0   |
| 家用轻工 | 600439 |  瑞贝卡  | 31.2  |  61.1  | 0.7  |   0.4   |   3.0   |
| 家用轻工 | 002899 |  英派斯  | 14.8  | 277.5  | 0.7  |   0.7   |   2.9   |
| 家用轻工 | 301004 | 嘉益股份 | 23.8  |  18.1  | 0.7  |  -2.9   |   1.6   |
| 家用轻工 | 002862 | 实丰文化 | 13.6  | 176.3  | 0.4  |  -1.0   |   3.3   |
| 家用轻工 | 002678 | 珠江钢琴 | 79.2  |  37.3  | 0.3  |  -0.8   |   1.0   |
| 家用轻工 | 300640 | 德艺文创 | 16.8  |  50.9  | 0.0  |   0.0   |   3.3   |
| 家用轻工 | 002301 | 齐心集团 | 48.4  |  22.0  | -0.1 |   0.9   |   4.3   |
| 家用轻工 | 002575 | 群兴玩具 | 28.3  | 408.8  | -0.4 |  -3.0   |  -1.5   |
| 家用轻工 | 300729 | 乐歌股份 | 38.5  |  53.5  | -0.5 |  -1.9   |  -1.9   |
| 家用轻工 | 002489 | 浙江永强 | 78.8  |  14.4  | -0.6 |  -0.8   |  -9.3   |
| 家用轻工 | 605299 | 舒华体育 | 44.6  |  84.0  | -0.6 |  -2.4   |   6.5   |
| 家用轻工 | 300651 | 金陵体育 | 32.6  | 318.8  | -0.7 |  -2.5   |   0.3   |
| 家用轻工 | 002571 | 德力股份 | 28.3  | 273.8  | -0.8 |  -7.8   |   3.6   |
| 家用轻工 | 002103 | 广博股份 | 23.4  | -39.1  | -1.1 |  -2.0   |  -0.9   |
| 家用轻工 | 002615 |  哈尔斯  | 25.4  |  20.6  | -1.3 |  -0.2   |   8.1   |
| 家用轻工 | 300329 | 海伦钢琴 | 17.7  |  70.3  | -1.4 |  -2.5   |  -0.6   |
| 家用轻工 | 002605 | 姚记科技 | 66.4  |  18.1  | -1.6 |  -3.2   |  -3.0   |
| 家用轻工 | 603899 | 晨光股份 | 506.6 |  46.0  | -2.5 |   4.3   |   9.4   |
| 家用轻工 | 001323 | 慕思股份 | 190.8 |  38.4  | -2.8 |   4.6   |  -14.9  |
| 家用轻工 | 301101 | 明月镜片 | 66.8  |  75.6  | -3.1 |   9.6   |  13.0   |
| 家用轻工 | 002348 | 高乐股份 | 20.4  | -10.2  | -4.0 |  -4.4   |  -1.8   |
+----------+--------+----------+-------+--------+------+---------+---------+
