[行业>市值]
+----------+--------+----------+--------+--------+------+---------+---------+
|   行业   |  代码  |   名称   |  市值  |   pe   | 涨幅 | 3日涨幅 | 6日涨幅 |
+----------+--------+----------+--------+--------+------+---------+---------+
| 工程机械 | 600031 | 三一重工 | 1685.0 |  26.5  | 4.1  |   6.5   |   8.7   |
| 工程机械 | 601100 | 恒立液压 | 820.5  |  38.8  | 1.9  |   4.1   |   8.4   |
| 工程机械 | 000157 | 中联重科 | 560.6  |  15.5  | 4.9  |   4.9   |   7.7   |
| 工程机械 | 000425 | 徐工机械 | 434.0  |  7.7   | 2.8  |   1.6   |   3.8   |
| 工程机械 | 603338 | 浙江鼎力 | 259.3  |  33.1  | 1.0  |   0.8   |   5.1   |
| 工程机械 | 688425 | 铁建重工 | 221.3  |  14.7  | 2.0  |   0.7   |   0.0   |
| 工程机械 | 603638 | 艾迪精密 | 173.0  |  59.8  | 0.4  |  -1.5   |   3.6   |
| 工程机械 | 603298 | 杭叉集团 | 137.8  |  18.1  | 3.1  |  -0.2   |  10.7   |
| 工程机械 | 000528 |   柳工   | 131.2  |  12.9  | 3.1  |   1.5   |   3.5   |
| 工程机械 | 600761 | 安徽合力 |  93.0  |  12.0  | 5.6  |   7.5   |  20.9   |
| 工程机械 | 002204 | 大连重工 |  92.9  |  33.2  | 10.1 |   3.9   |  -2.4   |
| 工程机械 | 000680 | 山推股份 |  85.9  |  5.9   | 10.0 |  12.6   |  16.7   |
| 工程机械 | 600984 | 建设机械 |  83.7  | -38.8  | 2.8  |   8.5   |  12.9   |
| 工程机械 | 002097 | 山河智能 |  76.9  | -39.2  | 4.1  |   3.1   |   7.1   |
| 工程机械 | 605305 | 中际联合 |  74.8  |  42.5  | 1.8  |  -6.9   |  -3.2   |
| 工程机械 | 600375 | 汉马科技 |  61.3  |  -9.4  | 1.0  |  -7.8   |  -8.4   |
| 工程机械 | 601226 | 华电重工 |  58.8  | -13.5  | 1.6  |  -1.6   |  -0.8   |
| 工程机械 | 600817 | 宇通重工 |  57.1  |  16.8  | 10.0 |   2.9   |   4.8   |
| 工程机械 | 600815 | 厦工股份 |  54.5  | -712.2 | 10.0 |   7.0   |   8.5   |
| 工程机械 | 300718 | 长盛轴承 |  48.3  |  39.9  | -1.9 |   3.8   |  12.7   |
| 工程机械 | 603611 | 诺力股份 |  47.5  |  16.5  | 2.4  |   0.5   |   1.9   |
| 工程机械 | 605389 | 长龄液压 |  37.3  |  22.1  | 2.1  |  -1.0   |   0.8   |
| 工程机械 | 301040 | 中环海陆 |  30.0  |  43.9  | -1.8 |  -5.8   |  -1.6   |
| 工程机械 | 002272 | 川润股份 |  26.3  |  67.7  | 0.7  |   5.6   |   7.7   |
| 工程机械 | 001288 | 运机集团 |  25.8  |  30.6  | 3.4  |   4.6   |  10.4   |
| 工程机械 | 300201 | *ST海伦  |  21.3  |  16.3  | 2.5  |  -0.5   |   0.0   |
| 工程机械 | 300022 | 吉峰科技 |  17.9  | -214.8 | 0.2  |  -3.3   |  -1.5   |
+----------+--------+----------+--------+--------+------+---------+---------+
 




 [行业>单日涨幅]
+----------+--------+----------+--------+--------+------+---------+---------+
|   行业   |  代码  |   名称   |  市值  |   pe   | 涨幅 | 3日涨幅 | 6日涨幅 |
+----------+--------+----------+--------+--------+------+---------+---------+
| 工程机械 | 002204 | 大连重工 |  92.9  |  33.2  | 10.1 |   3.9   |  -2.4   |
| 工程机械 | 600815 | 厦工股份 |  54.5  | -712.2 | 10.0 |   7.0   |   8.5   |
| 工程机械 | 600817 | 宇通重工 |  57.1  |  16.8  | 10.0 |   2.9   |   4.8   |
| 工程机械 | 000680 | 山推股份 |  85.9  |  5.9   | 10.0 |  12.6   |  16.7   |
| 工程机械 | 600761 | 安徽合力 |  93.0  |  12.0  | 5.6  |   7.5   |  20.9   |
| 工程机械 | 000157 | 中联重科 | 560.6  |  15.5  | 4.9  |   4.9   |   7.7   |
| 工程机械 | 002097 | 山河智能 |  76.9  | -39.2  | 4.1  |   3.1   |   7.1   |
| 工程机械 | 600031 | 三一重工 | 1685.0 |  26.5  | 4.1  |   6.5   |   8.7   |
| 工程机械 | 001288 | 运机集团 |  25.8  |  30.6  | 3.4  |   4.6   |  10.4   |
| 工程机械 | 603298 | 杭叉集团 | 137.8  |  18.1  | 3.1  |  -0.2   |  10.7   |
| 工程机械 | 000528 |   柳工   | 131.2  |  12.9  | 3.1  |   1.5   |   3.5   |
| 工程机械 | 000425 | 徐工机械 | 434.0  |  7.7   | 2.8  |   1.6   |   3.8   |
| 工程机械 | 600984 | 建设机械 |  83.7  | -38.8  | 2.8  |   8.5   |  12.9   |
| 工程机械 | 300201 | *ST海伦  |  21.3  |  16.3  | 2.5  |  -0.5   |   0.0   |
| 工程机械 | 603611 | 诺力股份 |  47.5  |  16.5  | 2.4  |   0.5   |   1.9   |
| 工程机械 | 605389 | 长龄液压 |  37.3  |  22.1  | 2.1  |  -1.0   |   0.8   |
| 工程机械 | 688425 | 铁建重工 | 221.3  |  14.7  | 2.0  |   0.7   |   0.0   |
| 工程机械 | 601100 | 恒立液压 | 820.5  |  38.8  | 1.9  |   4.1   |   8.4   |
| 工程机械 | 605305 | 中际联合 |  74.8  |  42.5  | 1.8  |  -6.9   |  -3.2   |
| 工程机械 | 601226 | 华电重工 |  58.8  | -13.5  | 1.6  |  -1.6   |  -0.8   |
| 工程机械 | 603338 | 浙江鼎力 | 259.3  |  33.1  | 1.0  |   0.8   |   5.1   |
| 工程机械 | 600375 | 汉马科技 |  61.3  |  -9.4  | 1.0  |  -7.8   |  -8.4   |
| 工程机械 | 002272 | 川润股份 |  26.3  |  67.7  | 0.7  |   5.6   |   7.7   |
| 工程机械 | 603638 | 艾迪精密 | 173.0  |  59.8  | 0.4  |  -1.5   |   3.6   |
| 工程机械 | 300022 | 吉峰科技 |  17.9  | -214.8 | 0.2  |  -3.3   |  -1.5   |
| 工程机械 | 301040 | 中环海陆 |  30.0  |  43.9  | -1.8 |  -5.8   |  -1.6   |
| 工程机械 | 300718 | 长盛轴承 |  48.3  |  39.9  | -1.9 |   3.8   |  12.7   |
+----------+--------+----------+--------+--------+------+---------+---------+
