[行业>市值]
+----------+--------+----------+-------+--------+------+---------+---------+
|   行业   |  代码  |   名称   | 市值  |   pe   | 涨幅 | 3日涨幅 | 6日涨幅 |
+----------+--------+----------+-------+--------+------+---------+---------+
| 橡胶制品 | 601966 | 玲珑轮胎 | 371.1 | -101.0 | -1.5 |  -6.5   |  -4.1   |
| 橡胶制品 | 601058 | 赛轮轮胎 | 325.6 |  25.3  | -5.7 |  -12.9  |  -13.3  |
| 橡胶制品 | 000887 | 中鼎股份 | 243.3 |  24.2  | 1.3  |  -7.7   |  -7.1   |
| 橡胶制品 | 601118 | 海南橡胶 | 203.7 | -179.9 | -0.4 |   0.8   |   1.3   |
| 橡胶制品 | 002984 |  森麒麟  | 194.5 |  20.9  | -3.8 |  -9.5   |  -13.0  |
| 橡胶制品 | 603650 | 彤程新材 | 192.9 |  67.0  | -0.7 |   1.6   |  12.1   |
| 橡胶制品 | 603033 | 三维股份 | 179.2 |  92.0  | 2.5  |   0.6   |   6.7   |
| 橡胶制品 | 300767 | 震安科技 | 139.0 | 106.8  | -1.5 |   1.5   |  -6.1   |
| 橡胶制品 | 300587 | 天铁股份 | 134.6 |  29.1  | 4.1  |   6.8   |  26.7   |
| 橡胶制品 | 002068 | 黑猫股份 | 113.6 | -272.5 | 8.9  |   0.7   |   0.5   |
| 橡胶制品 | 601163 | 三角轮胎 | 92.7  |  39.7  | -0.6 |  -4.3   |  -3.6   |
| 橡胶制品 | 300320 | 海达股份 | 89.8  |  55.7  | -0.5 |  -0.7   |   0.3   |
| 橡胶制品 | 605183 | 确成股份 | 81.1  |  24.2  | 0.7  |  -2.7   |   3.7   |
| 橡胶制品 | 000589 | 贵州轮胎 | 50.0  |  22.2  | -0.9 |  -6.4   |  -10.7  |
| 橡胶制品 | 601500 | 通用股份 | 47.9  | 161.6  | -0.7 |  -3.9   |  -3.7   |
| 橡胶制品 | 600182 | S*ST佳通 | 47.6  | 295.7  | 5.0  |   2.8   |  10.6   |
| 橡胶制品 | 300121 | 阳谷华泰 | 40.9  |  9.0   | 1.5  |  -1.4   |   1.8   |
| 橡胶制品 | 300547 | 川环科技 | 36.9  |  43.8  | 4.7  |  -4.0   |   3.3   |
| 橡胶制品 | 002753 | 永东股份 | 35.4  |  83.9  | -8.8 |  -8.7   |  -9.0   |
| 橡胶制品 | 600469 | 风神股份 | 35.2  | -21.3  | -2.4 |  -3.6   |   4.6   |
| 橡胶制品 | 002224 |  三力士  | 33.9  | -156.2 | 0.0  |  -3.3   |  -4.5   |
| 橡胶制品 | 000599 | 青岛双星 | 32.6  |  -5.6  | -1.2 |  -3.6   |  -4.8   |
| 橡胶制品 | 001207 | 联科科技 | 32.6  |  34.3  | 4.1  |   2.5   |   4.9   |
| 橡胶制品 | 300731 | 科创新源 | 31.3  | -70.0  | 2.1  |  -10.8  |   8.1   |
| 橡胶制品 | 002442 | 龙星化工 | 27.2  |  59.7  | 0.4  |  -2.1   |  -6.6   |
| 橡胶制品 | 002381 | 双箭股份 | 26.3  |  20.2  | -0.6 |  -0.5   |   2.1   |
| 橡胶制品 | 301233 | 盛帮股份 | 21.4  |  36.3  | 0.0  |   0.0   |   0.0   |
+----------+--------+----------+-------+--------+------+---------+---------+
 




 [行业>单日涨幅]
+----------+--------+----------+-------+--------+------+---------+---------+
|   行业   |  代码  |   名称   | 市值  |   pe   | 涨幅 | 3日涨幅 | 6日涨幅 |
+----------+--------+----------+-------+--------+------+---------+---------+
| 橡胶制品 | 002068 | 黑猫股份 | 113.6 | -272.5 | 8.9  |   0.7   |   0.5   |
| 橡胶制品 | 600182 | S*ST佳通 | 47.6  | 295.7  | 5.0  |   2.8   |  10.6   |
| 橡胶制品 | 300547 | 川环科技 | 36.9  |  43.8  | 4.7  |  -4.0   |   3.3   |
| 橡胶制品 | 001207 | 联科科技 | 32.6  |  34.3  | 4.1  |   2.5   |   4.9   |
| 橡胶制品 | 300587 | 天铁股份 | 134.6 |  29.1  | 4.1  |   6.8   |  26.7   |
| 橡胶制品 | 603033 | 三维股份 | 179.2 |  92.0  | 2.5  |   0.6   |   6.7   |
| 橡胶制品 | 300731 | 科创新源 | 31.3  | -70.0  | 2.1  |  -10.8  |   8.1   |
| 橡胶制品 | 300121 | 阳谷华泰 | 40.9  |  9.0   | 1.5  |  -1.4   |   1.8   |
| 橡胶制品 | 000887 | 中鼎股份 | 243.3 |  24.2  | 1.3  |  -7.7   |  -7.1   |
| 橡胶制品 | 605183 | 确成股份 | 81.1  |  24.2  | 0.7  |  -2.7   |   3.7   |
| 橡胶制品 | 002442 | 龙星化工 | 27.2  |  59.7  | 0.4  |  -2.1   |  -6.6   |
| 橡胶制品 | 002224 |  三力士  | 33.9  | -156.2 | 0.0  |  -3.3   |  -4.5   |
| 橡胶制品 | 301233 | 盛帮股份 | 21.4  |  36.3  | 0.0  |   0.0   |   0.0   |
| 橡胶制品 | 601118 | 海南橡胶 | 203.7 | -179.9 | -0.4 |   0.8   |   1.3   |
| 橡胶制品 | 300320 | 海达股份 | 89.8  |  55.7  | -0.5 |  -0.7   |   0.3   |
| 橡胶制品 | 601163 | 三角轮胎 | 92.7  |  39.7  | -0.6 |  -4.3   |  -3.6   |
| 橡胶制品 | 002381 | 双箭股份 | 26.3  |  20.2  | -0.6 |  -0.5   |   2.1   |
| 橡胶制品 | 601500 | 通用股份 | 47.9  | 161.6  | -0.7 |  -3.9   |  -3.7   |
| 橡胶制品 | 603650 | 彤程新材 | 192.9 |  67.0  | -0.7 |   1.6   |  12.1   |
| 橡胶制品 | 000589 | 贵州轮胎 | 50.0  |  22.2  | -0.9 |  -6.4   |  -10.7  |
| 橡胶制品 | 000599 | 青岛双星 | 32.6  |  -5.6  | -1.2 |  -3.6   |  -4.8   |
| 橡胶制品 | 601966 | 玲珑轮胎 | 371.1 | -101.0 | -1.5 |  -6.5   |  -4.1   |
| 橡胶制品 | 300767 | 震安科技 | 139.0 | 106.8  | -1.5 |   1.5   |  -6.1   |
| 橡胶制品 | 600469 | 风神股份 | 35.2  | -21.3  | -2.4 |  -3.6   |   4.6   |
| 橡胶制品 | 002984 |  森麒麟  | 194.5 |  20.9  | -3.8 |  -9.5   |  -13.0  |
| 橡胶制品 | 601058 | 赛轮轮胎 | 325.6 |  25.3  | -5.7 |  -12.9  |  -13.3  |
| 橡胶制品 | 002753 | 永东股份 | 35.4  |  83.9  | -8.8 |  -8.7   |  -9.0   |
+----------+--------+----------+-------+--------+------+---------+---------+
