[行业>市值]
+----------+--------+----------+--------+-------+------+---------+---------+
|   行业   |  代码  |   名称   |  市值  |  pe   | 涨幅 | 3日涨幅 | 6日涨幅 |
+----------+--------+----------+--------+-------+------+---------+---------+
| 汽车整车 | 002594 |  比亚迪  | 9583.0 | 296.4 | -1.3 |  -6.7   |  -6.9   |
| 汽车整车 | 601633 | 长城汽车 | 3451.0 | 52.8  | 0.5  |  -11.7  |  -7.9   |
| 汽车整车 | 600104 | 上汽集团 | 2040.0 |  9.2  | -2.0 |  -6.8   |  -4.9   |
| 汽车整车 | 000625 | 长安汽车 | 1800.0 |  9.9  | 4.7  |  -10.9  |   9.7   |
| 汽车整车 | 601238 | 广汽集团 | 1649.0 | 13.7  | 3.4  |  -10.1  |  -9.9   |
| 汽车整车 | 601127 | 小康股份 | 1149.0 | -34.2 | 4.2  |  -3.7   |   9.3   |
| 汽车整车 | 000800 | 一汽解放 | 437.0  | 24.2  | 0.5  |  -7.5   |  -4.0   |
| 汽车整车 | 600733 | 北汽蓝谷 | 397.4  | -10.4 | 0.0  |  -9.7   |  -2.3   |
| 汽车整车 | 600418 | 江淮汽车 | 379.1  | -32.7 | 1.2  |   9.5   |  27.3   |
| 汽车整车 | 601777 | 力帆科技 | 242.1  | 119.0 | -3.1 |  -8.7   |  -0.4   |
| 汽车整车 | 301039 | 中集车辆 | 220.1  | 44.2  | 0.7  |  -10.1  |  -7.5   |
| 汽车整车 | 600066 | 宇通客车 | 191.1  | -41.3 | -0.2 |  -9.0   |  -6.2   |
| 汽车整车 | 600166 | 福田汽车 | 183.4  | 33.9  | -1.4 |  -10.6  |  -5.7   |
| 汽车整车 | 000980 |  ST众泰  | 180.5  | -28.8 | 1.1  |  -2.5   |  -3.5   |
| 汽车整车 | 000951 | 中国重汽 | 167.9  | 33.8  | 10.0 |   2.1   |   5.8   |
| 汽车整车 | 600006 | 东风汽车 | 151.4  | 31.9  | 0.3  |  -13.8  |  -7.3   |
| 汽车整车 | 000550 | 江铃汽车 | 138.7  | 17.9  | -0.1 |  -9.5   |  -4.4   |
| 汽车整车 | 000957 | 中通客车 | 126.4  | -89.6 | 0.0  |   0.0   |   0.0   |
| 汽车整车 | 000572 | 海马汽车 |  99.5  | -40.8 | -0.7 |  -15.4  |  -6.2   |
| 汽车整车 | 600686 | 金龙汽车 |  50.4  | 325.1 | 1.0  |  -12.7  |  -5.8   |
| 汽车整车 | 000868 | 安凯客车 |  49.9  | -31.2 | 3.0  |  -16.4  |  11.1   |
| 汽车整车 | 600213 | 亚星客车 |  31.6  | -18.1 | -1.2 |  -3.8   |  16.6   |
| 汽车整车 | 600303 |  ST曙光  |  23.2  | -17.8 | -1.4 |  -7.5   |  -2.3   |
+----------+--------+----------+--------+-------+------+---------+---------+
 




 [行业>单日涨幅]
+----------+--------+----------+--------+-------+------+---------+---------+
|   行业   |  代码  |   名称   |  市值  |  pe   | 涨幅 | 3日涨幅 | 6日涨幅 |
+----------+--------+----------+--------+-------+------+---------+---------+
| 汽车整车 | 000951 | 中国重汽 | 167.9  | 33.8  | 10.0 |   2.1   |   5.8   |
| 汽车整车 | 000625 | 长安汽车 | 1800.0 |  9.9  | 4.7  |  -10.9  |   9.7   |
| 汽车整车 | 601127 | 小康股份 | 1149.0 | -34.2 | 4.2  |  -3.7   |   9.3   |
| 汽车整车 | 601238 | 广汽集团 | 1649.0 | 13.7  | 3.4  |  -10.1  |  -9.9   |
| 汽车整车 | 000868 | 安凯客车 |  49.9  | -31.2 | 3.0  |  -16.4  |  11.1   |
| 汽车整车 | 600418 | 江淮汽车 | 379.1  | -32.7 | 1.2  |   9.5   |  27.3   |
| 汽车整车 | 000980 |  ST众泰  | 180.5  | -28.8 | 1.1  |  -2.5   |  -3.5   |
| 汽车整车 | 600686 | 金龙汽车 |  50.4  | 325.1 | 1.0  |  -12.7  |  -5.8   |
| 汽车整车 | 301039 | 中集车辆 | 220.1  | 44.2  | 0.7  |  -10.1  |  -7.5   |
| 汽车整车 | 000800 | 一汽解放 | 437.0  | 24.2  | 0.5  |  -7.5   |  -4.0   |
| 汽车整车 | 601633 | 长城汽车 | 3451.0 | 52.8  | 0.5  |  -11.7  |  -7.9   |
| 汽车整车 | 600006 | 东风汽车 | 151.4  | 31.9  | 0.3  |  -13.8  |  -7.3   |
| 汽车整车 | 600733 | 北汽蓝谷 | 397.4  | -10.4 | 0.0  |  -9.7   |  -2.3   |
| 汽车整车 | 000957 | 中通客车 | 126.4  | -89.6 | 0.0  |   0.0   |   0.0   |
| 汽车整车 | 000550 | 江铃汽车 | 138.7  | 17.9  | -0.1 |  -9.5   |  -4.4   |
| 汽车整车 | 600066 | 宇通客车 | 191.1  | -41.3 | -0.2 |  -9.0   |  -6.2   |
| 汽车整车 | 000572 | 海马汽车 |  99.5  | -40.8 | -0.7 |  -15.4  |  -6.2   |
| 汽车整车 | 600213 | 亚星客车 |  31.6  | -18.1 | -1.2 |  -3.8   |  16.6   |
| 汽车整车 | 002594 |  比亚迪  | 9583.0 | 296.4 | -1.3 |  -6.7   |  -6.9   |
| 汽车整车 | 600166 | 福田汽车 | 183.4  | 33.9  | -1.4 |  -10.6  |  -5.7   |
| 汽车整车 | 600303 |  ST曙光  |  23.2  | -17.8 | -1.4 |  -7.5   |  -2.3   |
| 汽车整车 | 600104 | 上汽集团 | 2040.0 |  9.2  | -2.0 |  -6.8   |  -4.9   |
| 汽车整车 | 601777 | 力帆科技 | 242.1  | 119.0 | -3.1 |  -8.7   |  -0.4   |
+----------+--------+----------+--------+-------+------+---------+---------+
