[行业>市值]
+------+--------+----------+-------+--------+------+---------+---------+
| 行业 |  代码  |   名称   | 市值  |   pe   | 涨幅 | 3日涨幅 | 6日涨幅 |
+------+--------+----------+-------+--------+------+---------+---------+
| 燃气 | 600956 | 新天绿能 | 520.0 |  13.9  | 0.8  |  -2.1   |   1.6   |
| 燃气 | 600803 | 新奥股份 | 516.5 |  17.1  | -2.4 |  -5.4   |   2.1   |
| 燃气 | 601139 | 深圳燃气 | 199.1 |  22.0  | -0.3 |  -2.0   |  -0.6   |
| 燃气 | 605090 | 九丰能源 | 127.6 |  8.1   | 1.5  |  -2.9   |  -1.8   |
| 燃气 | 600917 | 重庆燃气 | 115.5 |  28.6  | 1.8  |  -0.3   |  -1.6   |
| 燃气 | 300332 | 天壕环境 | 104.2 |  19.7  | 5.5  |   1.8   |  10.3   |
| 燃气 | 000968 | 蓝焰控股 | 100.0 |  9.2   | -1.1 |  -2.9   |  -0.6   |
| 燃气 | 600635 | 大众公用 | 96.8  |  -7.4  | -0.6 |  -1.8   |   0.0   |
| 燃气 | 603393 | 新天然气 | 90.0  |  10.9  | -0.6 |  -2.7   |  -1.6   |
| 燃气 | 600903 | 贵州燃气 | 89.5  | -36.1  | 0.9  |  -1.6   |  -2.8   |
| 燃气 | 002911 | 佛燃能源 | 86.5  |  28.9  | 0.8  |  -0.1   |   0.6   |
| 燃气 | 603053 | 成都燃气 | 84.4  |  10.7  | 1.6  |   1.1   |   1.6   |
| 燃气 | 002267 | 陕天然气 | 77.1  |  3.8   | -0.9 |  -2.9   |  -1.8   |
| 燃气 | 600617 | 国新能源 | 63.9  |  9.2   | 0.7  |  -2.5   |  -0.8   |
| 燃气 | 605368 | 蓝天燃气 | 62.5  |  8.2   | 0.2  |  -1.7   |  -0.9   |
| 燃气 | 600681 | 百川能源 | 60.5  |  10.4  | 0.2  |  -2.4   |  -1.8   |
| 燃气 | 300435 | 中泰股份 | 59.1  |  23.7  | 2.3  |  -2.9   |   0.3   |
| 燃气 | 300483 | 首华燃气 | 37.6  |  22.0  | 0.0  |  -5.1   |   1.9   |
| 燃气 | 603689 | 皖天然气 | 33.4  |  12.4  | 0.4  |  -2.5   |  -0.6   |
| 燃气 | 000407 | 胜利股份 | 32.6  |  26.4  | -0.5 |  -1.3   |   0.5   |
| 燃气 | 605169 | 洪通燃气 | 32.0  |  15.0  | 0.4  |  -1.9   |  -0.7   |
| 燃气 | 600333 | 长春燃气 | 30.1  | -64.4  | 0.2  |  -2.0   |  -2.2   |
| 燃气 | 603706 | 东方环宇 | 29.4  |  11.7  | -0.6 |   0.3   |   0.3   |
| 燃气 | 603318 | 水发燃气 | 29.4  |  56.9  | 1.4  |  -3.1   |  -1.4   |
| 燃气 | 000421 | 南京公用 | 27.5  | -52.5  | -1.0 |  -0.6   |   0.8   |
| 燃气 | 002259 |  ST升达  | 21.1  | -141.4 | -2.1 |  -5.7   |  -3.4   |
| 燃气 | 000593 | 德龙汇能 | 20.4  | 216.0  | 1.4  |  -0.5   |   2.2   |
| 燃气 | 603080 | 新疆火炬 | 18.6  |  12.9  | 0.8  |  -1.0   |  -0.1   |
| 燃气 | 002700 |  ST浩源  | 17.8  |  29.9  | 0.5  |   0.2   |   2.4   |
| 燃气 | 000669 |  ST金鸿  | 11.3  | -46.7  | 0.6  |  -0.6   |   3.1   |
+------+--------+----------+-------+--------+------+---------+---------+
 




 [行业>单日涨幅]
+------+--------+----------+-------+--------+------+---------+---------+
| 行业 |  代码  |   名称   | 市值  |   pe   | 涨幅 | 3日涨幅 | 6日涨幅 |
+------+--------+----------+-------+--------+------+---------+---------+
| 燃气 | 300332 | 天壕环境 | 104.2 |  19.7  | 5.5  |   1.8   |  10.3   |
| 燃气 | 300435 | 中泰股份 | 59.1  |  23.7  | 2.3  |  -2.9   |   0.3   |
| 燃气 | 600917 | 重庆燃气 | 115.5 |  28.6  | 1.8  |  -0.3   |  -1.6   |
| 燃气 | 603053 | 成都燃气 | 84.4  |  10.7  | 1.6  |   1.1   |   1.6   |
| 燃气 | 605090 | 九丰能源 | 127.6 |  8.1   | 1.5  |  -2.9   |  -1.8   |
| 燃气 | 603318 | 水发燃气 | 29.4  |  56.9  | 1.4  |  -3.1   |  -1.4   |
| 燃气 | 000593 | 德龙汇能 | 20.4  | 216.0  | 1.4  |  -0.5   |   2.2   |
| 燃气 | 600903 | 贵州燃气 | 89.5  | -36.1  | 0.9  |  -1.6   |  -2.8   |
| 燃气 | 600956 | 新天绿能 | 520.0 |  13.9  | 0.8  |  -2.1   |   1.6   |
| 燃气 | 002911 | 佛燃能源 | 86.5  |  28.9  | 0.8  |  -0.1   |   0.6   |
| 燃气 | 603080 | 新疆火炬 | 18.6  |  12.9  | 0.8  |  -1.0   |  -0.1   |
| 燃气 | 600617 | 国新能源 | 63.9  |  9.2   | 0.7  |  -2.5   |  -0.8   |
| 燃气 | 000669 |  ST金鸿  | 11.3  | -46.7  | 0.6  |  -0.6   |   3.1   |
| 燃气 | 002700 |  ST浩源  | 17.8  |  29.9  | 0.5  |   0.2   |   2.4   |
| 燃气 | 605169 | 洪通燃气 | 32.0  |  15.0  | 0.4  |  -1.9   |  -0.7   |
| 燃气 | 603689 | 皖天然气 | 33.4  |  12.4  | 0.4  |  -2.5   |  -0.6   |
| 燃气 | 605368 | 蓝天燃气 | 62.5  |  8.2   | 0.2  |  -1.7   |  -0.9   |
| 燃气 | 600681 | 百川能源 | 60.5  |  10.4  | 0.2  |  -2.4   |  -1.8   |
| 燃气 | 600333 | 长春燃气 | 30.1  | -64.4  | 0.2  |  -2.0   |  -2.2   |
| 燃气 | 300483 | 首华燃气 | 37.6  |  22.0  | 0.0  |  -5.1   |   1.9   |
| 燃气 | 601139 | 深圳燃气 | 199.1 |  22.0  | -0.3 |  -2.0   |  -0.6   |
| 燃气 | 000407 | 胜利股份 | 32.6  |  26.4  | -0.5 |  -1.3   |   0.5   |
| 燃气 | 603706 | 东方环宇 | 29.4  |  11.7  | -0.6 |   0.3   |   0.3   |
| 燃气 | 600635 | 大众公用 | 96.8  |  -7.4  | -0.6 |  -1.8   |   0.0   |
| 燃气 | 603393 | 新天然气 | 90.0  |  10.9  | -0.6 |  -2.7   |  -1.6   |
| 燃气 | 002267 | 陕天然气 | 77.1  |  3.8   | -0.9 |  -2.9   |  -1.8   |
| 燃气 | 000421 | 南京公用 | 27.5  | -52.5  | -1.0 |  -0.6   |   0.8   |
| 燃气 | 000968 | 蓝焰控股 | 100.0 |  9.2   | -1.1 |  -2.9   |  -0.6   |
| 燃气 | 002259 |  ST升达  | 21.1  | -141.4 | -2.1 |  -5.7   |  -3.4   |
| 燃气 | 600803 | 新奥股份 | 516.5 |  17.1  | -2.4 |  -5.4   |   2.1   |
+------+--------+----------+-------+--------+------+---------+---------+
