[行业>市值]
+------------+--------+----------+-------+--------+------+---------+---------+
|    行业    |  代码  |   名称   | 市值  |   pe   | 涨幅 | 3日涨幅 | 6日涨幅 |
+------------+--------+----------+-------+--------+------+---------+---------+
| 电子化学品 | 300054 | 鼎龙股份 | 194.5 |  68.1  | -2.7 |  -0.6   |   6.2   |
| 电子化学品 | 300346 | 南大光电 | 192.9 |  59.8  | -1.4 |   5.0   |  12.3   |
| 电子化学品 | 002643 | 万润股份 | 179.8 |  19.3  | -7.3 |  -6.3   |  -5.4   |
| 电子化学品 | 688019 | 安集科技 | 156.5 |  98.8  | -1.4 |   0.4   |   0.5   |
| 电子化学品 | 300398 | 飞凯材料 | 122.4 |  22.1  | 1.3  |  -0.6   |   4.3   |
| 电子化学品 | 300655 | 晶瑞电材 | 111.5 |  87.2  | -1.2 |  -4.7   |  10.7   |
| 电子化学品 | 300236 | 上海新阳 | 102.0 | -187.4 | -1.7 |  -0.6   |   3.9   |
| 电子化学品 | 688106 | 金宏气体 | 92.0  |  59.2  | -3.1 |  -6.0   |  -1.2   |
| 电子化学品 | 688268 | 华特气体 | 83.3  |  53.1  | -1.2 |  -3.5   |   0.0   |
| 电子化学品 | 002741 | 光华科技 | 79.0  |  55.9  | 0.7  |   2.8   |  10.9   |
| 电子化学品 | 603078 |  江化微  | 71.0  |  53.7  | -2.5 |  -2.8   |   5.1   |
| 电子化学品 | 300481 | 濮阳惠成 | 69.3  |  20.6  | -0.5 |  -0.3   |   2.5   |
| 电子化学品 | 688550 | 瑞联新材 | 67.0  |  21.0  | -0.4 |  -4.8   |  -1.1   |
| 电子化学品 | 300576 | 容大感光 | 58.5  | 141.5  | -1.8 |  -2.4   |   5.1   |
| 电子化学品 | 002584 | 西陇科学 | 49.2  |  14.7  | 5.5  |   3.3   |   9.1   |
| 电子化学品 | 300429 | 强力新材 | 48.5  |  48.6  | -0.7 |  -2.2   |   2.5   |
| 电子化学品 | 603931 |  格林达  | 39.7  |  25.2  | -0.9 |  -2.7   |   3.2   |
| 电子化学品 | 688359 | 三孚新科 | 36.9  | -154.9 | -5.1 |  -0.0   |  -0.1   |
| 电子化学品 | 300446 | 乐凯新材 | 24.5  | 386.2  | 0.2  |  -2.7   |  -1.5   |
| 电子化学品 | 300537 | 广信材料 | 23.4  | -51.0  | -1.3 |  -0.5   |   5.4   |
| 电子化学品 | 300637 | 扬帆新材 | 17.7  |  38.1  | 0.1  |  -1.4   |   2.5   |
+------------+--------+----------+-------+--------+------+---------+---------+
 




 [行业>单日涨幅]
+------------+--------+----------+-------+--------+------+---------+---------+
|    行业    |  代码  |   名称   | 市值  |   pe   | 涨幅 | 3日涨幅 | 6日涨幅 |
+------------+--------+----------+-------+--------+------+---------+---------+
| 电子化学品 | 002584 | 西陇科学 | 49.2  |  14.7  | 5.5  |   3.3   |   9.1   |
| 电子化学品 | 300398 | 飞凯材料 | 122.4 |  22.1  | 1.3  |  -0.6   |   4.3   |
| 电子化学品 | 002741 | 光华科技 | 79.0  |  55.9  | 0.7  |   2.8   |  10.9   |
| 电子化学品 | 300446 | 乐凯新材 | 24.5  | 386.2  | 0.2  |  -2.7   |  -1.5   |
| 电子化学品 | 300637 | 扬帆新材 | 17.7  |  38.1  | 0.1  |  -1.4   |   2.5   |
| 电子化学品 | 688550 | 瑞联新材 | 67.0  |  21.0  | -0.4 |  -4.8   |  -1.1   |
| 电子化学品 | 300481 | 濮阳惠成 | 69.3  |  20.6  | -0.5 |  -0.3   |   2.5   |
| 电子化学品 | 300429 | 强力新材 | 48.5  |  48.6  | -0.7 |  -2.2   |   2.5   |
| 电子化学品 | 603931 |  格林达  | 39.7  |  25.2  | -0.9 |  -2.7   |   3.2   |
| 电子化学品 | 300655 | 晶瑞电材 | 111.5 |  87.2  | -1.2 |  -4.7   |  10.7   |
| 电子化学品 | 688268 | 华特气体 | 83.3  |  53.1  | -1.2 |  -3.5   |   0.0   |
| 电子化学品 | 300537 | 广信材料 | 23.4  | -51.0  | -1.3 |  -0.5   |   5.4   |
| 电子化学品 | 688019 | 安集科技 | 156.5 |  98.8  | -1.4 |   0.4   |   0.5   |
| 电子化学品 | 300346 | 南大光电 | 192.9 |  59.8  | -1.4 |   5.0   |  12.3   |
| 电子化学品 | 300236 | 上海新阳 | 102.0 | -187.4 | -1.7 |  -0.6   |   3.9   |
| 电子化学品 | 300576 | 容大感光 | 58.5  | 141.5  | -1.8 |  -2.4   |   5.1   |
| 电子化学品 | 603078 |  江化微  | 71.0  |  53.7  | -2.5 |  -2.8   |   5.1   |
| 电子化学品 | 300054 | 鼎龙股份 | 194.5 |  68.1  | -2.7 |  -0.6   |   6.2   |
| 电子化学品 | 688106 | 金宏气体 | 92.0  |  59.2  | -3.1 |  -6.0   |  -1.2   |
| 电子化学品 | 688359 | 三孚新科 | 36.9  | -154.9 | -5.1 |  -0.0   |  -0.1   |
| 电子化学品 | 002643 | 万润股份 | 179.8 |  19.3  | -7.3 |  -6.3   |  -5.4   |
+------------+--------+----------+-------+--------+------+---------+---------+
