[行业>市值]
+----------+--------+----------+-------+--------+------+---------+---------+
|   行业   |  代码  |   名称   | 市值  |   pe   | 涨幅 | 3日涨幅 | 6日涨幅 |
+----------+--------+----------+-------+--------+------+---------+---------+
| 电源设备 | 601727 | 上海电气 | 634.1 | 1254.2 | -1.0 |  -4.7   |  -0.7   |
| 电源设备 | 600875 | 东方电气 | 505.0 |  13.6  | -1.6 |  -3.5   |  -3.1   |
| 电源设备 | 300376 |  易事特  | 184.4 |  46.7  | -2.2 |  -2.1   |  -0.5   |
| 电源设备 | 002518 |  科士达  | 171.7 |  79.1  | -3.7 |  -1.7   |  -7.3   |
| 电源设备 | 300593 |  新雷能  | 152.8 |  44.0  | -1.1 |  -2.9   |  -1.2   |
| 电源设备 | 002335 | 科华数据 | 140.7 |  35.9  | -1.2 |  -0.9   |   3.0   |
| 电源设备 | 002851 | 麦格米特 | 132.2 |  45.0  | 1.2  |   1.4   |  -0.8   |
| 电源设备 | 002534 | 西子洁能 | 117.6 |  73.2  | -2.3 |  -9.6   |   0.8   |
| 电源设备 | 300820 | 英杰电气 | 93.9  |  43.5  | 1.3  |  -1.6   |  -4.0   |
| 电源设备 | 002665 | 首航高科 | 78.5  | -36.4  | -1.0 |  -4.3   |  -0.3   |
| 电源设备 | 600475 | 华光环能 | 76.2  |  9.2   | -0.1 |  -0.6   |   0.2   |
| 电源设备 | 300693 | 盛弘股份 | 57.9  |  63.0  | -3.3 |  -3.7   |  -3.4   |
| 电源设备 | 002255 | 海陆重工 | 47.7  |  36.5  | 0.2  |  -7.8   |   2.9   |
| 电源设备 | 300870 |  欧陆通  | 44.8  | -38.0  | -4.6 |  -5.3   |  -2.5   |
| 电源设备 | 002364 | 中恒电气 | 42.6  | 187.4  | -1.7 |  -5.8   |   1.3   |
| 电源设备 | 002630 | 华西能源 | 36.0  |  -5.8  | -4.1 |   1.3   |   2.4   |
| 电源设备 | 002227 |  奥特迅  | 35.2  | -101.7 | -1.6 |  -5.1   |  -6.7   |
| 电源设备 | 002366 | *ST海核  | 32.9  | -26.6  | -3.6 |  -3.3   |  -2.8   |
| 电源设备 | 600405 |  动力源  | 32.5  | -42.4  | -3.8 |  -3.5   |  -3.3   |
| 电源设备 | 688551 |  科威尔  | 31.1  | 104.3  | -1.2 |  -6.6   |  -4.5   |
| 电源设备 | 300105 | 龙源技术 | 30.4  | -103.8 | 0.7  |  -4.3   |  -1.7   |
| 电源设备 | 300153 | 科泰电源 | 27.1  | 144.4  | -0.6 |  -4.3   |  -2.8   |
| 电源设备 | 300491 | 通合科技 | 25.4  | -76.8  | -0.2 |  -3.1   |  -0.4   |
| 电源设备 | 300713 |  英可瑞  | 23.4  | 352.2  | -2.9 |  -3.9   |  -0.6   |
| 电源设备 | 600202 |  哈空调  | 20.1  |  85.0  | -0.2 |  -4.0   |  -3.0   |
+----------+--------+----------+-------+--------+------+---------+---------+
 




 [行业>单日涨幅]
+----------+--------+----------+-------+--------+------+---------+---------+
|   行业   |  代码  |   名称   | 市值  |   pe   | 涨幅 | 3日涨幅 | 6日涨幅 |
+----------+--------+----------+-------+--------+------+---------+---------+
| 电源设备 | 300820 | 英杰电气 | 93.9  |  43.5  | 1.3  |  -1.6   |  -4.0   |
| 电源设备 | 002851 | 麦格米特 | 132.2 |  45.0  | 1.2  |   1.4   |  -0.8   |
| 电源设备 | 300105 | 龙源技术 | 30.4  | -103.8 | 0.7  |  -4.3   |  -1.7   |
| 电源设备 | 002255 | 海陆重工 | 47.7  |  36.5  | 0.2  |  -7.8   |   2.9   |
| 电源设备 | 600475 | 华光环能 | 76.2  |  9.2   | -0.1 |  -0.6   |   0.2   |
| 电源设备 | 600202 |  哈空调  | 20.1  |  85.0  | -0.2 |  -4.0   |  -3.0   |
| 电源设备 | 300491 | 通合科技 | 25.4  | -76.8  | -0.2 |  -3.1   |  -0.4   |
| 电源设备 | 300153 | 科泰电源 | 27.1  | 144.4  | -0.6 |  -4.3   |  -2.8   |
| 电源设备 | 002665 | 首航高科 | 78.5  | -36.4  | -1.0 |  -4.3   |  -0.3   |
| 电源设备 | 601727 | 上海电气 | 634.1 | 1254.2 | -1.0 |  -4.7   |  -0.7   |
| 电源设备 | 300593 |  新雷能  | 152.8 |  44.0  | -1.1 |  -2.9   |  -1.2   |
| 电源设备 | 002335 | 科华数据 | 140.7 |  35.9  | -1.2 |  -0.9   |   3.0   |
| 电源设备 | 688551 |  科威尔  | 31.1  | 104.3  | -1.2 |  -6.6   |  -4.5   |
| 电源设备 | 600875 | 东方电气 | 505.0 |  13.6  | -1.6 |  -3.5   |  -3.1   |
| 电源设备 | 002227 |  奥特迅  | 35.2  | -101.7 | -1.6 |  -5.1   |  -6.7   |
| 电源设备 | 002364 | 中恒电气 | 42.6  | 187.4  | -1.7 |  -5.8   |   1.3   |
| 电源设备 | 300376 |  易事特  | 184.4 |  46.7  | -2.2 |  -2.1   |  -0.5   |
| 电源设备 | 002534 | 西子洁能 | 117.6 |  73.2  | -2.3 |  -9.6   |   0.8   |
| 电源设备 | 300713 |  英可瑞  | 23.4  | 352.2  | -2.9 |  -3.9   |  -0.6   |
| 电源设备 | 300693 | 盛弘股份 | 57.9  |  63.0  | -3.3 |  -3.7   |  -3.4   |
| 电源设备 | 002366 | *ST海核  | 32.9  | -26.6  | -3.6 |  -3.3   |  -2.8   |
| 电源设备 | 002518 |  科士达  | 171.7 |  79.1  | -3.7 |  -1.7   |  -7.3   |
| 电源设备 | 600405 |  动力源  | 32.5  | -42.4  | -3.8 |  -3.5   |  -3.3   |
| 电源设备 | 002630 | 华西能源 | 36.0  |  -5.8  | -4.1 |   1.3   |   2.4   |
| 电源设备 | 300870 |  欧陆通  | 44.8  | -38.0  | -4.6 |  -5.3   |  -2.5   |
+----------+--------+----------+-------+--------+------+---------+---------+
