[行业>市值]
+------+--------+----------+-------+-------+------+---------+---------+
| 行业 |  代码  |   名称   | 市值  |  pe   | 涨幅 | 3日涨幅 | 6日涨幅 |
+------+--------+----------+-------+-------+------+---------+---------+
| 电机 | 002176 | 江特电机 | 461.6 | 17.3  | 8.0  |   4.6   |   6.2   |
| 电机 | 603489 | 八方股份 | 232.9 | 32.4  | -0.5 |  -5.0   |  -3.2   |
| 电机 | 600580 | 卧龙电驱 | 184.1 | 23.2  | -2.9 |  -9.2   |  -3.4   |
| 电机 | 002249 | 大洋电机 | 143.8 | 24.5  | -1.0 |  -5.0   |  -4.1   |
| 电机 | 300660 | 江苏雷利 | 98.4  | 35.5  | 4.3  |  16.4   |  19.9   |
| 电机 | 603728 | 鸣志电器 | 90.5  | 57.8  | 1.4  |  -10.7  |   4.1   |
| 电机 | 003021 | 兆威机电 | 81.4  | 89.7  | -0.7 |  -14.5  |  -2.3   |
| 电机 | 002801 | 微光股份 | 69.8  | 22.6  | 1.9  |   1.6   |   5.4   |
| 电机 | 000922 | 佳电股份 | 50.9  | 16.9  | 0.2  |  -4.9   |   0.1   |
| 电机 | 002892 |  科力尔  | 49.5  | 77.6  | 10.0 |   0.7   |  21.9   |
| 电机 | 002196 | 方正电机 | 48.7  | 204.3 | 0.1  |  -8.3   |  -7.0   |
| 电机 | 603819 | 神力股份 | 38.1  | 33.3  | 0.2  |  -2.7   |  -2.0   |
| 电机 | 002823 | 凯中精密 | 29.1  | 36.3  | -0.4 |  -4.6   |  -1.1   |
| 电机 | 603988 | 中电电机 | 25.8  | 48.0  | 0.4  |  -5.6   |  -6.3   |
| 电机 | 301023 | 江南奕帆 | 23.6  | 29.0  | -1.2 |  -6.3   |  -2.3   |
| 电机 | 301226 | 祥明智能 | 23.2  | 38.4  | -2.9 |  -5.0   |  -4.7   |
| 电机 | 002576 | 通达动力 | 22.3  | 55.2  | 0.5  |  -7.7   |  -6.3   |
| 电机 | 300907 | 康平科技 | 19.9  | 96.5  | 0.2  |  -4.4   |  -0.6   |
| 电机 | 688395 | 正弦电气 | 17.7  | 31.0  | -2.0 |  -6.7   |   2.6   |
| 电机 | 300626 | 华瑞股份 | 16.1  | 62.6  | 0.3  |  -4.1   |  -0.9   |
| 电机 | 603320 | 迪贝电气 | 15.5  | 31.8  | -0.7 |  -3.6   |  -0.4   |
+------+--------+----------+-------+-------+------+---------+---------+
 




 [行业>单日涨幅]
+------+--------+----------+-------+-------+------+---------+---------+
| 行业 |  代码  |   名称   | 市值  |  pe   | 涨幅 | 3日涨幅 | 6日涨幅 |
+------+--------+----------+-------+-------+------+---------+---------+
| 电机 | 002892 |  科力尔  | 49.5  | 77.6  | 10.0 |   0.7   |  21.9   |
| 电机 | 002176 | 江特电机 | 461.6 | 17.3  | 8.0  |   4.6   |   6.2   |
| 电机 | 300660 | 江苏雷利 | 98.4  | 35.5  | 4.3  |  16.4   |  19.9   |
| 电机 | 002801 | 微光股份 | 69.8  | 22.6  | 1.9  |   1.6   |   5.4   |
| 电机 | 603728 | 鸣志电器 | 90.5  | 57.8  | 1.4  |  -10.7  |   4.1   |
| 电机 | 002576 | 通达动力 | 22.3  | 55.2  | 0.5  |  -7.7   |  -6.3   |
| 电机 | 603988 | 中电电机 | 25.8  | 48.0  | 0.4  |  -5.6   |  -6.3   |
| 电机 | 300626 | 华瑞股份 | 16.1  | 62.6  | 0.3  |  -4.1   |  -0.9   |
| 电机 | 000922 | 佳电股份 | 50.9  | 16.9  | 0.2  |  -4.9   |   0.1   |
| 电机 | 603819 | 神力股份 | 38.1  | 33.3  | 0.2  |  -2.7   |  -2.0   |
| 电机 | 300907 | 康平科技 | 19.9  | 96.5  | 0.2  |  -4.4   |  -0.6   |
| 电机 | 002196 | 方正电机 | 48.7  | 204.3 | 0.1  |  -8.3   |  -7.0   |
| 电机 | 002823 | 凯中精密 | 29.1  | 36.3  | -0.4 |  -4.6   |  -1.1   |
| 电机 | 603489 | 八方股份 | 232.9 | 32.4  | -0.5 |  -5.0   |  -3.2   |
| 电机 | 003021 | 兆威机电 | 81.4  | 89.7  | -0.7 |  -14.5  |  -2.3   |
| 电机 | 603320 | 迪贝电气 | 15.5  | 31.8  | -0.7 |  -3.6   |  -0.4   |
| 电机 | 002249 | 大洋电机 | 143.8 | 24.5  | -1.0 |  -5.0   |  -4.1   |
| 电机 | 301023 | 江南奕帆 | 23.6  | 29.0  | -1.2 |  -6.3   |  -2.3   |
| 电机 | 688395 | 正弦电气 | 17.7  | 31.0  | -2.0 |  -6.7   |   2.6   |
| 电机 | 301226 | 祥明智能 | 23.2  | 38.4  | -2.9 |  -5.0   |  -4.7   |
| 电机 | 600580 | 卧龙电驱 | 184.1 | 23.2  | -2.9 |  -9.2   |  -3.4   |
+------+--------+----------+-------+-------+------+---------+---------+
