[行业>市值]
+----------+--------+----------+-------+--------+------+---------+---------+
|   行业   |  代码  |   名称   | 市值  |   pe   | 涨幅 | 3日涨幅 | 6日涨幅 |
+----------+--------+----------+-------+--------+------+---------+---------+
| 综合行业 | 000009 | 中国宝安 | 359.3 |  54.4  | 3.3  |  -0.4   |  -0.1   |
| 综合行业 | 600673 |  东阳光  | 274.3 |  23.8  | 1.2  |   0.0   |   2.8   |
| 综合行业 | 000958 | 电投产融 | 242.8 |  19.9  | -0.7 |  -4.5   |  -4.8   |
| 综合行业 | 600770 | 综艺股份 | 114.4 | -19.5  | 0.6  |   8.5   |  10.0   |
| 综合行业 | 000158 | 常山北明 | 96.1  | -27.8  | 0.2  |  -1.3   |  -1.5   |
| 综合行业 | 000839 |  ST国安  | 82.3  | -14.0  | 0.5  |  -0.5   |   0.0   |
| 综合行业 | 000861 | 海印股份 | 68.8  |  17.0  | -0.7 |  -2.9   |   0.4   |
| 综合行业 | 002758 | 浙农股份 | 66.3  |  11.8  | 0.1  |  -3.6   |  -5.4   |
| 综合行业 | 000833 | 粤桂股份 | 63.4  |  44.5  | 4.9  |   1.3   |   4.3   |
| 综合行业 | 000652 | 泰达股份 | 59.5  | 383.3  | 0.8  |  -1.2   |  -3.8   |
| 综合行业 | 000803 | 北清环能 | 56.8  |  35.2  | 4.1  |   2.3   |   0.6   |
| 综合行业 | 600784 | 鲁银投资 | 49.4  |  21.1  | 0.8  |  -0.4   |   3.8   |
| 综合行业 | 000576 | 甘化科工 | 47.3  |  46.9  | -1.5 |  -6.6   |  -6.7   |
| 综合行业 | 600624 | 复旦复华 | 45.1  | 195.9  | -2.5 |  -5.5   |  -4.8   |
| 综合行业 | 000909 | 数源科技 | 42.5  | 218.2  | 0.5  |  -4.2   |  -5.9   |
| 综合行业 | 000532 | 华金资本 | 41.3  |  73.8  | -3.5 |  -1.0   |  -1.2   |
| 综合行业 | 600805 | 悦达投资 | 40.8  |  12.2  | -2.0 |  -7.0   |  -4.8   |
| 综合行业 | 600568 |  ST中珠  | 32.3  | -196.5 | 0.6  |   0.0   |  -1.2   |
| 综合行业 | 600113 | 浙江东日 | 30.6  |  16.7  | -0.3 |  -2.1   |   4.2   |
| 综合行业 | 000409 | 云鼎科技 | 27.5  | 264.4  | -0.7 |  -4.1   |  -1.1   |
| 综合行业 | 000632 | 三木集团 | 22.8  |  90.2  | 4.0  |  14.0   |  18.4   |
| 综合行业 | 600051 | 宁波联合 | 21.1  | -94.5  | -0.9 |  -0.6   |   2.6   |
| 综合行业 | 002591 | 恒大高新 | 15.1  | -138.6 | -0.6 |  -2.5   |  -0.2   |
+----------+--------+----------+-------+--------+------+---------+---------+
 




 [行业>单日涨幅]
+----------+--------+----------+-------+--------+------+---------+---------+
|   行业   |  代码  |   名称   | 市值  |   pe   | 涨幅 | 3日涨幅 | 6日涨幅 |
+----------+--------+----------+-------+--------+------+---------+---------+
| 综合行业 | 000833 | 粤桂股份 | 63.4  |  44.5  | 4.9  |   1.3   |   4.3   |
| 综合行业 | 000803 | 北清环能 | 56.8  |  35.2  | 4.1  |   2.3   |   0.6   |
| 综合行业 | 000632 | 三木集团 | 22.8  |  90.2  | 4.0  |  14.0   |  18.4   |
| 综合行业 | 000009 | 中国宝安 | 359.3 |  54.4  | 3.3  |  -0.4   |  -0.1   |
| 综合行业 | 600673 |  东阳光  | 274.3 |  23.8  | 1.2  |   0.0   |   2.8   |
| 综合行业 | 600784 | 鲁银投资 | 49.4  |  21.1  | 0.8  |  -0.4   |   3.8   |
| 综合行业 | 000652 | 泰达股份 | 59.5  | 383.3  | 0.8  |  -1.2   |  -3.8   |
| 综合行业 | 600568 |  ST中珠  | 32.3  | -196.5 | 0.6  |   0.0   |  -1.2   |
| 综合行业 | 600770 | 综艺股份 | 114.4 | -19.5  | 0.6  |   8.5   |  10.0   |
| 综合行业 | 000909 | 数源科技 | 42.5  | 218.2  | 0.5  |  -4.2   |  -5.9   |
| 综合行业 | 000839 |  ST国安  | 82.3  | -14.0  | 0.5  |  -0.5   |   0.0   |
| 综合行业 | 000158 | 常山北明 | 96.1  | -27.8  | 0.2  |  -1.3   |  -1.5   |
| 综合行业 | 002758 | 浙农股份 | 66.3  |  11.8  | 0.1  |  -3.6   |  -5.4   |
| 综合行业 | 600113 | 浙江东日 | 30.6  |  16.7  | -0.3 |  -2.1   |   4.2   |
| 综合行业 | 002591 | 恒大高新 | 15.1  | -138.6 | -0.6 |  -2.5   |  -0.2   |
| 综合行业 | 000958 | 电投产融 | 242.8 |  19.9  | -0.7 |  -4.5   |  -4.8   |
| 综合行业 | 000861 | 海印股份 | 68.8  |  17.0  | -0.7 |  -2.9   |   0.4   |
| 综合行业 | 000409 | 云鼎科技 | 27.5  | 264.4  | -0.7 |  -4.1   |  -1.1   |
| 综合行业 | 600051 | 宁波联合 | 21.1  | -94.5  | -0.9 |  -0.6   |   2.6   |
| 综合行业 | 000576 | 甘化科工 | 47.3  |  46.9  | -1.5 |  -6.6   |  -6.7   |
| 综合行业 | 600805 | 悦达投资 | 40.8  |  12.2  | -2.0 |  -7.0   |  -4.8   |
| 综合行业 | 600624 | 复旦复华 | 45.1  | 195.9  | -2.5 |  -5.5   |  -4.8   |
| 综合行业 | 000532 | 华金资本 | 41.3  |  73.8  | -3.5 |  -1.0   |  -1.2   |
+----------+--------+----------+-------+--------+------+---------+---------+
