[行业>市值]
+----------+--------+----------+--------+----------+------+---------+---------+
|   行业   |  代码  |   名称   |  市值  |    pe    | 涨幅 | 3日涨幅 | 6日涨幅 |
+----------+--------+----------+--------+----------+------+---------+---------+
| 美容护理 | 300896 |  爱美客  | 1279.0 |  114.1   | -1.5 |   2.5   |   5.5   |
| 美容护理 | 300957 |  贝泰妮  | 889.6  |  152.3   | -3.5 |  -4.6   |  -0.9   |
| 美容护理 | 688363 | 华熙生物 | 670.8  |   84.0   | -1.9 |   1.1   |  -6.1   |
| 美容护理 | 603605 |  珀莱雅  | 446.4  |   70.4   | -4.0 |  -2.3   |   0.9   |
| 美容护理 | 300888 | 稳健医疗 | 288.1  |   20.2   | 1.6  |   1.6   |   8.1   |
| 美容护理 | 600315 | 上海家化 | 281.6  |   35.3   | -3.1 |   9.9   |  12.9   |
| 美容护理 | 002511 | 中顺洁柔 | 166.7  |   31.3   | 1.4  |   1.1   |   8.1   |
| 美容护理 | 002243 | 力合科创 | 114.8  |   82.4   | -1.8 |  -10.3  |  -5.3   |
| 美容护理 | 603983 | 丸美股份 | 105.3  |   40.2   | -2.2 |  -1.4   |   0.8   |
| 美容护理 | 300856 | 科思股份 |  70.3  |   30.3   | -4.3 |   5.2   |   1.9   |
| 美容护理 | 000523 | 广州浪奇 |  61.3  |  -119.2  | -1.3 |  -3.1   |  -2.3   |
| 美容护理 | 605009 | 豪悦护理 |  60.0  |   27.3   | -1.1 |   0.9   |   1.8   |
| 美容护理 | 000615 | 奥园美谷 |  57.1  |  -36.8   | -3.9 |   2.4   |   6.2   |
| 美容护理 | 300740 | 水羊股份 |  55.4  |   33.3   | -2.0 |   4.3   |   8.5   |
| 美容护理 | 003006 | 百亚股份 |  52.1  |   23.5   | -1.9 |   0.7   |   1.4   |
| 美容护理 | 300132 | 青松股份 |  36.1  |  -14.8   | -0.1 |   3.2   |   2.3   |
| 美容护理 | 301009 | 可靠股份 |  33.5  |  428.1   | -1.2 |  -3.6   |  -1.8   |
| 美容护理 | 603630 | 拉芳家化 |  32.1  |  -313.7  | 1.1  |   1.5   |   1.0   |
| 美容护理 | 002919 | 名臣健康 |  31.8  |  485.1   | -6.2 |   0.8   |   8.2   |
| 美容护理 | 001206 | 依依股份 |  31.1  |   42.4   | -0.6 |   4.8   |   8.0   |
| 美容护理 | 600249 |  两面针  |  28.6  |  -24.2   | 1.0  |   2.0   |   3.4   |
| 美容护理 | 002094 | 青岛金王 |  25.5  |   48.3   | 1.6  |  -0.5   |  -3.9   |
| 美容护理 | 300955 | 嘉亨家化 |  24.3  |   36.2   | -1.8 |  -0.8   |   1.7   |
| 美容护理 | 300886 | 华业香料 |  23.1  |   83.2   | -0.3 |  -0.9   |   4.2   |
| 美容护理 | 300658 | 延江股份 |  21.1  |   78.6   | 1.0  |   1.3   |   4.2   |
| 美容护理 | 603238 | 诺邦股份 |  19.2  |   63.1   | 1.2  |  -0.4   |   5.0   |
| 美容护理 | 603059 |  倍加洁  |  18.8  | -12437.7 | -0.1 |  -2.6   |   2.9   |
| 美容护理 | 300849 | 锦盛新材 |  18.3  |  206.1   | 0.7  |   1.9   |   2.7   |
+----------+--------+----------+--------+----------+------+---------+---------+
 




 [行业>单日涨幅]
+----------+--------+----------+--------+----------+------+---------+---------+
|   行业   |  代码  |   名称   |  市值  |    pe    | 涨幅 | 3日涨幅 | 6日涨幅 |
+----------+--------+----------+--------+----------+------+---------+---------+
| 美容护理 | 002094 | 青岛金王 |  25.5  |   48.3   | 1.6  |  -0.5   |  -3.9   |
| 美容护理 | 300888 | 稳健医疗 | 288.1  |   20.2   | 1.6  |   1.6   |   8.1   |
| 美容护理 | 002511 | 中顺洁柔 | 166.7  |   31.3   | 1.4  |   1.1   |   8.1   |
| 美容护理 | 603238 | 诺邦股份 |  19.2  |   63.1   | 1.2  |  -0.4   |   5.0   |
| 美容护理 | 603630 | 拉芳家化 |  32.1  |  -313.7  | 1.1  |   1.5   |   1.0   |
| 美容护理 | 300658 | 延江股份 |  21.1  |   78.6   | 1.0  |   1.3   |   4.2   |
| 美容护理 | 600249 |  两面针  |  28.6  |  -24.2   | 1.0  |   2.0   |   3.4   |
| 美容护理 | 300849 | 锦盛新材 |  18.3  |  206.1   | 0.7  |   1.9   |   2.7   |
| 美容护理 | 603059 |  倍加洁  |  18.8  | -12437.7 | -0.1 |  -2.6   |   2.9   |
| 美容护理 | 300132 | 青松股份 |  36.1  |  -14.8   | -0.1 |   3.2   |   2.3   |
| 美容护理 | 300886 | 华业香料 |  23.1  |   83.2   | -0.3 |  -0.9   |   4.2   |
| 美容护理 | 001206 | 依依股份 |  31.1  |   42.4   | -0.6 |   4.8   |   8.0   |
| 美容护理 | 605009 | 豪悦护理 |  60.0  |   27.3   | -1.1 |   0.9   |   1.8   |
| 美容护理 | 301009 | 可靠股份 |  33.5  |  428.1   | -1.2 |  -3.6   |  -1.8   |
| 美容护理 | 000523 | 广州浪奇 |  61.3  |  -119.2  | -1.3 |  -3.1   |  -2.3   |
| 美容护理 | 300896 |  爱美客  | 1279.0 |  114.1   | -1.5 |   2.5   |   5.5   |
| 美容护理 | 002243 | 力合科创 | 114.8  |   82.4   | -1.8 |  -10.3  |  -5.3   |
| 美容护理 | 300955 | 嘉亨家化 |  24.3  |   36.2   | -1.8 |  -0.8   |   1.7   |
| 美容护理 | 003006 | 百亚股份 |  52.1  |   23.5   | -1.9 |   0.7   |   1.4   |
| 美容护理 | 688363 | 华熙生物 | 670.8  |   84.0   | -1.9 |   1.1   |  -6.1   |
| 美容护理 | 300740 | 水羊股份 |  55.4  |   33.3   | -2.0 |   4.3   |   8.5   |
| 美容护理 | 603983 | 丸美股份 | 105.3  |   40.2   | -2.2 |  -1.4   |   0.8   |
| 美容护理 | 600315 | 上海家化 | 281.6  |   35.3   | -3.1 |   9.9   |  12.9   |
| 美容护理 | 300957 |  贝泰妮  | 889.6  |  152.3   | -3.5 |  -4.6   |  -0.9   |
| 美容护理 | 000615 | 奥园美谷 |  57.1  |  -36.8   | -3.9 |   2.4   |   6.2   |
| 美容护理 | 603605 |  珀莱雅  | 446.4  |   70.4   | -4.0 |  -2.3   |   0.9   |
| 美容护理 | 300856 | 科思股份 |  70.3  |   30.3   | -4.3 |   5.2   |   1.9   |
| 美容护理 | 002919 | 名臣健康 |  31.8  |  485.1   | -6.2 |   0.8   |   8.2   |
+----------+--------+----------+--------+----------+------+---------+---------+
