[行业>市值]
+------------+--------+----------+--------+-------+------+---------+---------+
|    行业    |  代码  |   名称   |  市值  |  pe   | 涨幅 | 3日涨幅 | 6日涨幅 |
+------------+--------+----------+--------+-------+------+---------+---------+
| 非金属材料 | 603260 | 合盛硅业 | 1311.0 | 16.0  | 3.5  |   0.7   |   5.0   |
| 非金属材料 | 603688 | 石英股份 | 505.0  | 144.5 | 7.8  |   3.4   |  17.0   |
| 非金属材料 | 300861 | 美畅股份 | 365.8  | 32.1  | -1.3 |  -4.6   |  -5.7   |
| 非金属材料 | 600516 | 方大炭素 | 286.2  | 212.2 | -1.1 |  -4.0   |   0.4   |
| 非金属材料 | 603826 | 坤彩科技 | 271.8  | 254.7 | -1.3 |   3.9   |  -2.3   |
| 非金属材料 | 688281 | 华秦科技 | 254.4  | 107.3 | 3.6  |   5.3   |  -7.9   |
| 非金属材料 | 300395 |  菲利华  | 232.7  | 64.4  | 2.0  |  -3.7   |  10.6   |
| 非金属材料 | 301071 | 力量钻石 | 199.6  | 49.3  | 6.6  |   5.6   |  -1.9   |
| 非金属材料 | 300035 | 中科电气 | 197.5  | 38.3  | -2.3 |  -9.8   |  -2.6   |
| 非金属材料 | 603612 | 索通发展 | 178.2  | 28.2  | 5.2  |   5.4   |   5.0   |
| 非金属材料 | 300409 | 道氏技术 | 150.1  | 21.9  | -0.2 |  -4.2   |  -0.8   |
| 非金属材料 | 688733 |  壹石通  | 146.4  | 84.0  | 9.5  |   1.7   |   4.6   |
| 非金属材料 | 600172 | 黄河旋风 | 134.3  | 116.9 | 6.8  |   3.9   |   3.3   |
| 非金属材料 | 600330 | 天通股份 | 116.2  | 26.5  | -2.1 |  -11.9  |  -4.3   |
| 非金属材料 | 600783 | 鲁信创投 |  98.6  | 50.2  | -0.1 |  -3.0   |  -5.0   |
| 非金属材料 | 688119 | 中钢洛耐 |  96.8  | 62.2  | -2.5 |  -5.8   |  -4.8   |
| 非金属材料 | 002130 | 沃尔核材 |  77.1  | 18.0  | -0.3 |  -1.6   |   2.0   |
| 非金属材料 | 688357 | 建龙微纳 |  65.7  | 37.5  | -1.3 |  -6.8   |  -6.8   |
| 非金属材料 | 688300 | 联瑞新材 |  64.5  | 37.8  | -3.4 |  -8.8   |   2.7   |
| 非金属材料 | 001296 | 长江材料 |  26.4  | 46.0  | 0.3  |  -5.5   |   6.8   |
| 非金属材料 | 300743 | 天地数码 |  16.1  | 54.6  | 1.0  |   0.2   |   4.0   |
+------------+--------+----------+--------+-------+------+---------+---------+
 




 [行业>单日涨幅]
+------------+--------+----------+--------+-------+------+---------+---------+
|    行业    |  代码  |   名称   |  市值  |  pe   | 涨幅 | 3日涨幅 | 6日涨幅 |
+------------+--------+----------+--------+-------+------+---------+---------+
| 非金属材料 | 688733 |  壹石通  | 146.4  | 84.0  | 9.5  |   1.7   |   4.6   |
| 非金属材料 | 603688 | 石英股份 | 505.0  | 144.5 | 7.8  |   3.4   |  17.0   |
| 非金属材料 | 600172 | 黄河旋风 | 134.3  | 116.9 | 6.8  |   3.9   |   3.3   |
| 非金属材料 | 301071 | 力量钻石 | 199.6  | 49.3  | 6.6  |   5.6   |  -1.9   |
| 非金属材料 | 603612 | 索通发展 | 178.2  | 28.2  | 5.2  |   5.4   |   5.0   |
| 非金属材料 | 688281 | 华秦科技 | 254.4  | 107.3 | 3.6  |   5.3   |  -7.9   |
| 非金属材料 | 603260 | 合盛硅业 | 1311.0 | 16.0  | 3.5  |   0.7   |   5.0   |
| 非金属材料 | 300395 |  菲利华  | 232.7  | 64.4  | 2.0  |  -3.7   |  10.6   |
| 非金属材料 | 300743 | 天地数码 |  16.1  | 54.6  | 1.0  |   0.2   |   4.0   |
| 非金属材料 | 001296 | 长江材料 |  26.4  | 46.0  | 0.3  |  -5.5   |   6.8   |
| 非金属材料 | 600783 | 鲁信创投 |  98.6  | 50.2  | -0.1 |  -3.0   |  -5.0   |
| 非金属材料 | 300409 | 道氏技术 | 150.1  | 21.9  | -0.2 |  -4.2   |  -0.8   |
| 非金属材料 | 002130 | 沃尔核材 |  77.1  | 18.0  | -0.3 |  -1.6   |   2.0   |
| 非金属材料 | 600516 | 方大炭素 | 286.2  | 212.2 | -1.1 |  -4.0   |   0.4   |
| 非金属材料 | 603826 | 坤彩科技 | 271.8  | 254.7 | -1.3 |   3.9   |  -2.3   |
| 非金属材料 | 688357 | 建龙微纳 |  65.7  | 37.5  | -1.3 |  -6.8   |  -6.8   |
| 非金属材料 | 300861 | 美畅股份 | 365.8  | 32.1  | -1.3 |  -4.6   |  -5.7   |
| 非金属材料 | 600330 | 天通股份 | 116.2  | 26.5  | -2.1 |  -11.9  |  -4.3   |
| 非金属材料 | 300035 | 中科电气 | 197.5  | 38.3  | -2.3 |  -9.8   |  -2.6   |
| 非金属材料 | 688119 | 中钢洛耐 |  96.8  | 62.2  | -2.5 |  -5.8   |  -4.8   |
| 非金属材料 | 688300 | 联瑞新材 |  64.5  | 37.8  | -3.4 |  -8.8   |   2.7   |
+------------+--------+----------+--------+-------+------+---------+---------+
