[行业>市值]
+----------+--------+----------+-------+-------+------+---------+---------+
|   行业   |  代码  |   名称   | 市值  |  pe   | 涨幅 | 3日涨幅 | 6日涨幅 |
+----------+--------+----------+-------+-------+------+---------+---------+
| 专业服务 | 300012 | 华测检测 | 352.9 | 73.6  | -1.0 |   1.1   |  -5.7   |
| 专业服务 | 003035 | 南网能源 | 280.3 | 78.3  | 6.8  |   8.0   |   7.6   |
| 专业服务 | 301080 | 百普赛斯 | 138.3 | 64.6  | -3.9 |   1.0   |  -4.0   |
| 专业服务 | 002967 | 广电计量 | 129.3 | -40.7 | 0.5  |   4.1   |  12.5   |
| 专业服务 | 300887 | 谱尼测试 | 127.2 | 576.8 | 7.1  |   5.3   |   3.3   |
| 专业服务 | 688133 | 泰坦科技 | 122.1 | 157.1 | -0.1 |   1.4   |  -10.8  |
| 专业服务 | 603060 | 国检集团 | 90.5  | -80.7 | 2.1  |  -2.2   |  -0.9   |
| 专业服务 | 300416 | 苏试试验 | 86.0  | 74.5  | 1.5  |   0.2   |  -2.9   |
| 专业服务 | 688179 |  阿拉丁  | 69.2  | 55.8  | 2.4  |   4.9   |  -2.0   |
| 专业服务 | 603698 | 航天工程 | 68.2  | 93.1  | 3.8  |   2.6   |  -0.6   |
| 专业服务 | 300384 | 三联虹普 | 58.6  | 24.8  | 1.7  |   0.1   |   1.1   |
| 专业服务 | 301166 |  优宁维  | 53.8  | 61.9  | 0.8  |   5.1   |   1.9   |
| 专业服务 | 300215 |  电科院  | 53.5  | 91.6  | 0.9  |  -1.7   |   2.9   |
| 专业服务 | 002564 | 天沃科技 | 41.9  | 560.0 | 2.1  |  -0.6   |   1.9   |
| 专业服务 | 002878 | 元隆雅图 | 40.7  | 11.0  | 2.6  |  -2.3   |  -4.0   |
| 专业服务 | 300938 | 信测标准 | 39.1  | 43.6  | 0.6  |   2.0   |   2.3   |
| 专业服务 | 300962 | 中金辐照 | 38.6  | 32.4  | 4.4  |   2.0   |  -0.9   |
| 专业服务 | 301257 |  普蕊斯  | 37.4  | 95.7  | 1.9  |  13.7   |  16.4   |
| 专业服务 | 300797 | 钢研纳克 | 35.5  | 59.6  | 2.6  |   2.2   |   1.5   |
| 专业服务 | 300572 | 安车检测 | 34.2  | 56.4  | 4.2  |   2.5   |  -4.8   |
| 专业服务 | 603776 |  永安行  | 32.1  | 64.9  | 3.5  |   2.8   |  -1.0   |
| 专业服务 | 301306 | 西测测试 | 27.4  | 86.3  | 0.0  |   0.0   |   0.0   |
| 专业服务 | 301169 | 零点有数 | 26.7  | -55.6 | 2.8  |   0.4   |  -3.3   |
| 专业服务 | 301228 | 实朴检测 | 26.1  | -45.1 | 4.2  |   6.4   |   5.7   |
| 专业服务 | 301289 | 国缆检测 | 25.5  | 38.0  | -1.3 |  -0.5   |   1.5   |
| 专业服务 | 603183 |  建研院  | 25.3  | -62.1 | 4.5  |   0.6   |   2.6   |
| 专业服务 | 003008 | 开普检测 | 20.6  | 38.2  | 2.5  |   1.7   |   1.7   |
+----------+--------+----------+-------+-------+------+---------+---------+
 




 [行业>单日涨幅]
+----------+--------+----------+-------+-------+------+---------+---------+
|   行业   |  代码  |   名称   | 市值  |  pe   | 涨幅 | 3日涨幅 | 6日涨幅 |
+----------+--------+----------+-------+-------+------+---------+---------+
| 专业服务 | 300887 | 谱尼测试 | 127.2 | 576.8 | 7.1  |   5.3   |   3.3   |
| 专业服务 | 003035 | 南网能源 | 280.3 | 78.3  | 6.8  |   8.0   |   7.6   |
| 专业服务 | 603183 |  建研院  | 25.3  | -62.1 | 4.5  |   0.6   |   2.6   |
| 专业服务 | 300962 | 中金辐照 | 38.6  | 32.4  | 4.4  |   2.0   |  -0.9   |
| 专业服务 | 301228 | 实朴检测 | 26.1  | -45.1 | 4.2  |   6.4   |   5.7   |
| 专业服务 | 300572 | 安车检测 | 34.2  | 56.4  | 4.2  |   2.5   |  -4.8   |
| 专业服务 | 603698 | 航天工程 | 68.2  | 93.1  | 3.8  |   2.6   |  -0.6   |
| 专业服务 | 603776 |  永安行  | 32.1  | 64.9  | 3.5  |   2.8   |  -1.0   |
| 专业服务 | 301169 | 零点有数 | 26.7  | -55.6 | 2.8  |   0.4   |  -3.3   |
| 专业服务 | 002878 | 元隆雅图 | 40.7  | 11.0  | 2.6  |  -2.3   |  -4.0   |
| 专业服务 | 300797 | 钢研纳克 | 35.5  | 59.6  | 2.6  |   2.2   |   1.5   |
| 专业服务 | 003008 | 开普检测 | 20.6  | 38.2  | 2.5  |   1.7   |   1.7   |
| 专业服务 | 688179 |  阿拉丁  | 69.2  | 55.8  | 2.4  |   4.9   |  -2.0   |
| 专业服务 | 603060 | 国检集团 | 90.5  | -80.7 | 2.1  |  -2.2   |  -0.9   |
| 专业服务 | 002564 | 天沃科技 | 41.9  | 560.0 | 2.1  |  -0.6   |   1.9   |
| 专业服务 | 301257 |  普蕊斯  | 37.4  | 95.7  | 1.9  |  13.7   |  16.4   |
| 专业服务 | 300384 | 三联虹普 | 58.6  | 24.8  | 1.7  |   0.1   |   1.1   |
| 专业服务 | 300416 | 苏试试验 | 86.0  | 74.5  | 1.5  |   0.2   |  -2.9   |
| 专业服务 | 300215 |  电科院  | 53.5  | 91.6  | 0.9  |  -1.7   |   2.9   |
| 专业服务 | 301166 |  优宁维  | 53.8  | 61.9  | 0.8  |   5.1   |   1.9   |
| 专业服务 | 300938 | 信测标准 | 39.1  | 43.6  | 0.6  |   2.0   |   2.3   |
| 专业服务 | 002967 | 广电计量 | 129.3 | -40.7 | 0.5  |   4.1   |  12.5   |
| 专业服务 | 301306 | 西测测试 | 27.4  | 86.3  | 0.0  |   0.0   |   0.0   |
| 专业服务 | 688133 | 泰坦科技 | 122.1 | 157.1 | -0.1 |   1.4   |  -10.8  |
| 专业服务 | 300012 | 华测检测 | 352.9 | 73.6  | -1.0 |   1.1   |  -5.7   |
| 专业服务 | 301289 | 国缆检测 | 25.5  | 38.0  | -1.3 |  -0.5   |   1.5   |
| 专业服务 | 301080 | 百普赛斯 | 138.3 | 64.6  | -3.9 |   1.0   |  -4.0   |
+----------+--------+----------+-------+-------+------+---------+---------+
