[行业>市值]
+----------+--------+----------+-------+--------+------+---------+---------+
|   行业   |  代码  |   名称   | 市值  |   pe   | 涨幅 | 3日涨幅 | 6日涨幅 |
+----------+--------+----------+-------+--------+------+---------+---------+
| 包装材料 | 002191 | 劲嘉股份 | 147.1 |  12.1  | 6.5  |   4.9   |   4.7   |
| 包装材料 | 002701 |  奥瑞金  | 128.9 |  15.6  | 1.0  |   0.9   |   0.3   |
| 包装材料 | 600210 | 紫江企业 | 93.1  |  19.2  | 2.3  |   2.7   |  -2.7   |
| 包装材料 | 601968 | 宝钢包装 | 90.6  |  35.3  | 3.0  |   0.9   |  -0.5   |
| 包装材料 | 601515 | 东风股份 | 82.4  |  17.0  | 2.8  |  -0.5   |  -2.6   |
| 包装材料 | 002735 | 王子新材 | 54.0  |  33.1  | -1.5 |  -5.1   |  -4.9   |
| 包装材料 | 002303 |  美盈森  | 51.6  |  31.4  | 5.3  |   2.1   |   0.9   |
| 包装材料 | 002565 | 顺灏股份 | 49.4  | -427.3 | 2.4  |   0.7   |  -0.8   |
| 包装材料 | 002752 | 昇兴股份 | 47.6  |  25.3  | 1.5  |  -0.6   |   3.4   |
| 包装材料 | 301062 | 上海艾录 | 47.0  |  37.0  | 0.3  |  -2.4   |  -10.1  |
| 包装材料 | 000812 | 陕西金叶 | 45.5  | 175.0  | 4.0  |   2.8   |   6.7   |
| 包装材料 | 600836 | 上海易连 | 45.4  | 521.5  | 4.8  |   1.4   |  -3.3   |
| 包装材料 | 000659 | 珠海中富 | 43.6  | -56.0  | 0.6  |  -2.9   |  -6.3   |
| 包装材料 | 002228 | 合兴包装 | 43.0  |  20.5  | 3.0  |   0.0   |   0.9   |
| 包装材料 | 002014 | 永新股份 | 42.7  |  16.4  | 4.8  |   5.5   |   4.2   |
| 包装材料 | 603687 |  大胜达  | 41.7  |  42.7  | -0.3 |  -0.4   |  -1.0   |
| 包装材料 | 002969 | 嘉美包装 | 38.1  | 162.4  | 3.7  |  -1.2   |  -2.7   |
| 包装材料 | 002951 | 金时科技 | 35.5  | 926.0  | 5.8  |  -5.7   |  -3.8   |
| 包装材料 | 300501 | 海顺新材 | 28.9  |  28.4  | 3.0  |   1.7   |   0.4   |
| 包装材料 | 002799 | 环球印务 | 27.5  |  25.1  | 2.8  |   1.9   |  -0.4   |
| 包装材料 | 002599 | 盛通股份 | 25.6  | -25.8  | 2.1  |  -2.1   |  -2.5   |
| 包装材料 | 002846 | 英联股份 | 20.0  | -94.1  | 1.9  |  -2.9   |  -2.0   |
| 包装材料 | 002787 | 华源控股 | 18.7  | 145.7  | 3.7  |   0.0   |   0.7   |
| 包装材料 | 603022 |  新通联  | 18.5  |  57.8  | 3.2  |   1.4   |   2.8   |
| 包装材料 | 003003 | 天元股份 | 15.9  | 1366.8 | 6.0  |   0.0   |   0.1   |
+----------+--------+----------+-------+--------+------+---------+---------+
 




 [行业>单日涨幅]
+----------+--------+----------+-------+--------+------+---------+---------+
|   行业   |  代码  |   名称   | 市值  |   pe   | 涨幅 | 3日涨幅 | 6日涨幅 |
+----------+--------+----------+-------+--------+------+---------+---------+
| 包装材料 | 002191 | 劲嘉股份 | 147.1 |  12.1  | 6.5  |   4.9   |   4.7   |
| 包装材料 | 003003 | 天元股份 | 15.9  | 1366.8 | 6.0  |   0.0   |   0.1   |
| 包装材料 | 002951 | 金时科技 | 35.5  | 926.0  | 5.8  |  -5.7   |  -3.8   |
| 包装材料 | 002303 |  美盈森  | 51.6  |  31.4  | 5.3  |   2.1   |   0.9   |
| 包装材料 | 002014 | 永新股份 | 42.7  |  16.4  | 4.8  |   5.5   |   4.2   |
| 包装材料 | 600836 | 上海易连 | 45.4  | 521.5  | 4.8  |   1.4   |  -3.3   |
| 包装材料 | 000812 | 陕西金叶 | 45.5  | 175.0  | 4.0  |   2.8   |   6.7   |
| 包装材料 | 002787 | 华源控股 | 18.7  | 145.7  | 3.7  |   0.0   |   0.7   |
| 包装材料 | 002969 | 嘉美包装 | 38.1  | 162.4  | 3.7  |  -1.2   |  -2.7   |
| 包装材料 | 603022 |  新通联  | 18.5  |  57.8  | 3.2  |   1.4   |   2.8   |
| 包装材料 | 300501 | 海顺新材 | 28.9  |  28.4  | 3.0  |   1.7   |   0.4   |
| 包装材料 | 002228 | 合兴包装 | 43.0  |  20.5  | 3.0  |   0.0   |   0.9   |
| 包装材料 | 601968 | 宝钢包装 | 90.6  |  35.3  | 3.0  |   0.9   |  -0.5   |
| 包装材料 | 002799 | 环球印务 | 27.5  |  25.1  | 2.8  |   1.9   |  -0.4   |
| 包装材料 | 601515 | 东风股份 | 82.4  |  17.0  | 2.8  |  -0.5   |  -2.6   |
| 包装材料 | 002565 | 顺灏股份 | 49.4  | -427.3 | 2.4  |   0.7   |  -0.8   |
| 包装材料 | 600210 | 紫江企业 | 93.1  |  19.2  | 2.3  |   2.7   |  -2.7   |
| 包装材料 | 002599 | 盛通股份 | 25.6  | -25.8  | 2.1  |  -2.1   |  -2.5   |
| 包装材料 | 002846 | 英联股份 | 20.0  | -94.1  | 1.9  |  -2.9   |  -2.0   |
| 包装材料 | 002752 | 昇兴股份 | 47.6  |  25.3  | 1.5  |  -0.6   |   3.4   |
| 包装材料 | 002701 |  奥瑞金  | 128.9 |  15.6  | 1.0  |   0.9   |   0.3   |
| 包装材料 | 000659 | 珠海中富 | 43.6  | -56.0  | 0.6  |  -2.9   |  -6.3   |
| 包装材料 | 301062 | 上海艾录 | 47.0  |  37.0  | 0.3  |  -2.4   |  -10.1  |
| 包装材料 | 603687 |  大胜达  | 41.7  |  42.7  | -0.3 |  -0.4   |  -1.0   |
| 包装材料 | 002735 | 王子新材 | 54.0  |  33.1  | -1.5 |  -5.1   |  -4.9   |
+----------+--------+----------+-------+--------+------+---------+---------+
