[行业>市值]
+----------+--------+----------+-------+-------+------+---------+---------+
|   行业   |  代码  |   名称   | 市值  |  pe   | 涨幅 | 3日涨幅 | 6日涨幅 |
+----------+--------+----------+-------+-------+------+---------+---------+
| 医药商业 | 601607 | 上海医药 | 660.9 | 13.2  | 1.2  |  -0.6   |  -1.8   |
| 医药商业 | 603939 | 益丰药房 | 374.3 | 34.4  | 0.2  |   2.7   |  -1.0   |
| 医药商业 | 603233 |  大参林  | 298.9 | 19.4  | 1.8  |   1.4   |   1.2   |
| 医药商业 | 600056 | 中国医药 | 225.1 | 22.9  | 1.1  |  -4.6   |   2.7   |
| 医药商业 | 600998 |  九州通  | 218.3 | 12.1  | 0.8  |  -0.8   |  -1.4   |
| 医药商业 | 600511 | 国药股份 | 198.3 | 13.3  | 0.8  |  -1.7   |  -3.1   |
| 医药商业 | 603883 |  老百姓  | 190.3 | 19.7  | 0.3  |  -0.1   |  -4.8   |
| 医药商业 | 002727 |  一心堂  | 141.7 | 19.8  | 8.4  |  10.7   |   6.1   |
| 医药商业 | 000028 | 国药一致 | 123.0 | 12.2  | 1.6  |  -1.2   |  -2.4   |
| 医药商业 | 301015 | 百洋医药 | 108.7 | 30.7  | 1.6  |   1.1   |  -3.9   |
| 医药商业 | 000078 | 海王生物 | 99.3  | 35.0  | 1.1  |  -1.6   |   1.1   |
| 医药商业 | 002411 | *ST必康  | 99.0  |  9.2  | 5.0  |  11.8   |  29.5   |
| 医药商业 | 000950 | 重药控股 | 93.3  | 20.8  | 1.5  |  -4.8   |   0.0   |
| 医药商业 | 301263 |  泰恩康  | 69.4  | 32.2  | -1.7 |  -3.8   |  -9.8   |
| 医药商业 | 301017 | 漱玉平民 | 69.3  | 35.0  | 1.3  |   3.1   |   1.5   |
| 医药商业 | 002589 | 瑞康医药 | 68.8  | 40.2  | -0.2 |  -19.0  |  -11.8  |
| 医药商业 | 600713 | 南京医药 | 62.3  | 11.8  | 1.5  |  -4.6   |  -2.5   |
| 医药商业 | 603368 | 柳药集团 | 59.0  |  6.7  | 0.5  |  -2.2   |  -4.2   |
| 医药商业 | 605266 |  健之佳  | 46.5  | 39.6  | 5.2  |   6.5   |   4.0   |
| 医药商业 | 002462 |  嘉事堂  | 39.4  | 12.5  | 2.7  |  -0.4   |   2.4   |
| 医药商业 | 600829 | 人民同泰 | 36.0  | 19.5  | 3.9  |  -2.2   |  -1.4   |
| 医药商业 | 000411 | 英特集团 | 31.8  | 16.7  | 3.1  |  -0.4   |  -2.9   |
| 医药商业 | 002788 | 鹭燕医药 | 30.9  | 10.8  | 2.0  |  -2.2   |  -1.6   |
| 医药商业 | 300937 |  药易购  | 29.9  | 81.7  | 1.1  |   2.9   |  -1.2   |
| 医药商业 | 603716 | 塞力医疗 | 27.8  | 32.9  | 1.3  |   1.3   |   1.0   |
| 医药商业 | 000705 | 浙江震元 | 26.7  | 44.0  | 3.9  |  -1.2   |  -2.0   |
| 医药商业 | 600272 | 开开实业 | 26.1  | 77.3  | 2.3  |   7.6   |  10.7   |
| 医药商业 | 600833 | 第一医药 | 23.9  | 95.5  | 2.5  |  -3.2   |   2.1   |
| 医药商业 | 002872 |  ST天圣  | 15.2  | -24.1 | 1.3  |  -2.5   |  -3.4   |
| 医药商业 | 600767 | *ST运盛  | 13.2  | -84.7 | 2.6  |   1.3   |   1.3   |
+----------+--------+----------+-------+-------+------+---------+---------+
 




 [行业>单日涨幅]
+----------+--------+----------+-------+-------+------+---------+---------+
|   行业   |  代码  |   名称   | 市值  |  pe   | 涨幅 | 3日涨幅 | 6日涨幅 |
+----------+--------+----------+-------+-------+------+---------+---------+
| 医药商业 | 002727 |  一心堂  | 141.7 | 19.8  | 8.4  |  10.7   |   6.1   |
| 医药商业 | 605266 |  健之佳  | 46.5  | 39.6  | 5.2  |   6.5   |   4.0   |
| 医药商业 | 002411 | *ST必康  | 99.0  |  9.2  | 5.0  |  11.8   |  29.5   |
| 医药商业 | 000705 | 浙江震元 | 26.7  | 44.0  | 3.9  |  -1.2   |  -2.0   |
| 医药商业 | 600829 | 人民同泰 | 36.0  | 19.5  | 3.9  |  -2.2   |  -1.4   |
| 医药商业 | 000411 | 英特集团 | 31.8  | 16.7  | 3.1  |  -0.4   |  -2.9   |
| 医药商业 | 002462 |  嘉事堂  | 39.4  | 12.5  | 2.7  |  -0.4   |   2.4   |
| 医药商业 | 600767 | *ST运盛  | 13.2  | -84.7 | 2.6  |   1.3   |   1.3   |
| 医药商业 | 600833 | 第一医药 | 23.9  | 95.5  | 2.5  |  -3.2   |   2.1   |
| 医药商业 | 600272 | 开开实业 | 26.1  | 77.3  | 2.3  |   7.6   |  10.7   |
| 医药商业 | 002788 | 鹭燕医药 | 30.9  | 10.8  | 2.0  |  -2.2   |  -1.6   |
| 医药商业 | 603233 |  大参林  | 298.9 | 19.4  | 1.8  |   1.4   |   1.2   |
| 医药商业 | 301015 | 百洋医药 | 108.7 | 30.7  | 1.6  |   1.1   |  -3.9   |
| 医药商业 | 000028 | 国药一致 | 123.0 | 12.2  | 1.6  |  -1.2   |  -2.4   |
| 医药商业 | 000950 | 重药控股 | 93.3  | 20.8  | 1.5  |  -4.8   |   0.0   |
| 医药商业 | 600713 | 南京医药 | 62.3  | 11.8  | 1.5  |  -4.6   |  -2.5   |
| 医药商业 | 603716 | 塞力医疗 | 27.8  | 32.9  | 1.3  |   1.3   |   1.0   |
| 医药商业 | 301017 | 漱玉平民 | 69.3  | 35.0  | 1.3  |   3.1   |   1.5   |
| 医药商业 | 002872 |  ST天圣  | 15.2  | -24.1 | 1.3  |  -2.5   |  -3.4   |
| 医药商业 | 601607 | 上海医药 | 660.9 | 13.2  | 1.2  |  -0.6   |  -1.8   |
| 医药商业 | 600056 | 中国医药 | 225.1 | 22.9  | 1.1  |  -4.6   |   2.7   |
| 医药商业 | 000078 | 海王生物 | 99.3  | 35.0  | 1.1  |  -1.6   |   1.1   |
| 医药商业 | 300937 |  药易购  | 29.9  | 81.7  | 1.1  |   2.9   |  -1.2   |
| 医药商业 | 600511 | 国药股份 | 198.3 | 13.3  | 0.8  |  -1.7   |  -3.1   |
| 医药商业 | 600998 |  九州通  | 218.3 | 12.1  | 0.8  |  -0.8   |  -1.4   |
| 医药商业 | 603368 | 柳药集团 | 59.0  |  6.7  | 0.5  |  -2.2   |  -4.2   |
| 医药商业 | 603883 |  老百姓  | 190.3 | 19.7  | 0.3  |  -0.1   |  -4.8   |
| 医药商业 | 603939 | 益丰药房 | 374.3 | 34.4  | 0.2  |   2.7   |  -1.0   |
| 医药商业 | 002589 | 瑞康医药 | 68.8  | 40.2  | -0.2 |  -19.0  |  -11.8  |
| 医药商业 | 301263 |  泰恩康  | 69.4  | 32.2  | -1.7 |  -3.8   |  -9.8   |
+----------+--------+----------+-------+-------+------+---------+---------+
