[行业>市值]
+----------+--------+----------+-------+--------+------+---------+---------+
|   行业   |  代码  |   名称   | 市值  |   pe   | 涨幅 | 3日涨幅 | 6日涨幅 |
+----------+--------+----------+-------+--------+------+---------+---------+
| 多元金融 | 000617 | 中油资本 | 565.1 |  8.2   | 2.0  |  -2.0   |  -1.3   |
| 多元金融 | 000987 | 越秀金控 | 321.6 |  13.8  | 1.1  |  -1.4   |  -0.8   |
| 多元金融 | 600705 | 中航产融 | 289.0 | 630.8  | 3.2  |  -0.6   |  -0.6   |
| 多元金融 | 600927 | 永安期货 | 281.7 | 216.0  | 2.3  |  -0.1   |   0.3   |
| 多元金融 | 600816 |  ST安信  | 224.2 | -11.8  | 0.2  |   0.0   |  -1.9   |
| 多元金融 | 600390 | 五矿资本 | 218.2 |  7.7   | 4.5  |  -0.4   |   0.0   |
| 多元金融 | 002423 | 中粮资本 | 152.1 | -11.1  | 0.6  |   3.0   |   2.1   |
| 多元金融 | 600901 | 江苏租赁 | 150.5 |  6.1   | 2.0  |   0.6   |  -0.2   |
| 多元金融 | 000567 | 海德股份 | 139.8 |  27.5  | -1.4 |  -2.4   |   0.5   |
| 多元金融 | 000415 | 渤海租赁 | 137.3 |  -4.7  | 4.2  |  -0.5   |   1.4   |
| 多元金融 | 000563 | 陕国投Ａ  | 124.1 |  13.3  | 4.0  |   1.0   |   3.0   |
| 多元金融 | 600120 | 浙江东方 | 115.3 |  72.2  | 1.0  |   0.2   |  -0.2   |
| 多元金融 | 600643 | 爱建集团 | 92.8  |  7.8   | 2.0  |  -0.7   |   0.2   |
| 多元金融 | 002961 | 瑞达期货 | 74.8  |  19.6  | 3.7  |   0.9   |  -0.5   |
| 多元金融 | 600053 | 九鼎投资 | 71.2  |  40.1  | 3.0  |   0.6   |   0.2   |
| 多元金融 | 000046 | 泛海控股 | 71.2  |  -2.2  | 5.4  |  -6.2   |  -6.8   |
| 多元金融 | 603093 | 南华期货 | 61.5  |  54.7  | 3.1  |   0.7   |  -0.6   |
| 多元金融 | 000666 | 经纬纺机 | 59.2  |  10.9  | 2.1  |  -8.6   |  -2.2   |
| 多元金融 | 600318 | 新力金融 | 37.1  | 404.3  | 1.1  |  -5.2   |   0.8   |
| 多元金融 | 002647 | 仁东控股 | 36.1  | -43.7  | 1.6  |  -1.5   |  -1.5   |
| 多元金融 | 600830 | 香溢融通 | 25.3  |  52.6  | 5.9  |  -1.9   |   0.5   |
| 多元金融 | 600139 | *ST西源  | 20.7  | -14.1  | -2.5 |   7.2   |  24.2   |
| 多元金融 | 000416 | 民生控股 | 19.3  | -104.1 | 2.5  |  -2.7   |  -4.0   |
| 多元金融 | 001236 | 弘业期货 | 16.9  |  59.8  | 0.0  |   0.0   |   0.0   |
| 多元金融 | 600599 |  ST熊猫  | 15.2  |  10.5  | 3.2  |   4.0   |  -0.7   |
| 多元金融 | 300309 | *ST吉艾  | 15.1  |  -3.4  | 2.4  |   1.8   |  -1.2   |
+----------+--------+----------+-------+--------+------+---------+---------+
 




 [行业>单日涨幅]
+----------+--------+----------+-------+--------+------+---------+---------+
|   行业   |  代码  |   名称   | 市值  |   pe   | 涨幅 | 3日涨幅 | 6日涨幅 |
+----------+--------+----------+-------+--------+------+---------+---------+
| 多元金融 | 600830 | 香溢融通 | 25.3  |  52.6  | 5.9  |  -1.9   |   0.5   |
| 多元金融 | 000046 | 泛海控股 | 71.2  |  -2.2  | 5.4  |  -6.2   |  -6.8   |
| 多元金融 | 600390 | 五矿资本 | 218.2 |  7.7   | 4.5  |  -0.4   |   0.0   |
| 多元金融 | 000415 | 渤海租赁 | 137.3 |  -4.7  | 4.2  |  -0.5   |   1.4   |
| 多元金融 | 000563 | 陕国投Ａ  | 124.1 |  13.3  | 4.0  |   1.0   |   3.0   |
| 多元金融 | 002961 | 瑞达期货 | 74.8  |  19.6  | 3.7  |   0.9   |  -0.5   |
| 多元金融 | 600705 | 中航产融 | 289.0 | 630.8  | 3.2  |  -0.6   |  -0.6   |
| 多元金融 | 600599 |  ST熊猫  | 15.2  |  10.5  | 3.2  |   4.0   |  -0.7   |
| 多元金融 | 603093 | 南华期货 | 61.5  |  54.7  | 3.1  |   0.7   |  -0.6   |
| 多元金融 | 600053 | 九鼎投资 | 71.2  |  40.1  | 3.0  |   0.6   |   0.2   |
| 多元金融 | 000416 | 民生控股 | 19.3  | -104.1 | 2.5  |  -2.7   |  -4.0   |
| 多元金融 | 300309 | *ST吉艾  | 15.1  |  -3.4  | 2.4  |   1.8   |  -1.2   |
| 多元金融 | 600927 | 永安期货 | 281.7 | 216.0  | 2.3  |  -0.1   |   0.3   |
| 多元金融 | 000666 | 经纬纺机 | 59.2  |  10.9  | 2.1  |  -8.6   |  -2.2   |
| 多元金融 | 000617 | 中油资本 | 565.1 |  8.2   | 2.0  |  -2.0   |  -1.3   |
| 多元金融 | 600901 | 江苏租赁 | 150.5 |  6.1   | 2.0  |   0.6   |  -0.2   |
| 多元金融 | 600643 | 爱建集团 | 92.8  |  7.8   | 2.0  |  -0.7   |   0.2   |
| 多元金融 | 002647 | 仁东控股 | 36.1  | -43.7  | 1.6  |  -1.5   |  -1.5   |
| 多元金融 | 600318 | 新力金融 | 37.1  | 404.3  | 1.1  |  -5.2   |   0.8   |
| 多元金融 | 000987 | 越秀金控 | 321.6 |  13.8  | 1.1  |  -1.4   |  -0.8   |
| 多元金融 | 600120 | 浙江东方 | 115.3 |  72.2  | 1.0  |   0.2   |  -0.2   |
| 多元金融 | 002423 | 中粮资本 | 152.1 | -11.1  | 0.6  |   3.0   |   2.1   |
| 多元金融 | 600816 |  ST安信  | 224.2 | -11.8  | 0.2  |   0.0   |  -1.9   |
| 多元金融 | 001236 | 弘业期货 | 16.9  |  59.8  | 0.0  |   0.0   |   0.0   |
| 多元金融 | 000567 | 海德股份 | 139.8 |  27.5  | -1.4 |  -2.4   |   0.5   |
| 多元金融 | 600139 | *ST西源  | 20.7  | -14.1  | -2.5 |   7.2   |  24.2   |
+----------+--------+----------+-------+--------+------+---------+---------+
