[行业>市值]
+----------+--------+----------+-------+--------+------+---------+---------+
|   行业   |  代码  |   名称   | 市值  |   pe   | 涨幅 | 3日涨幅 | 6日涨幅 |
+----------+--------+----------+-------+--------+------+---------+---------+
| 家用轻工 | 603899 | 晨光股份 | 450.4 |  40.9  | 1.0  |  -0.9   |  -5.4   |
| 家用轻工 | 001323 | 慕思股份 | 172.5 |  34.8  | 0.5  |  -1.9   |  -6.3   |
| 家用轻工 | 605099 | 共创草坪 | 98.8  |  29.0  | 1.2  |  -1.9   |  -6.1   |
| 家用轻工 | 603398 | 沐邦高科 | 95.7  | -262.6 | 0.0  |   0.2   |  -1.5   |
| 家用轻工 | 002489 | 浙江永强 | 77.0  |  14.0  | 2.6  |  -0.3   |  -1.9   |
| 家用轻工 | 002678 | 珠江钢琴 | 76.5  |  36.0  | 3.5  |   0.4   |  -1.4   |
| 家用轻工 | 301101 | 明月镜片 | 76.2  |  86.1  | 3.4  |   9.4   |  10.7   |
| 家用轻工 | 603848 |  好太太  | 64.8  |  35.8  | 3.6  |  -4.9   |  -2.1   |
| 家用轻工 | 002605 | 姚记科技 | 56.8  |  15.5  | -1.3 |  -6.7   |  -8.4   |
| 家用轻工 | 002301 | 齐心集团 | 46.7  |  21.3  | 3.8  |   0.3   |   0.9   |
| 家用轻工 | 605299 | 舒华体育 | 41.5  |  78.1  | 1.8  |  -3.9   |  -9.4   |
| 家用轻工 | 300729 | 乐歌股份 | 36.3  |  50.3  | 1.4  |  -0.2   |  -4.2   |
| 家用轻工 | 600439 |  瑞贝卡  | 31.5  |  61.6  | 3.0  |   0.0   |  -0.4   |
| 家用轻工 | 300651 | 金陵体育 | 31.1  | 304.4  | 3.8  |  -0.2   |  -1.8   |
| 家用轻工 | 002575 | 群兴玩具 | 27.9  | 402.6  | 2.7  |  -2.0   |  -7.4   |
| 家用轻工 | 002615 |  哈尔斯  | 27.5  |  22.3  | -0.6 |   8.7   |  11.6   |
| 家用轻工 | 301004 | 嘉益股份 | 27.0  |  20.4  | 7.8  |  14.8   |  12.9   |
| 家用轻工 | 002571 | 德力股份 | 26.6  | 258.3  | 4.8  |  -1.3   |  -2.0   |
| 家用轻工 | 002103 | 广博股份 | 23.0  | -38.4  | 4.9  |  -0.7   |  -1.6   |
| 家用轻工 | 002348 | 高乐股份 | 21.6  | -10.8  | 4.1  |  -5.4   |  -20.0  |
| 家用轻工 | 300703 | 创源股份 | 18.6  | 115.0  | 1.4  |   1.6   |   5.1   |
| 家用轻工 | 300329 | 海伦钢琴 | 17.2  |  68.3  | 5.6  |   1.0   |  -2.7   |
| 家用轻工 | 300640 | 德艺文创 | 17.0  |  51.5  | 3.8  |   4.2   |   1.9   |
| 家用轻工 | 002899 |  英派斯  | 14.8  | 276.6  | 4.6  |   1.1   |  -0.4   |
| 家用轻工 | 002862 | 实丰文化 | 13.4  | 173.6  | 3.0  |  -1.1   |  -1.1   |
+----------+--------+----------+-------+--------+------+---------+---------+
 




 [行业>单日涨幅]
+----------+--------+----------+-------+--------+------+---------+---------+
|   行业   |  代码  |   名称   | 市值  |   pe   | 涨幅 | 3日涨幅 | 6日涨幅 |
+----------+--------+----------+-------+--------+------+---------+---------+
| 家用轻工 | 301004 | 嘉益股份 | 27.0  |  20.4  | 7.8  |  14.8   |  12.9   |
| 家用轻工 | 300329 | 海伦钢琴 | 17.2  |  68.3  | 5.6  |   1.0   |  -2.7   |
| 家用轻工 | 002103 | 广博股份 | 23.0  | -38.4  | 4.9  |  -0.7   |  -1.6   |
| 家用轻工 | 002571 | 德力股份 | 26.6  | 258.3  | 4.8  |  -1.3   |  -2.0   |
| 家用轻工 | 002899 |  英派斯  | 14.8  | 276.6  | 4.6  |   1.1   |  -0.4   |
| 家用轻工 | 002348 | 高乐股份 | 21.6  | -10.8  | 4.1  |  -5.4   |  -20.0  |
| 家用轻工 | 300640 | 德艺文创 | 17.0  |  51.5  | 3.8  |   4.2   |   1.9   |
| 家用轻工 | 300651 | 金陵体育 | 31.1  | 304.4  | 3.8  |  -0.2   |  -1.8   |
| 家用轻工 | 002301 | 齐心集团 | 46.7  |  21.3  | 3.8  |   0.3   |   0.9   |
| 家用轻工 | 603848 |  好太太  | 64.8  |  35.8  | 3.6  |  -4.9   |  -2.1   |
| 家用轻工 | 002678 | 珠江钢琴 | 76.5  |  36.0  | 3.5  |   0.4   |  -1.4   |
| 家用轻工 | 301101 | 明月镜片 | 76.2  |  86.1  | 3.4  |   9.4   |  10.7   |
| 家用轻工 | 002862 | 实丰文化 | 13.4  | 173.6  | 3.0  |  -1.1   |  -1.1   |
| 家用轻工 | 600439 |  瑞贝卡  | 31.5  |  61.6  | 3.0  |   0.0   |  -0.4   |
| 家用轻工 | 002575 | 群兴玩具 | 27.9  | 402.6  | 2.7  |  -2.0   |  -7.4   |
| 家用轻工 | 002489 | 浙江永强 | 77.0  |  14.0  | 2.6  |  -0.3   |  -1.9   |
| 家用轻工 | 605299 | 舒华体育 | 41.5  |  78.1  | 1.8  |  -3.9   |  -9.4   |
| 家用轻工 | 300729 | 乐歌股份 | 36.3  |  50.3  | 1.4  |  -0.2   |  -4.2   |
| 家用轻工 | 300703 | 创源股份 | 18.6  | 115.0  | 1.4  |   1.6   |   5.1   |
| 家用轻工 | 605099 | 共创草坪 | 98.8  |  29.0  | 1.2  |  -1.9   |  -6.1   |
| 家用轻工 | 603899 | 晨光股份 | 450.4 |  40.9  | 1.0  |  -0.9   |  -5.4   |
| 家用轻工 | 001323 | 慕思股份 | 172.5 |  34.8  | 0.5  |  -1.9   |  -6.3   |
| 家用轻工 | 603398 | 沐邦高科 | 95.7  | -262.6 | 0.0  |   0.2   |  -1.5   |
| 家用轻工 | 002615 |  哈尔斯  | 27.5  |  22.3  | -0.6 |   8.7   |  11.6   |
| 家用轻工 | 002605 | 姚记科技 | 56.8  |  15.5  | -1.3 |  -6.7   |  -8.4   |
+----------+--------+----------+-------+--------+------+---------+---------+
