[行业>市值]
+----------+--------+----------+--------+--------+------+---------+---------+
|   行业   |  代码  |   名称   |  市值  |   pe   | 涨幅 | 3日涨幅 | 6日涨幅 |
+----------+--------+----------+--------+--------+------+---------+---------+
| 汽车整车 | 002594 |  比亚迪  | 9813.0 | 303.5  | -0.3 |   8.8   |  -0.3   |
| 汽车整车 | 601633 | 长城汽车 | 3333.0 |  51.0  | 4.2  |   6.3   |   0.0   |
| 汽车整车 | 600104 | 上汽集团 | 1959.0 |  8.9   | 4.0  |   1.2   |  -6.2   |
| 汽车整车 | 000625 | 长安汽车 | 1765.0 |  9.7   | -0.8 |   4.8   |  -0.2   |
| 汽车整车 | 601238 | 广汽集团 | 1666.0 |  13.8  | -0.9 |   1.1   |  -4.5   |
| 汽车整车 | 601127 | 小康股份 | 1126.0 | -33.5  | 1.7  |   1.8   |  -4.2   |
| 汽车整车 | 000800 | 一汽解放 | 411.9  |  22.8  | 2.7  |  -0.6   |  -5.0   |
| 汽车整车 | 600733 | 北汽蓝谷 | 372.1  |  -9.7  | 4.3  |   0.8   |  -6.4   |
| 汽车整车 | 600418 | 江淮汽车 | 359.5  | -31.0  | -0.4 |  -1.0   |  -7.5   |
| 汽车整车 | 601777 | 力帆科技 | 231.8  | 113.9  | 3.0  |   1.8   |  -3.6   |
| 汽车整车 | 600166 | 福田汽车 | 198.6  |  36.7  | 3.4  |   0.0   |  -7.1   |
| 汽车整车 | 301039 | 中集车辆 | 194.3  |  39.0  | 0.5  |  -4.1   |  -10.1  |
| 汽车整车 | 600066 | 宇通客车 | 176.9  | -38.2  | 3.0  |  -3.0   |  -5.4   |
| 汽车整车 | 000980 |  ST众泰  | 176.4  | -28.1  | -1.7 |   3.3   |   0.6   |
| 汽车整车 | 000951 | 中国重汽 | 162.2  |  32.7  | 7.0  |   0.5   |  -3.6   |
| 汽车整车 | 000550 | 江铃汽车 | 153.0  |  19.7  | 1.6  |  -0.6   |  -20.7  |
| 汽车整车 | 000957 | 中通客车 | 150.8  | -106.8 | 5.3  |  20.5   |  33.8   |
| 汽车整车 | 600006 | 东风汽车 | 143.4  |  30.2  | 2.3  |  -0.2   |  -2.0   |
| 汽车整车 | 000572 | 海马汽车 |  93.9  | -38.5  | 2.0  |   0.7   |  -3.2   |
| 汽车整车 | 600686 | 金龙汽车 |  51.5  | 332.0  | 1.7  |  -7.6   |  -8.7   |
| 汽车整车 | 000868 | 安凯客车 |  46.8  | -29.2  | 4.9  |  -4.9   |  -5.1   |
| 汽车整车 | 600213 | 亚星客车 |  26.7  | -15.3  | 4.5  |  -1.7   |  -6.7   |
| 汽车整车 | 600303 |  ST曙光  |  21.0  | -16.1  | -4.6 |  -7.2   |  -5.8   |
+----------+--------+----------+--------+--------+------+---------+---------+
 




 [行业>单日涨幅]
+----------+--------+----------+--------+--------+------+---------+---------+
|   行业   |  代码  |   名称   |  市值  |   pe   | 涨幅 | 3日涨幅 | 6日涨幅 |
+----------+--------+----------+--------+--------+------+---------+---------+
| 汽车整车 | 000951 | 中国重汽 | 162.2  |  32.7  | 7.0  |   0.5   |  -3.6   |
| 汽车整车 | 000957 | 中通客车 | 150.8  | -106.8 | 5.3  |  20.5   |  33.8   |
| 汽车整车 | 000868 | 安凯客车 |  46.8  | -29.2  | 4.9  |  -4.9   |  -5.1   |
| 汽车整车 | 600213 | 亚星客车 |  26.7  | -15.3  | 4.5  |  -1.7   |  -6.7   |
| 汽车整车 | 600733 | 北汽蓝谷 | 372.1  |  -9.7  | 4.3  |   0.8   |  -6.4   |
| 汽车整车 | 601633 | 长城汽车 | 3333.0 |  51.0  | 4.2  |   6.3   |   0.0   |
| 汽车整车 | 600104 | 上汽集团 | 1959.0 |  8.9   | 4.0  |   1.2   |  -6.2   |
| 汽车整车 | 600166 | 福田汽车 | 198.6  |  36.7  | 3.4  |   0.0   |  -7.1   |
| 汽车整车 | 601777 | 力帆科技 | 231.8  | 113.9  | 3.0  |   1.8   |  -3.6   |
| 汽车整车 | 600066 | 宇通客车 | 176.9  | -38.2  | 3.0  |  -3.0   |  -5.4   |
| 汽车整车 | 000800 | 一汽解放 | 411.9  |  22.8  | 2.7  |  -0.6   |  -5.0   |
| 汽车整车 | 600006 | 东风汽车 | 143.4  |  30.2  | 2.3  |  -0.2   |  -2.0   |
| 汽车整车 | 000572 | 海马汽车 |  93.9  | -38.5  | 2.0  |   0.7   |  -3.2   |
| 汽车整车 | 601127 | 小康股份 | 1126.0 | -33.5  | 1.7  |   1.8   |  -4.2   |
| 汽车整车 | 600686 | 金龙汽车 |  51.5  | 332.0  | 1.7  |  -7.6   |  -8.7   |
| 汽车整车 | 000550 | 江铃汽车 | 153.0  |  19.7  | 1.6  |  -0.6   |  -20.7  |
| 汽车整车 | 301039 | 中集车辆 | 194.3  |  39.0  | 0.5  |  -4.1   |  -10.1  |
| 汽车整车 | 002594 |  比亚迪  | 9813.0 | 303.5  | -0.3 |   8.8   |  -0.3   |
| 汽车整车 | 600418 | 江淮汽车 | 359.5  | -31.0  | -0.4 |  -1.0   |  -7.5   |
| 汽车整车 | 000625 | 长安汽车 | 1765.0 |  9.7   | -0.8 |   4.8   |  -0.2   |
| 汽车整车 | 601238 | 广汽集团 | 1666.0 |  13.8  | -0.9 |   1.1   |  -4.5   |
| 汽车整车 | 000980 |  ST众泰  | 176.4  | -28.1  | -1.7 |   3.3   |   0.6   |
| 汽车整车 | 600303 |  ST曙光  |  21.0  | -16.1  | -4.6 |  -7.2   |  -5.8   |
+----------+--------+----------+--------+--------+------+---------+---------+
