[行业>市值]
+------+--------+----------+-------+--------+------+---------+---------+
| 行业 |  代码  |   名称   | 市值  |   pe   | 涨幅 | 3日涨幅 | 6日涨幅 |
+------+--------+----------+-------+--------+------+---------+---------+
| 燃气 | 600956 | 新天绿能 | 608.8 |  16.2  | -0.9 |   2.0   |  11.6   |
| 燃气 | 600803 | 新奥股份 | 504.6 |  16.7  | 0.2  |   1.4   |  -2.5   |
| 燃气 | 601139 | 深圳燃气 | 199.6 |  18.5  | 2.8  |   0.7   |   0.9   |
| 燃气 | 605090 | 九丰能源 | 131.9 |  8.4   | 1.8  |  -2.9   |   1.8   |
| 燃气 | 600917 | 重庆燃气 | 121.6 |  30.1  | 5.0  |   0.8   |   3.8   |
| 燃气 | 300332 | 天壕环境 | 116.3 |  22.0  | 1.6  |   6.3   |   3.5   |
| 燃气 | 000968 | 蓝焰控股 | 95.9  |  8.8   | 5.9  |   3.1   |  -5.3   |
| 燃气 | 600635 | 大众公用 | 95.1  |  -7.3  | 2.9  |  -1.2   |  -0.3   |
| 燃气 | 603393 | 新天然气 | 94.2  |  11.4  | 2.7  |   2.1   |   4.0   |
| 燃气 | 002911 | 佛燃能源 | 88.3  |  29.5  | 3.3  |   0.9   |   2.2   |
| 燃气 | 600903 | 贵州燃气 | 85.8  | -34.6  | 2.2  |  -5.8   |  -3.0   |
| 燃气 | 603053 | 成都燃气 | 82.8  |  12.7  | 2.4  |  -1.6   |   0.0   |
| 燃气 | 002267 | 陕天然气 | 82.5  |  4.1   | 4.7  |   2.5   |   5.1   |
| 燃气 | 600617 | 国新能源 | 66.0  |  9.5   | 4.4  |  -0.4   |  -2.6   |
| 燃气 | 600681 | 百川能源 | 63.0  |  10.8  | 2.7  |   1.8   |   2.4   |
| 燃气 | 605368 | 蓝天燃气 | 63.0  |  8.2   | 1.7  |   0.2   |  -0.9   |
| 燃气 | 300435 | 中泰股份 | 61.6  |  24.7  | 1.9  |   1.7   |   5.0   |
| 燃气 | 300483 | 首华燃气 | 38.3  |  22.4  | 7.7  |   4.3   |   1.8   |
| 燃气 | 603689 | 皖天然气 | 34.9  |  12.9  | 2.8  |   1.4   |   2.5   |
| 燃气 | 605169 | 洪通燃气 | 34.8  |  16.3  | 3.4  |   1.1   |   2.1   |
| 燃气 | 603706 | 东方环宇 | 33.8  |  13.4  | 4.6  |   2.8   |   6.6   |
| 燃气 | 000407 | 胜利股份 | 33.1  |  26.8  | 4.2  |   0.9   |   0.9   |
| 燃气 | 600333 | 长春燃气 | 30.9  | -66.3  | 1.8  |  -1.7   |   1.0   |
| 燃气 | 603318 | 水发燃气 | 30.4  |  58.8  | 4.4  |   0.4   |   2.3   |
| 燃气 | 000421 | 南京公用 | 27.4  | -52.3  | 0.6  |  -5.2   |  -3.5   |
| 燃气 | 000593 | 德龙汇能 | 21.3  | 225.9  | 4.8  |   1.2   |   1.2   |
| 燃气 | 603080 | 新疆火炬 | 20.5  |  14.2  | 1.6  |  -2.5   |   9.3   |
| 燃气 | 002259 |  ST升达  | 19.3  | -128.8 | 0.4  |  -6.9   |  -8.9   |
| 燃气 | 002700 |  ST浩源  | 18.5  |  31.0  | 2.3  |   4.3   |   2.1   |
| 燃气 | 000669 |  ST金鸿  | 11.2  | -46.4  | -1.2 |  -6.2   |  -3.5   |
+------+--------+----------+-------+--------+------+---------+---------+
 




 [行业>单日涨幅]
+------+--------+----------+-------+--------+------+---------+---------+
| 行业 |  代码  |   名称   | 市值  |   pe   | 涨幅 | 3日涨幅 | 6日涨幅 |
+------+--------+----------+-------+--------+------+---------+---------+
| 燃气 | 300483 | 首华燃气 | 38.3  |  22.4  | 7.7  |   4.3   |   1.8   |
| 燃气 | 000968 | 蓝焰控股 | 95.9  |  8.8   | 5.9  |   3.1   |  -5.3   |
| 燃气 | 600917 | 重庆燃气 | 121.6 |  30.1  | 5.0  |   0.8   |   3.8   |
| 燃气 | 000593 | 德龙汇能 | 21.3  | 225.9  | 4.8  |   1.2   |   1.2   |
| 燃气 | 002267 | 陕天然气 | 82.5  |  4.1   | 4.7  |   2.5   |   5.1   |
| 燃气 | 603706 | 东方环宇 | 33.8  |  13.4  | 4.6  |   2.8   |   6.6   |
| 燃气 | 603318 | 水发燃气 | 30.4  |  58.8  | 4.4  |   0.4   |   2.3   |
| 燃气 | 600617 | 国新能源 | 66.0  |  9.5   | 4.4  |  -0.4   |  -2.6   |
| 燃气 | 000407 | 胜利股份 | 33.1  |  26.8  | 4.2  |   0.9   |   0.9   |
| 燃气 | 605169 | 洪通燃气 | 34.8  |  16.3  | 3.4  |   1.1   |   2.1   |
| 燃气 | 002911 | 佛燃能源 | 88.3  |  29.5  | 3.3  |   0.9   |   2.2   |
| 燃气 | 600635 | 大众公用 | 95.1  |  -7.3  | 2.9  |  -1.2   |  -0.3   |
| 燃气 | 601139 | 深圳燃气 | 199.6 |  18.5  | 2.8  |   0.7   |   0.9   |
| 燃气 | 603689 | 皖天然气 | 34.9  |  12.9  | 2.8  |   1.4   |   2.5   |
| 燃气 | 603393 | 新天然气 | 94.2  |  11.4  | 2.7  |   2.1   |   4.0   |
| 燃气 | 600681 | 百川能源 | 63.0  |  10.8  | 2.7  |   1.8   |   2.4   |
| 燃气 | 603053 | 成都燃气 | 82.8  |  12.7  | 2.4  |  -1.6   |   0.0   |
| 燃气 | 002700 |  ST浩源  | 18.5  |  31.0  | 2.3  |   4.3   |   2.1   |
| 燃气 | 600903 | 贵州燃气 | 85.8  | -34.6  | 2.2  |  -5.8   |  -3.0   |
| 燃气 | 300435 | 中泰股份 | 61.6  |  24.7  | 1.9  |   1.7   |   5.0   |
| 燃气 | 600333 | 长春燃气 | 30.9  | -66.3  | 1.8  |  -1.7   |   1.0   |
| 燃气 | 605090 | 九丰能源 | 131.9 |  8.4   | 1.8  |  -2.9   |   1.8   |
| 燃气 | 605368 | 蓝天燃气 | 63.0  |  8.2   | 1.7  |   0.2   |  -0.9   |
| 燃气 | 300332 | 天壕环境 | 116.3 |  22.0  | 1.6  |   6.3   |   3.5   |
| 燃气 | 603080 | 新疆火炬 | 20.5  |  14.2  | 1.6  |  -2.5   |   9.3   |
| 燃气 | 000421 | 南京公用 | 27.4  | -52.3  | 0.6  |  -5.2   |  -3.5   |
| 燃气 | 002259 |  ST升达  | 19.3  | -128.8 | 0.4  |  -6.9   |  -8.9   |
| 燃气 | 600803 | 新奥股份 | 504.6 |  16.7  | 0.2  |   1.4   |  -2.5   |
| 燃气 | 600956 | 新天绿能 | 608.8 |  16.2  | -0.9 |   2.0   |  11.6   |
| 燃气 | 000669 |  ST金鸿  | 11.2  | -46.4  | -1.2 |  -6.2   |  -3.5   |
+------+--------+----------+-------+--------+------+---------+---------+
