[行业>市值]
+------------+--------+----------+-------+--------+------+---------+---------+
|    行业    |  代码  |   名称   | 市值  |   pe   | 涨幅 | 3日涨幅 | 6日涨幅 |
+------------+--------+----------+-------+--------+------+---------+---------+
| 电子化学品 | 300054 | 鼎龙股份 | 194.2 |  68.0  | -2.6 |  -0.6   |  -4.4   |
| 电子化学品 | 300346 | 南大光电 | 171.7 |  53.2  | 1.5  |   2.2   |  -4.2   |
| 电子化学品 | 002643 | 万润股份 | 169.8 |  18.2  | 0.8  |  -0.8   |  -5.7   |
| 电子化学品 | 688019 | 安集科技 | 136.8 |  86.4  | -4.2 |   0.3   |  -8.4   |
| 电子化学品 | 300398 | 飞凯材料 | 109.6 |  19.8  | 0.6  |   0.1   |  -6.6   |
| 电子化学品 | 300655 | 晶瑞电材 | 104.5 |  81.7  | 1.0  |  -3.2   |  -3.7   |
| 电子化学品 | 300236 | 上海新阳 | 97.7  | -179.6 | 1.0  |   0.5   |  -7.9   |
| 电子化学品 | 688106 | 金宏气体 | 89.8  |  57.8  | 3.5  |   6.3   |  -2.7   |
| 电子化学品 | 300481 | 濮阳惠成 | 83.6  |  24.9  | 0.2  |   0.4   |   1.4   |
| 电子化学品 | 002741 | 光华科技 | 82.6  |  58.5  | 4.1  |   3.9   |  -0.2   |
| 电子化学品 | 688268 | 华特气体 | 80.1  |  51.1  | -1.6 |  -0.9   |  -4.7   |
| 电子化学品 | 688550 | 瑞联新材 | 64.2  |  20.1  | 0.6  |   1.5   |  -2.6   |
| 电子化学品 | 603078 |  江化微  | 62.4  |  47.3  | 0.4  |  -3.1   |  -9.8   |
| 电子化学品 | 300576 | 容大感光 | 53.9  | 130.3  | 1.3  |   1.6   |  -4.0   |
| 电子化学品 | 002584 | 西陇科学 | 46.9  |  14.0  | 3.6  |  -1.2   |  -3.6   |
| 电子化学品 | 300429 | 强力新材 | 46.0  |  46.0  | 3.1  |   1.4   |  -2.7   |
| 电子化学品 | 688359 | 三孚新科 | 44.0  | -185.0 | 4.7  |  13.5   |   7.4   |
| 电子化学品 | 603931 |  格林达  | 38.9  |  24.6  | 1.7  |   3.2   |  -2.3   |
| 电子化学品 | 300446 | 乐凯新材 | 23.1  | 364.1  | 1.6  |   0.3   |  -2.3   |
| 电子化学品 | 300537 | 广信材料 | 22.6  | -49.0  | 5.9  |   3.5   |  -3.2   |
| 电子化学品 | 300637 | 扬帆新材 | 17.9  |  38.5  | 4.5  |   3.0   |   0.5   |
+------------+--------+----------+-------+--------+------+---------+---------+
 




 [行业>单日涨幅]
+------------+--------+----------+-------+--------+------+---------+---------+
|    行业    |  代码  |   名称   | 市值  |   pe   | 涨幅 | 3日涨幅 | 6日涨幅 |
+------------+--------+----------+-------+--------+------+---------+---------+
| 电子化学品 | 300537 | 广信材料 | 22.6  | -49.0  | 5.9  |   3.5   |  -3.2   |
| 电子化学品 | 688359 | 三孚新科 | 44.0  | -185.0 | 4.7  |  13.5   |   7.4   |
| 电子化学品 | 300637 | 扬帆新材 | 17.9  |  38.5  | 4.5  |   3.0   |   0.5   |
| 电子化学品 | 002741 | 光华科技 | 82.6  |  58.5  | 4.1  |   3.9   |  -0.2   |
| 电子化学品 | 002584 | 西陇科学 | 46.9  |  14.0  | 3.6  |  -1.2   |  -3.6   |
| 电子化学品 | 688106 | 金宏气体 | 89.8  |  57.8  | 3.5  |   6.3   |  -2.7   |
| 电子化学品 | 300429 | 强力新材 | 46.0  |  46.0  | 3.1  |   1.4   |  -2.7   |
| 电子化学品 | 603931 |  格林达  | 38.9  |  24.6  | 1.7  |   3.2   |  -2.3   |
| 电子化学品 | 300446 | 乐凯新材 | 23.1  | 364.1  | 1.6  |   0.3   |  -2.3   |
| 电子化学品 | 300346 | 南大光电 | 171.7 |  53.2  | 1.5  |   2.2   |  -4.2   |
| 电子化学品 | 300576 | 容大感光 | 53.9  | 130.3  | 1.3  |   1.6   |  -4.0   |
| 电子化学品 | 300236 | 上海新阳 | 97.7  | -179.6 | 1.0  |   0.5   |  -7.9   |
| 电子化学品 | 300655 | 晶瑞电材 | 104.5 |  81.7  | 1.0  |  -3.2   |  -3.7   |
| 电子化学品 | 002643 | 万润股份 | 169.8 |  18.2  | 0.8  |  -0.8   |  -5.7   |
| 电子化学品 | 688550 | 瑞联新材 | 64.2  |  20.1  | 0.6  |   1.5   |  -2.6   |
| 电子化学品 | 300398 | 飞凯材料 | 109.6 |  19.8  | 0.6  |   0.1   |  -6.6   |
| 电子化学品 | 603078 |  江化微  | 62.4  |  47.3  | 0.4  |  -3.1   |  -9.8   |
| 电子化学品 | 300481 | 濮阳惠成 | 83.6  |  24.9  | 0.2  |   0.4   |   1.4   |
| 电子化学品 | 688268 | 华特气体 | 80.1  |  51.1  | -1.6 |  -0.9   |  -4.7   |
| 电子化学品 | 300054 | 鼎龙股份 | 194.2 |  68.0  | -2.6 |  -0.6   |  -4.4   |
| 电子化学品 | 688019 | 安集科技 | 136.8 |  86.4  | -4.2 |   0.3   |  -8.4   |
+------------+--------+----------+-------+--------+------+---------+---------+
