[行业>市值]
+----------+--------+----------+-------+--------+------+---------+---------+
|   行业   |  代码  |   名称   | 市值  |   pe   | 涨幅 | 3日涨幅 | 6日涨幅 |
+----------+--------+----------+-------+--------+------+---------+---------+
| 电源设备 | 601727 | 上海电气 | 702.6 | 1389.7 | 3.0  |  -0.4   |   4.6   |
| 电源设备 | 600875 | 东方电气 | 560.4 |  15.1  | 0.7  |   1.2   |   8.6   |
| 电源设备 | 300376 |  易事特  | 204.8 |  51.9  | 1.3  |   5.0   |   8.9   |
| 电源设备 | 002518 |  科士达  | 202.5 |  93.2  | 10.0 |  15.5   |  10.8   |
| 电源设备 | 002335 | 科华数据 | 191.1 |  48.7  | 5.3  |  24.0   |  16.4   |
| 电源设备 | 002534 | 西子洁能 | 151.5 |  94.3  | 10.0 |  13.9   |  16.5   |
| 电源设备 | 002851 | 麦格米特 | 151.3 |  51.5  | -2.9 |   3.8   |  -1.1   |
| 电源设备 | 300593 |  新雷能  | 145.7 |  41.9  | -1.2 |  -1.0   |  -2.4   |
| 电源设备 | 300820 | 英杰电气 | 101.7 |  47.1  | -0.9 |   2.2   |   1.1   |
| 电源设备 | 002665 | 首航高科 | 85.3  | -39.6  | 10.2 |   5.3   |   6.3   |
| 电源设备 | 600475 | 华光环能 | 82.6  |  10.0  | 4.5  |   2.8   |   4.5   |
| 电源设备 | 300693 | 盛弘股份 | 76.9  |  83.7  | 7.4  |  22.9   |  26.6   |
| 电源设备 | 002255 | 海陆重工 | 49.5  |  37.9  | 4.6  |   0.5   |  -1.7   |
| 电源设备 | 002364 | 中恒电气 | 47.7  | 209.7  | -0.3 |   0.8   |   6.2   |
| 电源设备 | 300870 |  欧陆通  | 47.2  | -40.2  | 1.7  |  11.1   |   8.1   |
| 电源设备 | 002366 | *ST海核  | 41.3  | -33.4  | 1.3  |   0.4   |   8.4   |
| 电源设备 | 002227 |  奥特迅  | 36.7  | -106.2 | 3.9  |  -0.7   |   2.0   |
| 电源设备 | 300105 | 龙源技术 | 34.8  | -119.1 | 2.0  |   5.2   |   7.9   |
| 电源设备 | 002630 | 华西能源 | 34.7  |  -5.6  | 5.8  |  -4.5   |  -1.7   |
| 电源设备 | 600405 |  动力源  | 34.7  | -45.3  | 4.9  |   3.8   |   3.3   |
| 电源设备 | 688551 |  科威尔  | 29.9  | 100.2  | -1.6 |   1.9   |  -1.9   |
| 电源设备 | 300153 | 科泰电源 | 29.6  | 157.9  | 1.9  |   5.1   |   5.8   |
| 电源设备 | 300491 | 通合科技 | 26.8  | -81.0  | 2.5  |   1.9   |   3.2   |
| 电源设备 | 300713 |  英可瑞  | 24.8  | 372.8  | 4.2  |   4.2   |   5.3   |
| 电源设备 | 600202 |  哈空调  | 21.7  |  91.7  | 6.4  |  -1.9   |   2.2   |
+----------+--------+----------+-------+--------+------+---------+---------+
 




 [行业>单日涨幅]
+----------+--------+----------+-------+--------+------+---------+---------+
|   行业   |  代码  |   名称   | 市值  |   pe   | 涨幅 | 3日涨幅 | 6日涨幅 |
+----------+--------+----------+-------+--------+------+---------+---------+
| 电源设备 | 002665 | 首航高科 | 85.3  | -39.6  | 10.2 |   5.3   |   6.3   |
| 电源设备 | 002518 |  科士达  | 202.5 |  93.2  | 10.0 |  15.5   |  10.8   |
| 电源设备 | 002534 | 西子洁能 | 151.5 |  94.3  | 10.0 |  13.9   |  16.5   |
| 电源设备 | 300693 | 盛弘股份 | 76.9  |  83.7  | 7.4  |  22.9   |  26.6   |
| 电源设备 | 600202 |  哈空调  | 21.7  |  91.7  | 6.4  |  -1.9   |   2.2   |
| 电源设备 | 002630 | 华西能源 | 34.7  |  -5.6  | 5.8  |  -4.5   |  -1.7   |
| 电源设备 | 002335 | 科华数据 | 191.1 |  48.7  | 5.3  |  24.0   |  16.4   |
| 电源设备 | 600405 |  动力源  | 34.7  | -45.3  | 4.9  |   3.8   |   3.3   |
| 电源设备 | 002255 | 海陆重工 | 49.5  |  37.9  | 4.6  |   0.5   |  -1.7   |
| 电源设备 | 600475 | 华光环能 | 82.6  |  10.0  | 4.5  |   2.8   |   4.5   |
| 电源设备 | 300713 |  英可瑞  | 24.8  | 372.8  | 4.2  |   4.2   |   5.3   |
| 电源设备 | 002227 |  奥特迅  | 36.7  | -106.2 | 3.9  |  -0.7   |   2.0   |
| 电源设备 | 601727 | 上海电气 | 702.6 | 1389.7 | 3.0  |  -0.4   |   4.6   |
| 电源设备 | 300491 | 通合科技 | 26.8  | -81.0  | 2.5  |   1.9   |   3.2   |
| 电源设备 | 300105 | 龙源技术 | 34.8  | -119.1 | 2.0  |   5.2   |   7.9   |
| 电源设备 | 300153 | 科泰电源 | 29.6  | 157.9  | 1.9  |   5.1   |   5.8   |
| 电源设备 | 300870 |  欧陆通  | 47.2  | -40.2  | 1.7  |  11.1   |   8.1   |
| 电源设备 | 002366 | *ST海核  | 41.3  | -33.4  | 1.3  |   0.4   |   8.4   |
| 电源设备 | 300376 |  易事特  | 204.8 |  51.9  | 1.3  |   5.0   |   8.9   |
| 电源设备 | 600875 | 东方电气 | 560.4 |  15.1  | 0.7  |   1.2   |   8.6   |
| 电源设备 | 002364 | 中恒电气 | 47.7  | 209.7  | -0.3 |   0.8   |   6.2   |
| 电源设备 | 300820 | 英杰电气 | 101.7 |  47.1  | -0.9 |   2.2   |   1.1   |
| 电源设备 | 300593 |  新雷能  | 145.7 |  41.9  | -1.2 |  -1.0   |  -2.4   |
| 电源设备 | 688551 |  科威尔  | 29.9  | 100.2  | -1.6 |   1.9   |  -1.9   |
| 电源设备 | 002851 | 麦格米特 | 151.3 |  51.5  | -2.9 |   3.8   |  -1.1   |
+----------+--------+----------+-------+--------+------+---------+---------+
