[行业>市值]
+----------+--------+----------+-------+--------+------+---------+---------+
|   行业   |  代码  |   名称   | 市值  |   pe   | 涨幅 | 3日涨幅 | 6日涨幅 |
+----------+--------+----------+-------+--------+------+---------+---------+
| 铁路公路 | 001965 | 招商公路 | 477.0 |  10.9  | 2.0  |  -1.3   |   4.6   |
| 铁路公路 | 600377 | 宁沪高速 | 408.6 |  12.8  | 0.2  |  -3.7   |  -1.8   |
| 铁路公路 | 600350 | 山东高速 | 257.9 |  9.0   | 2.7  |  -6.1   |   2.9   |
| 铁路公路 | 600548 |  深高速  | 192.3 |  11.7  | 1.1  |  -5.0   |  -0.5   |
| 铁路公路 | 000429 | 粤高速Ａ  | 156.8 |  9.1   | 0.9  |  -5.1   |   1.2   |
| 铁路公路 | 600662 | 外服控股 | 150.9 |  21.8  | -1.9 |   0.1   |   3.3   |
| 铁路公路 | 603032 | 德新交运 | 138.2 |  66.6  | 1.3  |   8.4   |   6.6   |
| 铁路公路 | 000755 | 山西路桥 | 128.1 |  33.3  | 5.2  |  20.9   |  61.1   |
| 铁路公路 | 600012 | 皖通高速 | 127.5 |  7.8   | 0.5  |   0.1   |   4.5   |
| 铁路公路 | 601107 | 四川成渝 | 122.9 |  12.2  | 1.3  |  -5.0   |   2.3   |
| 铁路公路 | 000828 | 东莞控股 | 106.9 |  15.7  | 2.1  |  -1.1   |   2.8   |
| 铁路公路 | 603069 | 海汽集团 | 92.6  | -142.0 | 0.8  |  -4.3   |  -5.0   |
| 铁路公路 | 600269 | 赣粤高速 | 86.6  |  6.5   | 3.1  |  -4.1   |   6.6   |
| 铁路公路 | 600033 | 福建高速 | 84.0  |  9.3   | -1.6 |  -8.1   |  12.1   |
| 铁路公路 | 600611 | 大众交通 | 74.2  |  -7.1  | 1.6  |  -4.0   |  -1.3   |
| 铁路公路 | 600620 | 天宸股份 | 74.1  | -76.4  | 0.5  |  -3.0   |   2.4   |
| 铁路公路 | 600020 | 中原高速 | 70.1  |  12.4  | 1.0  |  -6.6   |   4.3   |
| 铁路公路 | 000885 | 城发环境 | 66.5  |  7.4   | 4.8  |  -1.0   |  13.3   |
| 铁路公路 | 000900 | 现代投资 | 66.0  |  10.3  | 4.1  |  -0.2   |   7.1   |
| 铁路公路 | 600650 | 锦江在线 | 62.2  |  2.8   | 1.1  |  -6.8   |  -5.0   |
| 铁路公路 | 600035 | 楚天高速 | 60.1  |  6.1   | 4.8  |  -0.8   |  16.9   |
| 铁路公路 | 600106 | 重庆路桥 | 58.9  |  97.5  | 5.5  |   0.2   |   3.8   |
| 铁路公路 | 600834 | 申通地铁 | 47.2  |  64.9  | 3.7  |   2.8   |   5.5   |
| 铁路公路 | 600368 | 五洲交通 | 45.6  |  6.3   | 1.0  |  -3.3   |   8.3   |
| 铁路公路 | 601188 | 龙江交通 | 41.2  |  17.5  | 1.0  |  -6.8   |  -0.6   |
| 铁路公路 | 601518 | 吉林高速 | 40.2  |  11.8  | -1.3 |  -6.3   |  14.6   |
| 铁路公路 | 002627 | 三峡旅游 | 39.0  |  68.5  | 0.9  |  -3.6   |  -4.5   |
| 铁路公路 | 000548 | 湖南投资 | 23.7  |  72.0  | -0.4 |  -14.8  |   6.0   |
| 铁路公路 | 002357 | 富临运业 | 18.5  |  10.1  | 5.5  |  -1.2   |   3.7   |
| 铁路公路 | 600561 | 江西长运 | 16.0  | -24.9  | 0.4  |  -11.9  |   5.2   |
+----------+--------+----------+-------+--------+------+---------+---------+
 




 [行业>单日涨幅]
+----------+--------+----------+-------+--------+------+---------+---------+
|   行业   |  代码  |   名称   | 市值  |   pe   | 涨幅 | 3日涨幅 | 6日涨幅 |
+----------+--------+----------+-------+--------+------+---------+---------+
| 铁路公路 | 002357 | 富临运业 | 18.5  |  10.1  | 5.5  |  -1.2   |   3.7   |
| 铁路公路 | 600106 | 重庆路桥 | 58.9  |  97.5  | 5.5  |   0.2   |   3.8   |
| 铁路公路 | 000755 | 山西路桥 | 128.1 |  33.3  | 5.2  |  20.9   |  61.1   |
| 铁路公路 | 600035 | 楚天高速 | 60.1  |  6.1   | 4.8  |  -0.8   |  16.9   |
| 铁路公路 | 000885 | 城发环境 | 66.5  |  7.4   | 4.8  |  -1.0   |  13.3   |
| 铁路公路 | 000900 | 现代投资 | 66.0  |  10.3  | 4.1  |  -0.2   |   7.1   |
| 铁路公路 | 600834 | 申通地铁 | 47.2  |  64.9  | 3.7  |   2.8   |   5.5   |
| 铁路公路 | 600269 | 赣粤高速 | 86.6  |  6.5   | 3.1  |  -4.1   |   6.6   |
| 铁路公路 | 600350 | 山东高速 | 257.9 |  9.0   | 2.7  |  -6.1   |   2.9   |
| 铁路公路 | 000828 | 东莞控股 | 106.9 |  15.7  | 2.1  |  -1.1   |   2.8   |
| 铁路公路 | 001965 | 招商公路 | 477.0 |  10.9  | 2.0  |  -1.3   |   4.6   |
| 铁路公路 | 600611 | 大众交通 | 74.2  |  -7.1  | 1.6  |  -4.0   |  -1.3   |
| 铁路公路 | 603032 | 德新交运 | 138.2 |  66.6  | 1.3  |   8.4   |   6.6   |
| 铁路公路 | 601107 | 四川成渝 | 122.9 |  12.2  | 1.3  |  -5.0   |   2.3   |
| 铁路公路 | 600548 |  深高速  | 192.3 |  11.7  | 1.1  |  -5.0   |  -0.5   |
| 铁路公路 | 600650 | 锦江在线 | 62.2  |  2.8   | 1.1  |  -6.8   |  -5.0   |
| 铁路公路 | 600368 | 五洲交通 | 45.6  |  6.3   | 1.0  |  -3.3   |   8.3   |
| 铁路公路 | 600020 | 中原高速 | 70.1  |  12.4  | 1.0  |  -6.6   |   4.3   |
| 铁路公路 | 601188 | 龙江交通 | 41.2  |  17.5  | 1.0  |  -6.8   |  -0.6   |
| 铁路公路 | 002627 | 三峡旅游 | 39.0  |  68.5  | 0.9  |  -3.6   |  -4.5   |
| 铁路公路 | 000429 | 粤高速Ａ  | 156.8 |  9.1   | 0.9  |  -5.1   |   1.2   |
| 铁路公路 | 603069 | 海汽集团 | 92.6  | -142.0 | 0.8  |  -4.3   |  -5.0   |
| 铁路公路 | 600012 | 皖通高速 | 127.5 |  7.8   | 0.5  |   0.1   |   4.5   |
| 铁路公路 | 600620 | 天宸股份 | 74.1  | -76.4  | 0.5  |  -3.0   |   2.4   |
| 铁路公路 | 600561 | 江西长运 | 16.0  | -24.9  | 0.4  |  -11.9  |   5.2   |
| 铁路公路 | 600377 | 宁沪高速 | 408.6 |  12.8  | 0.2  |  -3.7   |  -1.8   |
| 铁路公路 | 000548 | 湖南投资 | 23.7  |  72.0  | -0.4 |  -14.8  |   6.0   |
| 铁路公路 | 601518 | 吉林高速 | 40.2  |  11.8  | -1.3 |  -6.3   |  14.6   |
| 铁路公路 | 600033 | 福建高速 | 84.0  |  9.3   | -1.6 |  -8.1   |  12.1   |
| 铁路公路 | 600662 | 外服控股 | 150.9 |  21.8  | -1.9 |   0.1   |   3.3   |
+----------+--------+----------+-------+--------+------+---------+---------+
