[行业>市值]
+------------+--------+----------+--------+-------+------+---------+---------+
|    行业    |  代码  |   名称   |  市值  |  pe   | 涨幅 | 3日涨幅 | 6日涨幅 |
+------------+--------+----------+--------+-------+------+---------+---------+
| 非金属材料 | 603260 | 合盛硅业 | 1144.0 | 13.9  | 1.4  |   2.8   |  -7.3   |
| 非金属材料 | 603688 | 石英股份 | 502.7  | 143.8 | -2.4 |   3.0   |  -2.9   |
| 非金属材料 | 300861 | 美畅股份 | 360.8  | 31.7  | -7.2 |   2.0   |  -4.7   |
| 非金属材料 | 600516 | 方大炭素 | 276.7  | 205.2 | 3.7  |  -0.1   |  -4.0   |
| 非金属材料 | 688281 | 华秦科技 | 267.1  | 112.6 | -3.7 |  -2.5   |  -6.5   |
| 非金属材料 | 603826 | 坤彩科技 | 266.0  | 249.2 | -2.6 |   0.5   |  -1.3   |
| 非金属材料 | 300395 |  菲利华  | 233.5  | 64.6  | -1.8 |  -0.3   |  -6.0   |
| 非金属材料 | 603612 | 索通发展 | 200.3  | 31.7  | -9.6 |   6.9   |   9.8   |
| 非金属材料 | 301071 | 力量钻石 | 193.1  | 47.7  | 0.2  |   1.4   |  -2.7   |
| 非金属材料 | 300035 | 中科电气 | 190.5  | 37.0  | 0.2  |   0.8   |  -3.0   |
| 非金属材料 | 688733 |  壹石通  | 139.8  | 80.2  | -5.8 |  -4.4   |  -10.2  |
| 非金属材料 | 300409 | 道氏技术 | 137.2  | 20.0  | -0.2 |   0.2   |  -4.0   |
| 非金属材料 | 600330 | 天通股份 | 128.6  | 29.3  | 8.4  |   5.0   |   3.7   |
| 非金属材料 | 600172 | 黄河旋风 | 121.1  | 105.5 | -1.3 |   1.6   |  -2.2   |
| 非金属材料 | 600783 | 鲁信创投 |  96.9  | 49.3  | 3.3  |  -0.9   |  -0.8   |
| 非金属材料 | 688119 | 中钢洛耐 |  92.1  | 59.2  | 3.7  |   4.3   |   1.9   |
| 非金属材料 | 002130 | 沃尔核材 |  79.9  | 18.7  | 3.1  |   3.3   |   1.8   |
| 非金属材料 | 688300 | 联瑞新材 |  60.3  | 35.3  | 3.0  |   7.8   |  -0.1   |
| 非金属材料 | 688357 | 建龙微纳 |  58.1  | 33.1  | 2.3  |   3.1   |  -5.0   |
| 非金属材料 | 001296 | 长江材料 |  23.5  | 41.1  | 2.0  |  -4.9   |  -5.9   |
| 非金属材料 | 300743 | 天地数码 |  16.4  | 55.5  | 2.4  |   1.3   |   2.1   |
+------------+--------+----------+--------+-------+------+---------+---------+
 




 [行业>单日涨幅]
+------------+--------+----------+--------+-------+------+---------+---------+
|    行业    |  代码  |   名称   |  市值  |  pe   | 涨幅 | 3日涨幅 | 6日涨幅 |
+------------+--------+----------+--------+-------+------+---------+---------+
| 非金属材料 | 600330 | 天通股份 | 128.6  | 29.3  | 8.4  |   5.0   |   3.7   |
| 非金属材料 | 600516 | 方大炭素 | 276.7  | 205.2 | 3.7  |  -0.1   |  -4.0   |
| 非金属材料 | 688119 | 中钢洛耐 |  92.1  | 59.2  | 3.7  |   4.3   |   1.9   |
| 非金属材料 | 600783 | 鲁信创投 |  96.9  | 49.3  | 3.3  |  -0.9   |  -0.8   |
| 非金属材料 | 002130 | 沃尔核材 |  79.9  | 18.7  | 3.1  |   3.3   |   1.8   |
| 非金属材料 | 688300 | 联瑞新材 |  60.3  | 35.3  | 3.0  |   7.8   |  -0.1   |
| 非金属材料 | 300743 | 天地数码 |  16.4  | 55.5  | 2.4  |   1.3   |   2.1   |
| 非金属材料 | 688357 | 建龙微纳 |  58.1  | 33.1  | 2.3  |   3.1   |  -5.0   |
| 非金属材料 | 001296 | 长江材料 |  23.5  | 41.1  | 2.0  |  -4.9   |  -5.9   |
| 非金属材料 | 603260 | 合盛硅业 | 1144.0 | 13.9  | 1.4  |   2.8   |  -7.3   |
| 非金属材料 | 300035 | 中科电气 | 190.5  | 37.0  | 0.2  |   0.8   |  -3.0   |
| 非金属材料 | 301071 | 力量钻石 | 193.1  | 47.7  | 0.2  |   1.4   |  -2.7   |
| 非金属材料 | 300409 | 道氏技术 | 137.2  | 20.0  | -0.2 |   0.2   |  -4.0   |
| 非金属材料 | 600172 | 黄河旋风 | 121.1  | 105.5 | -1.3 |   1.6   |  -2.2   |
| 非金属材料 | 300395 |  菲利华  | 233.5  | 64.6  | -1.8 |  -0.3   |  -6.0   |
| 非金属材料 | 603688 | 石英股份 | 502.7  | 143.8 | -2.4 |   3.0   |  -2.9   |
| 非金属材料 | 603826 | 坤彩科技 | 266.0  | 249.2 | -2.6 |   0.5   |  -1.3   |
| 非金属材料 | 688281 | 华秦科技 | 267.1  | 112.6 | -3.7 |  -2.5   |  -6.5   |
| 非金属材料 | 688733 |  壹石通  | 139.8  | 80.2  | -5.8 |  -4.4   |  -10.2  |
| 非金属材料 | 300861 | 美畅股份 | 360.8  | 31.7  | -7.2 |   2.0   |  -4.7   |
| 非金属材料 | 603612 | 索通发展 | 200.3  | 31.7  | -9.6 |   6.9   |   9.8   |
+------------+--------+----------+--------+-------+------+---------+---------+
