[行业>市值]
+------+--------+----------+--------+------+------+---------+---------+
| 行业 |  代码  |   名称   |  市值  |  pe  | 涨幅 | 3日涨幅 | 6日涨幅 |
+------+--------+----------+--------+------+------+---------+---------+
| 保险 | 601628 | 中国人寿 | 8861.0 | 14.6 | 4.8  |   8.6   |   8.7   |
| 保险 | 601318 | 中国平安 | 8455.0 | 10.2 | 1.9  |   2.0   |   0.2   |
| 保险 | 601601 | 中国太保 | 2286.0 | 10.5 | 2.3  |   3.2   |   1.5   |
| 保险 | 601319 | 中国人保 | 2282.0 | 6.5  | 1.4  |   2.2   |  -3.7   |
| 保险 | 601336 | 新华保险 | 1014.0 | 18.9 | 3.4  |   4.8   |   0.8   |
| 保险 | 000627 | 天茂集团 | 184.3  | 31.3 | 5.1  |  12.3   |  13.0   |
+------+--------+----------+--------+------+------+---------+---------+
 




 [行业>单日涨幅]
+------+--------+----------+--------+------+------+---------+---------+
| 行业 |  代码  |   名称   |  市值  |  pe  | 涨幅 | 3日涨幅 | 6日涨幅 |
+------+--------+----------+--------+------+------+---------+---------+
| 保险 | 000627 | 天茂集团 | 184.3  | 31.3 | 5.1  |  12.3   |  13.0   |
| 保险 | 601628 | 中国人寿 | 8861.0 | 14.6 | 4.8  |   8.6   |   8.7   |
| 保险 | 601336 | 新华保险 | 1014.0 | 18.9 | 3.4  |   4.8   |   0.8   |
| 保险 | 601601 | 中国太保 | 2286.0 | 10.5 | 2.3  |   3.2   |   1.5   |
| 保险 | 601318 | 中国平安 | 8455.0 | 10.2 | 1.9  |   2.0   |   0.2   |
| 保险 | 601319 | 中国人保 | 2282.0 | 6.5  | 1.4  |   2.2   |  -3.7   |
+------+--------+----------+--------+------+------+---------+---------+
