[行业>市值]
+----------+--------+----------+-------+--------+------+---------+---------+
|   行业   |  代码  |   名称   | 市值  |   pe   | 涨幅 | 3日涨幅 | 6日涨幅 |
+----------+--------+----------+-------+--------+------+---------+---------+
| 包装材料 | 002191 | 劲嘉股份 | 139.3 |  11.4  | 0.5  |  -3.3   |  -1.2   |
| 包装材料 | 002701 |  奥瑞金  | 135.4 |  16.4  | 1.4  |  -1.1   |   3.1   |
| 包装材料 | 600210 | 紫江企业 | 92.7  |  19.1  | 5.0  |  -0.7   |   0.7   |
| 包装材料 | 601515 | 东风股份 | 85.0  |  17.5  | 1.5  |  -0.7   |  -0.7   |
| 包装材料 | 601968 | 宝钢包装 | 82.4  |  32.1  | 1.7  |   0.0   |  -1.1   |
| 包装材料 | 002303 |  美盈森  | 51.6  |  31.4  | 1.2  |   0.3   |   1.8   |
| 包装材料 | 002565 | 顺灏股份 | 48.4  | -419.0 | 0.9  |  -2.4   |  -6.2   |
| 包装材料 | 000812 | 陕西金叶 | 46.2  | 177.7  | 2.7  |  -2.9   |  -1.0   |
| 包装材料 | 301062 | 上海艾录 | 45.9  |  36.1  | 4.8  |  -0.3   |   2.9   |
| 包装材料 | 002752 | 昇兴股份 | 45.3  |  24.1  | 1.3  |   0.0   |   3.6   |
| 包装材料 | 600836 | 上海易连 | 45.3  | 519.9  | 4.8  |   1.2   |  -2.3   |
| 包装材料 | 002735 | 王子新材 | 45.0  |  27.6  | -0.3 |   2.5   |   0.9   |
| 包装材料 | 002228 | 合兴包装 | 42.7  |  20.4  | 1.2  |   0.6   |   0.6   |
| 包装材料 | 002014 | 永新股份 | 41.0  |  15.7  | 1.5  |   0.9   |   1.4   |
| 包装材料 | 000659 | 珠海中富 | 39.9  | -51.2  | 1.0  |  -2.2   |  -2.8   |
| 包装材料 | 002969 | 嘉美包装 | 39.2  | 166.9  | 1.8  |  -2.4   |  -5.3   |
| 包装材料 | 603687 |  大胜达  | 38.1  |  39.0  | 1.7  |  -1.0   |   0.7   |
| 包装材料 | 002951 | 金时科技 | 33.4  | 872.1  | 2.1  |   0.6   |   3.1   |
| 包装材料 | 002799 | 环球印务 | 28.6  |  26.1  | 1.7  |  -2.1   |   1.1   |
| 包装材料 | 300501 | 海顺新材 | 28.4  |  27.9  | 2.7  |   0.5   |   4.8   |
| 包装材料 | 002599 | 盛通股份 | 27.7  | -27.9  | -0.6 |   1.0   |   8.3   |
| 包装材料 | 002846 | 英联股份 | 21.1  | -99.2  | -2.8 |   7.8   |   9.4   |
| 包装材料 | 002787 | 华源控股 | 18.2  | 142.2  | 2.7  |   4.0   |   6.3   |
| 包装材料 | 603022 |  新通联  | 17.7  |  55.2  | 0.9  |  -1.9   |   0.3   |
| 包装材料 | 003003 | 天元股份 | 15.9  | 1368.3 | 2.2  |  -0.1   |   0.8   |
+----------+--------+----------+-------+--------+------+---------+---------+
 




 [行业>单日涨幅]
+----------+--------+----------+-------+--------+------+---------+---------+
|   行业   |  代码  |   名称   | 市值  |   pe   | 涨幅 | 3日涨幅 | 6日涨幅 |
+----------+--------+----------+-------+--------+------+---------+---------+
| 包装材料 | 600210 | 紫江企业 | 92.7  |  19.1  | 5.0  |  -0.7   |   0.7   |
| 包装材料 | 600836 | 上海易连 | 45.3  | 519.9  | 4.8  |   1.2   |  -2.3   |
| 包装材料 | 301062 | 上海艾录 | 45.9  |  36.1  | 4.8  |  -0.3   |   2.9   |
| 包装材料 | 000812 | 陕西金叶 | 46.2  | 177.7  | 2.7  |  -2.9   |  -1.0   |
| 包装材料 | 002787 | 华源控股 | 18.2  | 142.2  | 2.7  |   4.0   |   6.3   |
| 包装材料 | 300501 | 海顺新材 | 28.4  |  27.9  | 2.7  |   0.5   |   4.8   |
| 包装材料 | 003003 | 天元股份 | 15.9  | 1368.3 | 2.2  |  -0.1   |   0.8   |
| 包装材料 | 002951 | 金时科技 | 33.4  | 872.1  | 2.1  |   0.6   |   3.1   |
| 包装材料 | 002969 | 嘉美包装 | 39.2  | 166.9  | 1.8  |  -2.4   |  -5.3   |
| 包装材料 | 002799 | 环球印务 | 28.6  |  26.1  | 1.7  |  -2.1   |   1.1   |
| 包装材料 | 601968 | 宝钢包装 | 82.4  |  32.1  | 1.7  |   0.0   |  -1.1   |
| 包装材料 | 603687 |  大胜达  | 38.1  |  39.0  | 1.7  |  -1.0   |   0.7   |
| 包装材料 | 601515 | 东风股份 | 85.0  |  17.5  | 1.5  |  -0.7   |  -0.7   |
| 包装材料 | 002014 | 永新股份 | 41.0  |  15.7  | 1.5  |   0.9   |   1.4   |
| 包装材料 | 002701 |  奥瑞金  | 135.4 |  16.4  | 1.4  |  -1.1   |   3.1   |
| 包装材料 | 002752 | 昇兴股份 | 45.3  |  24.1  | 1.3  |   0.0   |   3.6   |
| 包装材料 | 002303 |  美盈森  | 51.6  |  31.4  | 1.2  |   0.3   |   1.8   |
| 包装材料 | 002228 | 合兴包装 | 42.7  |  20.4  | 1.2  |   0.6   |   0.6   |
| 包装材料 | 000659 | 珠海中富 | 39.9  | -51.2  | 1.0  |  -2.2   |  -2.8   |
| 包装材料 | 603022 |  新通联  | 17.7  |  55.2  | 0.9  |  -1.9   |   0.3   |
| 包装材料 | 002565 | 顺灏股份 | 48.4  | -419.0 | 0.9  |  -2.4   |  -6.2   |
| 包装材料 | 002191 | 劲嘉股份 | 139.3 |  11.4  | 0.5  |  -3.3   |  -1.2   |
| 包装材料 | 002735 | 王子新材 | 45.0  |  27.6  | -0.3 |   2.5   |   0.9   |
| 包装材料 | 002599 | 盛通股份 | 27.7  | -27.9  | -0.6 |   1.0   |   8.3   |
| 包装材料 | 002846 | 英联股份 | 21.1  | -99.2  | -2.8 |   7.8   |   9.4   |
+----------+--------+----------+-------+--------+------+---------+---------+
