[行业>市值]
+----------+--------+----------+--------+-------+------+---------+---------+
|   行业   |  代码  |   名称   |  市值  |  pe   | 涨幅 | 3日涨幅 | 6日涨幅 |
+----------+--------+----------+--------+-------+------+---------+---------+
| 化纤行业 | 002493 | 荣盛石化 | 1561.0 | 12.5  | -1.1 |  -4.0   |  -7.9   |
| 化纤行业 | 600346 | 恒力石化 | 1548.0 |  9.2  | -1.3 |  -3.2   |  -6.5   |
| 化纤行业 | 000301 | 东方盛虹 | 1048.0 | 38.0  | 2.1  |   0.2   |  -4.9   |
| 化纤行业 | 000703 | 恒逸石化 | 389.0  | 13.3  | -0.2 |  -2.6   |  -8.9   |
| 化纤行业 | 601233 | 桐昆股份 | 388.2  |  6.5  | 1.5  |  -4.6   |  -6.9   |
| 化纤行业 | 002064 | 华峰化学 | 382.1  |  7.0  | 0.9  |  -3.3   |  -5.2   |
| 化纤行业 | 688295 | 中复神鹰 | 352.8  | 74.9  | 3.1  |   3.5   |   4.9   |
| 化纤行业 | 300777 | 中简科技 | 205.9  | 56.8  | 6.0  |  -0.2   |   5.5   |
| 化纤行业 | 603225 |  新凤鸣  | 169.2  | 14.8  | 0.6  |  -2.8   |  -2.9   |
| 化纤行业 | 600063 | 皖维高新 | 138.3  |  8.3  | 3.0  |   3.5   |  -3.0   |
| 化纤行业 | 000420 | 吉林化纤 | 112.8  | -57.5 | 3.8  |   3.0   |   6.8   |
| 化纤行业 | 002254 | 泰和新材 | 109.4  | 18.7  | 3.0  |   3.1   |   3.5   |
| 化纤行业 | 600810 | 神马股份 |  93.5  |  6.4  | 1.7  |  -3.0   |  -5.5   |
| 化纤行业 | 002206 |  海利得  |  82.8  | 16.9  | 8.0  |  -0.9   |   2.7   |
| 化纤行业 | 000949 | 新乡化纤 |  53.7  | 32.8  | 0.8  |  -1.1   |  -2.9   |
| 化纤行业 | 601113 |  ST华鼎  |  52.5  | -17.2 | 1.1  |   5.5   |   6.0   |
| 化纤行业 | 000936 | 华西股份 |  47.8  | 61.9  | 0.6  |  -1.8   |  -1.6   |
| 化纤行业 | 688722 |  同益中  |  38.6  | 31.6  | 3.3  |  -1.0   |  16.7   |
| 化纤行业 | 600527 | 江南高纤 |  37.9  | 59.3  | 4.3  |   4.3   |   3.3   |
| 化纤行业 | 002427 | *ST尤夫  |  36.8  | -5.2  | 0.6  |  -0.8   |   3.6   |
| 化纤行业 | 603332 | DR苏州龙 |  34.8  | -64.7 | 7.1  |   6.1   |   3.4   |
| 化纤行业 | 002172 | 澳洋健康 |  26.3  | 20.2  | 0.6  |  -2.0   |   1.2   |
| 化纤行业 | 301057 | 汇隆新材 |  26.0  | 52.4  | 0.3  |  -1.8   |  -2.3   |
| 化纤行业 | 000677 | 恒天海龙 |  25.5  | 41.0  | 0.3  |  -1.3   |  -1.0   |
| 化纤行业 | 000782 | 美达股份 |  24.2  | 30.5  | 1.6  |  -1.1   |  -0.2   |
| 化纤行业 | 002998 | 优彩资源 |  22.8  | 19.1  | 0.9  |  -3.3   |  -3.7   |
| 化纤行业 | 300876 | 蒙泰高新 |  20.9  | 34.3  | 0.7  |  -2.9   |  -3.6   |
| 化纤行业 | 600889 | 南京化纤 |  17.2  | -13.7 | 0.9  |  -1.1   |  -0.8   |
+----------+--------+----------+--------+-------+------+---------+---------+
 




 [行业>单日涨幅]
+----------+--------+----------+--------+-------+------+---------+---------+
|   行业   |  代码  |   名称   |  市值  |  pe   | 涨幅 | 3日涨幅 | 6日涨幅 |
+----------+--------+----------+--------+-------+------+---------+---------+
| 化纤行业 | 002206 |  海利得  |  82.8  | 16.9  | 8.0  |  -0.9   |   2.7   |
| 化纤行业 | 603332 | DR苏州龙 |  34.8  | -64.7 | 7.1  |   6.1   |   3.4   |
| 化纤行业 | 300777 | 中简科技 | 205.9  | 56.8  | 6.0  |  -0.2   |   5.5   |
| 化纤行业 | 600527 | 江南高纤 |  37.9  | 59.3  | 4.3  |   4.3   |   3.3   |
| 化纤行业 | 000420 | 吉林化纤 | 112.8  | -57.5 | 3.8  |   3.0   |   6.8   |
| 化纤行业 | 688722 |  同益中  |  38.6  | 31.6  | 3.3  |  -1.0   |  16.7   |
| 化纤行业 | 688295 | 中复神鹰 | 352.8  | 74.9  | 3.1  |   3.5   |   4.9   |
| 化纤行业 | 002254 | 泰和新材 | 109.4  | 18.7  | 3.0  |   3.1   |   3.5   |
| 化纤行业 | 600063 | 皖维高新 | 138.3  |  8.3  | 3.0  |   3.5   |  -3.0   |
| 化纤行业 | 000301 | 东方盛虹 | 1048.0 | 38.0  | 2.1  |   0.2   |  -4.9   |
| 化纤行业 | 600810 | 神马股份 |  93.5  |  6.4  | 1.7  |  -3.0   |  -5.5   |
| 化纤行业 | 000782 | 美达股份 |  24.2  | 30.5  | 1.6  |  -1.1   |  -0.2   |
| 化纤行业 | 601233 | 桐昆股份 | 388.2  |  6.5  | 1.5  |  -4.6   |  -6.9   |
| 化纤行业 | 601113 |  ST华鼎  |  52.5  | -17.2 | 1.1  |   5.5   |   6.0   |
| 化纤行业 | 002064 | 华峰化学 | 382.1  |  7.0  | 0.9  |  -3.3   |  -5.2   |
| 化纤行业 | 002998 | 优彩资源 |  22.8  | 19.1  | 0.9  |  -3.3   |  -3.7   |
| 化纤行业 | 600889 | 南京化纤 |  17.2  | -13.7 | 0.9  |  -1.1   |  -0.8   |
| 化纤行业 | 000949 | 新乡化纤 |  53.7  | 32.8  | 0.8  |  -1.1   |  -2.9   |
| 化纤行业 | 300876 | 蒙泰高新 |  20.9  | 34.3  | 0.7  |  -2.9   |  -3.6   |
| 化纤行业 | 002427 | *ST尤夫  |  36.8  | -5.2  | 0.6  |  -0.8   |   3.6   |
| 化纤行业 | 002172 | 澳洋健康 |  26.3  | 20.2  | 0.6  |  -2.0   |   1.2   |
| 化纤行业 | 000936 | 华西股份 |  47.8  | 61.9  | 0.6  |  -1.8   |  -1.6   |
| 化纤行业 | 603225 |  新凤鸣  | 169.2  | 14.8  | 0.6  |  -2.8   |  -2.9   |
| 化纤行业 | 000677 | 恒天海龙 |  25.5  | 41.0  | 0.3  |  -1.3   |  -1.0   |
| 化纤行业 | 301057 | 汇隆新材 |  26.0  | 52.4  | 0.3  |  -1.8   |  -2.3   |
| 化纤行业 | 000703 | 恒逸石化 | 389.0  | 13.3  | -0.2 |  -2.6   |  -8.9   |
| 化纤行业 | 002493 | 荣盛石化 | 1561.0 | 12.5  | -1.1 |  -4.0   |  -7.9   |
| 化纤行业 | 600346 | 恒力石化 | 1548.0 |  9.2  | -1.3 |  -3.2   |  -6.5   |
+----------+--------+----------+--------+-------+------+---------+---------+
