[行业>市值]
+----------+--------+----------+--------+-------+------+---------+---------+
|   行业   |  代码  |   名称   |  市值  |  pe   | 涨幅 | 3日涨幅 | 6日涨幅 |
+----------+--------+----------+--------+-------+------+---------+---------+
| 化肥行业 | 000792 | 盐湖股份 | 1593.0 | 11.4  | 1.5  |  -2.0   |  -4.5   |
| 化肥行业 | 600096 |  云天化  | 544.2  |  8.3  | -2.2 |  -0.4   |  -5.2   |
| 化肥行业 | 000408 | 藏格矿业 | 515.4  | 15.8  | 0.9  |  -4.1   |  -0.9   |
| 化肥行业 | 600141 | 兴发集团 | 449.4  |  6.5  | -0.7 |  -1.3   |  -5.0   |
| 化肥行业 | 002312 | 川发龙蟒 | 274.4  | 25.1  | 10.0 |  15.7   |  14.9   |
| 化肥行业 | 000893 | 亚钾国际 | 262.6  | 23.4  | -3.2 |  -4.5   |  -6.1   |
| 化肥行业 | 000902 |  新洋丰  | 219.6  | 13.5  | 0.6  |  -3.1   |  -5.9   |
| 化肥行业 | 002895 | 川恒股份 | 166.4  | 40.0  | 1.4  |   1.6   |  -2.5   |
| 化肥行业 | 002539 | 云图控股 | 157.8  |  8.5  | 1.2  |  -1.5   |  -6.8   |
| 化肥行业 | 603938 | 三孚股份 | 141.0  | 23.4  | -0.5 |  -0.8   |  -9.8   |
| 化肥行业 | 002556 | 辉隆股份 | 108.1  | 12.9  | -0.8 |  -4.5   |  -7.1   |
| 化肥行业 | 600691 | 阳煤化工 |  98.4  | 26.6  | 3.5  |   0.0   |  -3.7   |
| 化肥行业 | 002274 | 华昌化工 |  92.4  |  9.5  | -0.4 |  -4.5   |  -7.0   |
| 化肥行业 | 002538 |  司尔特  |  87.9  | 14.2  | -0.6 |  -1.2   |  -4.9   |
| 化肥行业 | 000912 |  泸天化  |  83.6  | 14.9  | 0.9  |  -1.1   |  -6.2   |
| 化肥行业 | 002588 |  史丹利  |  73.1  | 12.2  | 0.6  |  -5.4   |  -8.3   |
| 化肥行业 | 002470 |  ST金正  |  73.0  | -70.0 | -1.3 |  -0.5   |  -3.9   |
| 化肥行业 | 600078 | *ST澄星  |  72.7  | 26.9  | 5.0  |  -1.0   |   0.6   |
| 化肥行业 | 300505 |  川金诺  |  59.5  | 24.9  | -1.3 |   0.8   |  -2.1   |
| 化肥行业 | 000731 | 四川美丰 |  53.8  |  7.5  | 1.3  |  -3.4   |  -6.5   |
| 化肥行业 | 002170 | 芭田股份 |  53.3  | 61.4  | 0.0  |  -1.1   |   0.3   |
| 化肥行业 | 600470 | 六国化工 |  39.0  | 14.6  | 0.8  |  -2.9   |  -7.8   |
| 化肥行业 | 002999 | 天禾股份 |  25.6  | 45.9  | 1.2  |  -1.7   |  -3.3   |
| 化肥行业 | 300387 | 富邦股份 |  19.6  | 36.4  | 1.2  |  -2.6   |  -3.4   |
| 化肥行业 | 000611 |  天首退  |  4.9   | -15.5 | 2.0  |  12.5   |  48.5   |
+----------+--------+----------+--------+-------+------+---------+---------+
 




 [行业>单日涨幅]
+----------+--------+----------+--------+-------+------+---------+---------+
|   行业   |  代码  |   名称   |  市值  |  pe   | 涨幅 | 3日涨幅 | 6日涨幅 |
+----------+--------+----------+--------+-------+------+---------+---------+
| 化肥行业 | 002312 | 川发龙蟒 | 274.4  | 25.1  | 10.0 |  15.7   |  14.9   |
| 化肥行业 | 600078 | *ST澄星  |  72.7  | 26.9  | 5.0  |  -1.0   |   0.6   |
| 化肥行业 | 600691 | 阳煤化工 |  98.4  | 26.6  | 3.5  |   0.0   |  -3.7   |
| 化肥行业 | 000611 |  天首退  |  4.9   | -15.5 | 2.0  |  12.5   |  48.5   |
| 化肥行业 | 000792 | 盐湖股份 | 1593.0 | 11.4  | 1.5  |  -2.0   |  -4.5   |
| 化肥行业 | 002895 | 川恒股份 | 166.4  | 40.0  | 1.4  |   1.6   |  -2.5   |
| 化肥行业 | 000731 | 四川美丰 |  53.8  |  7.5  | 1.3  |  -3.4   |  -6.5   |
| 化肥行业 | 002999 | 天禾股份 |  25.6  | 45.9  | 1.2  |  -1.7   |  -3.3   |
| 化肥行业 | 300387 | 富邦股份 |  19.6  | 36.4  | 1.2  |  -2.6   |  -3.4   |
| 化肥行业 | 002539 | 云图控股 | 157.8  |  8.5  | 1.2  |  -1.5   |  -6.8   |
| 化肥行业 | 000912 |  泸天化  |  83.6  | 14.9  | 0.9  |  -1.1   |  -6.2   |
| 化肥行业 | 000408 | 藏格矿业 | 515.4  | 15.8  | 0.9  |  -4.1   |  -0.9   |
| 化肥行业 | 600470 | 六国化工 |  39.0  | 14.6  | 0.8  |  -2.9   |  -7.8   |
| 化肥行业 | 002588 |  史丹利  |  73.1  | 12.2  | 0.6  |  -5.4   |  -8.3   |
| 化肥行业 | 000902 |  新洋丰  | 219.6  | 13.5  | 0.6  |  -3.1   |  -5.9   |
| 化肥行业 | 002170 | 芭田股份 |  53.3  | 61.4  | 0.0  |  -1.1   |   0.3   |
| 化肥行业 | 002274 | 华昌化工 |  92.4  |  9.5  | -0.4 |  -4.5   |  -7.0   |
| 化肥行业 | 603938 | 三孚股份 | 141.0  | 23.4  | -0.5 |  -0.8   |  -9.8   |
| 化肥行业 | 002538 |  司尔特  |  87.9  | 14.2  | -0.6 |  -1.2   |  -4.9   |
| 化肥行业 | 600141 | 兴发集团 | 449.4  |  6.5  | -0.7 |  -1.3   |  -5.0   |
| 化肥行业 | 002556 | 辉隆股份 | 108.1  | 12.9  | -0.8 |  -4.5   |  -7.1   |
| 化肥行业 | 300505 |  川金诺  |  59.5  | 24.9  | -1.3 |   0.8   |  -2.1   |
| 化肥行业 | 002470 |  ST金正  |  73.0  | -70.0 | -1.3 |  -0.5   |  -3.9   |
| 化肥行业 | 600096 |  云天化  | 544.2  |  8.3  | -2.2 |  -0.4   |  -5.2   |
| 化肥行业 | 000893 | 亚钾国际 | 262.6  | 23.4  | -3.2 |  -4.5   |  -6.1   |
+----------+--------+----------+--------+-------+------+---------+---------+
