[行业>市值]
+----------+--------+----------+-------+--------+------+---------+---------+
|   行业   |  代码  |   名称   | 市值  |   pe   | 涨幅 | 3日涨幅 | 6日涨幅 |
+----------+--------+----------+-------+--------+------+---------+---------+
| 多元金融 | 000617 | 中油资本 | 613.1 |  8.9   | 1.0  |  -1.0   |  -4.2   |
| 多元金融 | 000987 | 越秀金控 | 351.2 |  15.0  | 2.8  |   1.5   |   2.8   |
| 多元金融 | 600705 | 中航产融 | 312.2 | 681.4  | 0.6  |  -0.6   |  -3.9   |
| 多元金融 | 600927 | 永安期货 | 304.9 | 233.9  | 5.5  |   2.8   |  -4.2   |
| 多元金融 | 600390 | 五矿资本 | 225.4 |  8.0   | 1.8  |   0.8   |  -3.8   |
| 多元金融 | 600816 |  ST安信  | 224.8 | -11.8  | 0.0  |  -2.1   |  -4.2   |
| 多元金融 | 002423 | 中粮资本 | 159.4 | -11.6  | 2.1  |   0.1   |  -4.0   |
| 多元金融 | 600901 | 江苏租赁 | 154.1 |  6.2   | 3.0  |   2.8   |  -0.8   |
| 多元金融 | 000567 | 海德股份 | 143.6 |  28.2  | 3.2  |   0.0   |   0.9   |
| 多元金融 | 000415 | 渤海租赁 | 134.8 |  -4.6  | 1.9  |   0.5   |  -3.1   |
| 多元金融 | 000563 | 陕国投Ａ  | 126.8 |  18.0  | 2.6  |   1.6   |  -4.2   |
| 多元金融 | 600120 | 浙江东方 | 115.3 |  72.2  | 2.3  |   0.5   |  -2.2   |
| 多元金融 | 600643 | 爱建集团 | 96.5  |  8.1   | 1.7  |  -0.7   |  -4.0   |
| 多元金融 | 002961 | 瑞达期货 | 78.8  |  20.7  | 4.5  |   1.5   |  -3.8   |
| 多元金融 | 000046 | 泛海控股 | 77.4  |  -2.4  | 2.0  |   0.0   |  -3.2   |
| 多元金融 | 600053 | 九鼎投资 | 76.6  |  43.1  | 2.8  |   3.9   |  -2.2   |
| 多元金融 | 603093 | 南华期货 | 65.6  |  58.4  | 4.4  |   1.8   |  -5.2   |
| 多元金融 | 000666 | 经纬纺机 | 61.1  |  11.2  | 1.2  |  -0.9   |  -3.6   |
| 多元金融 | 600318 | 新力金融 | 40.4  | 439.5  | 3.1  |   0.4   |  -8.8   |
| 多元金融 | 002647 | 仁东控股 | 38.4  | -46.6  | 0.4  |  -1.3   |  -0.4   |
| 多元金融 | 600830 | 香溢融通 | 26.1  |  54.4  | 1.8  |  -1.5   |  -7.1   |
| 多元金融 | 000416 | 民生控股 | 20.9  | -112.4 | 5.1  |   3.2   |  -2.0   |
| 多元金融 | 300309 | *ST吉艾  | 15.9  |  -3.5  | -0.6 |   3.5   |  -3.8   |
| 多元金融 | 600599 |  ST熊猫  | 15.8  |  10.9  | 1.5  |  -1.6   |  -6.4   |
| 多元金融 | 600139 | *ST西源  | 15.5  | -10.6  | -1.7 |   3.5   |  12.0   |
| 多元金融 | 600093 | 退市易见 |  0.0  |  0.0   | 0.0  |   0.0   |   0.0   |
+----------+--------+----------+-------+--------+------+---------+---------+
 




 [行业>单日涨幅]
+----------+--------+----------+-------+--------+------+---------+---------+
|   行业   |  代码  |   名称   | 市值  |   pe   | 涨幅 | 3日涨幅 | 6日涨幅 |
+----------+--------+----------+-------+--------+------+---------+---------+
| 多元金融 | 600927 | 永安期货 | 304.9 | 233.9  | 5.5  |   2.8   |  -4.2   |
| 多元金融 | 000416 | 民生控股 | 20.9  | -112.4 | 5.1  |   3.2   |  -2.0   |
| 多元金融 | 002961 | 瑞达期货 | 78.8  |  20.7  | 4.5  |   1.5   |  -3.8   |
| 多元金融 | 603093 | 南华期货 | 65.6  |  58.4  | 4.4  |   1.8   |  -5.2   |
| 多元金融 | 000567 | 海德股份 | 143.6 |  28.2  | 3.2  |   0.0   |   0.9   |
| 多元金融 | 600318 | 新力金融 | 40.4  | 439.5  | 3.1  |   0.4   |  -8.8   |
| 多元金融 | 600901 | 江苏租赁 | 154.1 |  6.2   | 3.0  |   2.8   |  -0.8   |
| 多元金融 | 000987 | 越秀金控 | 351.2 |  15.0  | 2.8  |   1.5   |   2.8   |
| 多元金融 | 600053 | 九鼎投资 | 76.6  |  43.1  | 2.8  |   3.9   |  -2.2   |
| 多元金融 | 000563 | 陕国投Ａ  | 126.8 |  18.0  | 2.6  |   1.6   |  -4.2   |
| 多元金融 | 600120 | 浙江东方 | 115.3 |  72.2  | 2.3  |   0.5   |  -2.2   |
| 多元金融 | 002423 | 中粮资本 | 159.4 | -11.6  | 2.1  |   0.1   |  -4.0   |
| 多元金融 | 000046 | 泛海控股 | 77.4  |  -2.4  | 2.0  |   0.0   |  -3.2   |
| 多元金融 | 000415 | 渤海租赁 | 134.8 |  -4.6  | 1.9  |   0.5   |  -3.1   |
| 多元金融 | 600390 | 五矿资本 | 225.4 |  8.0   | 1.8  |   0.8   |  -3.8   |
| 多元金融 | 600830 | 香溢融通 | 26.1  |  54.4  | 1.8  |  -1.5   |  -7.1   |
| 多元金融 | 600643 | 爱建集团 | 96.5  |  8.1   | 1.7  |  -0.7   |  -4.0   |
| 多元金融 | 600599 |  ST熊猫  | 15.8  |  10.9  | 1.5  |  -1.6   |  -6.4   |
| 多元金融 | 000666 | 经纬纺机 | 61.1  |  11.2  | 1.2  |  -0.9   |  -3.6   |
| 多元金融 | 000617 | 中油资本 | 613.1 |  8.9   | 1.0  |  -1.0   |  -4.2   |
| 多元金融 | 600705 | 中航产融 | 312.2 | 681.4  | 0.6  |  -0.6   |  -3.9   |
| 多元金融 | 002647 | 仁东控股 | 38.4  | -46.6  | 0.4  |  -1.3   |  -0.4   |
| 多元金融 | 600816 |  ST安信  | 224.8 | -11.8  | 0.0  |  -2.1   |  -4.2   |
| 多元金融 | 600093 | 退市易见 |  0.0  |  0.0   | 0.0  |   0.0   |   0.0   |
| 多元金融 | 300309 | *ST吉艾  | 15.9  |  -3.5  | -0.6 |   3.5   |  -3.8   |
| 多元金融 | 600139 | *ST西源  | 15.5  | -10.6  | -1.7 |   3.5   |  12.0   |
+----------+--------+----------+-------+--------+------+---------+---------+
