[行业>市值]
+----------+--------+----------+-------+--------+------+---------+---------+
|   行业   |  代码  |   名称   | 市值  |   pe   | 涨幅 | 3日涨幅 | 6日涨幅 |
+----------+--------+----------+-------+--------+------+---------+---------+
| 家用轻工 | 603899 | 晨光股份 | 463.1 |  42.0  | -0.5 |  -5.5   |   0.6   |
| 家用轻工 | 605099 | 共创草坪 | 115.9 |  34.0  | 2.0  |   2.9   |  10.6   |
| 家用轻工 | 603398 | 沐邦高科 | 90.7  | -248.9 | 0.1  |  -0.7   |  10.2   |
| 家用轻工 | 002489 | 浙江永强 | 86.8  |  15.8  | 0.8  |  -4.1   |  -4.5   |
| 家用轻工 | 002678 | 珠江钢琴 | 78.4  |  36.9  | 1.6  |  -1.4   |  -0.2   |
| 家用轻工 | 002605 | 姚记科技 | 68.4  |  18.6  | -1.5 |   0.1   |   6.2   |
| 家用轻工 | 603848 |  好太太  | 66.5  |  36.7  | 7.0  |   1.0   |   7.8   |
| 家用轻工 | 301101 | 明月镜片 | 59.1  |  66.9  | 1.9  |  -3.9   |  -6.9   |
| 家用轻工 | 002301 | 齐心集团 | 46.4  |  21.1  | 2.1  |   2.9   |   6.8   |
| 家用轻工 | 605299 | 舒华体育 | 41.9  |  78.9  | -0.3 |  -3.2   |  -0.2   |
| 家用轻工 | 300729 | 乐歌股份 | 39.3  |  54.5  | -0.2 |   2.6   |   6.6   |
| 家用轻工 | 300651 | 金陵体育 | 32.5  | 317.8  | 0.3  |  -1.6   |  -3.2   |
| 家用轻工 | 600439 |  瑞贝卡  | 30.3  |  59.4  | 0.4  |  -0.4   |  -0.7   |
| 家用轻工 | 002575 | 群兴玩具 | 28.8  | 415.1  | 1.3  |   0.4   |  -2.7   |
| 家用轻工 | 002571 | 德力股份 | 27.3  | 264.4  | 2.0  |  -1.0   |  -1.6   |
| 家用轻工 | 002103 | 广博股份 | 23.6  | -39.5  | 0.7  |  -0.9   |   1.6   |
| 家用轻工 | 002615 |  哈尔斯  | 23.5  |  19.1  | 2.3  |   0.3   |   3.3   |
| 家用轻工 | 301004 | 嘉益股份 | 23.5  |  17.8  | 0.7  |   2.7   |   5.9   |
| 家用轻工 | 002348 | 高乐股份 | 20.7  | -10.4  | 7.3  |   7.3   |  10.6   |
| 家用轻工 | 300329 | 海伦钢琴 | 17.8  |  70.7  | 0.7  |  -2.8   |   4.9   |
| 家用轻工 | 300703 | 创源股份 | 16.8  | 104.0  | 1.8  |   0.1   |   0.6   |
| 家用轻工 | 300640 | 德艺文创 | 16.3  |  49.3  | 1.2  |   1.1   |   3.8   |
| 家用轻工 | 002899 |  英派斯  | 14.4  | 269.6  | 1.3  |   0.0   |   1.6   |
| 家用轻工 | 002862 | 实丰文化 | 13.2  | 170.7  | 0.6  |   1.8   |   3.4   |
+----------+--------+----------+-------+--------+------+---------+---------+
 




 [行业>单日涨幅]
+----------+--------+----------+-------+--------+------+---------+---------+
|   行业   |  代码  |   名称   | 市值  |   pe   | 涨幅 | 3日涨幅 | 6日涨幅 |
+----------+--------+----------+-------+--------+------+---------+---------+
| 家用轻工 | 002348 | 高乐股份 | 20.7  | -10.4  | 7.3  |   7.3   |  10.6   |
| 家用轻工 | 603848 |  好太太  | 66.5  |  36.7  | 7.0  |   1.0   |   7.8   |
| 家用轻工 | 002615 |  哈尔斯  | 23.5  |  19.1  | 2.3  |   0.3   |   3.3   |
| 家用轻工 | 002301 | 齐心集团 | 46.4  |  21.1  | 2.1  |   2.9   |   6.8   |
| 家用轻工 | 605099 | 共创草坪 | 115.9 |  34.0  | 2.0  |   2.9   |  10.6   |
| 家用轻工 | 002571 | 德力股份 | 27.3  | 264.4  | 2.0  |  -1.0   |  -1.6   |
| 家用轻工 | 301101 | 明月镜片 | 59.1  |  66.9  | 1.9  |  -3.9   |  -6.9   |
| 家用轻工 | 300703 | 创源股份 | 16.8  | 104.0  | 1.8  |   0.1   |   0.6   |
| 家用轻工 | 002678 | 珠江钢琴 | 78.4  |  36.9  | 1.6  |  -1.4   |  -0.2   |
| 家用轻工 | 002575 | 群兴玩具 | 28.8  | 415.1  | 1.3  |   0.4   |  -2.7   |
| 家用轻工 | 002899 |  英派斯  | 14.4  | 269.6  | 1.3  |   0.0   |   1.6   |
| 家用轻工 | 300640 | 德艺文创 | 16.3  |  49.3  | 1.2  |   1.1   |   3.8   |
| 家用轻工 | 002489 | 浙江永强 | 86.8  |  15.8  | 0.8  |  -4.1   |  -4.5   |
| 家用轻工 | 300329 | 海伦钢琴 | 17.8  |  70.7  | 0.7  |  -2.8   |   4.9   |
| 家用轻工 | 301004 | 嘉益股份 | 23.5  |  17.8  | 0.7  |   2.7   |   5.9   |
| 家用轻工 | 002103 | 广博股份 | 23.6  | -39.5  | 0.7  |  -0.9   |   1.6   |
| 家用轻工 | 002862 | 实丰文化 | 13.2  | 170.7  | 0.6  |   1.8   |   3.4   |
| 家用轻工 | 600439 |  瑞贝卡  | 30.3  |  59.4  | 0.4  |  -0.4   |  -0.7   |
| 家用轻工 | 300651 | 金陵体育 | 32.5  | 317.8  | 0.3  |  -1.6   |  -3.2   |
| 家用轻工 | 603398 | 沐邦高科 | 90.7  | -248.9 | 0.1  |  -0.7   |  10.2   |
| 家用轻工 | 300729 | 乐歌股份 | 39.3  |  54.5  | -0.2 |   2.6   |   6.6   |
| 家用轻工 | 605299 | 舒华体育 | 41.9  |  78.9  | -0.3 |  -3.2   |  -0.2   |
| 家用轻工 | 603899 | 晨光股份 | 463.1 |  42.0  | -0.5 |  -5.5   |   0.6   |
| 家用轻工 | 002605 | 姚记科技 | 68.4  |  18.6  | -1.5 |   0.1   |   6.2   |
+----------+--------+----------+-------+--------+------+---------+---------+
