[行业>市值]
+----------+--------+----------+--------+--------+------+---------+---------+
|   行业   |  代码  |   名称   |  市值  |   pe   | 涨幅 | 3日涨幅 | 6日涨幅 |
+----------+--------+----------+--------+--------+------+---------+---------+
| 工程机械 | 600031 | 三一重工 | 1551.0 |  24.4  | 1.4  |  -1.7   |  -0.2   |
| 工程机械 | 601100 | 恒立液压 | 757.1  |  35.8  | 5.1  |   1.0   |  -1.0   |
| 工程机械 | 000157 | 中联重科 | 520.7  |  14.4  | 0.8  |  -1.8   |  -2.4   |
| 工程机械 | 000425 | 徐工机械 | 418.3  |  7.4   | 0.9  |  -1.1   |  -0.6   |
| 工程机械 | 603338 | XD浙江鼎 | 246.6  |  31.5  | 1.1  |  -0.9   |  -0.2   |
| 工程机械 | 688425 | 铁建重工 | 221.3  |  14.7  | 0.5  |  -2.8   |  -4.2   |
| 工程机械 | 603638 | 艾迪精密 | 167.2  |  57.8  | 5.7  |   0.2   |   4.5   |
| 工程机械 | 000528 |   柳工   | 126.7  |  12.4  | 1.2  |  -0.5   |  -0.9   |
| 工程机械 | 603298 | 杭叉集团 | 124.5  |  16.4  | 0.7  |  -1.0   |   9.7   |
| 工程机械 | 002204 | 大连重工 |  95.2  |  34.1  | -3.9 |  16.3   |  27.4   |
| 工程机械 | 605305 | 中际联合 |  77.3  |  43.8  | 4.3  |   2.0   |  19.2   |
| 工程机械 | 600761 | 安徽合力 |  77.0  |  9.9   | 1.9  |   0.3   |   2.3   |
| 工程机械 | 600984 | DR建设机 |  74.2  | -34.4  | 2.8  |   0.1   |  -0.5   |
| 工程机械 | 000680 | 山推股份 |  73.6  |  5.0   | 1.4  |  -2.0   |  -0.6   |
| 工程机械 | 002097 | 山河智能 |  71.8  | -36.6  | 2.2  |   0.8   |   0.6   |
| 工程机械 | 600375 | 汉马科技 |  66.9  | -10.3  | 4.8  |   4.1   |   7.9   |
| 工程机械 | 601226 | 华电重工 |  59.3  | -13.6  | 1.8  |  -0.8   |   4.3   |
| 工程机械 | 600817 | 宇通重工 |  54.5  |  16.0  | 5.0  |   3.8   |   4.4   |
| 工程机械 | 600815 | 厦工股份 |  50.2  | -656.6 | 1.1  |  -1.1   |  -1.1   |
| 工程机械 | 603611 | 诺力股份 |  46.6  |  16.2  | 0.9  |  -3.0   |  10.1   |
| 工程机械 | 300718 | 长盛轴承 |  42.9  |  35.4  | 5.1  |   1.8   |  11.0   |
| 工程机械 | 605389 | 长龄液压 |  37.0  |  21.9  | 1.2  |  -3.0   |   8.3   |
| 工程机械 | 301040 | 中环海陆 |  30.4  |  44.6  | 4.0  |   0.1   |  11.0   |
| 工程机械 | 002272 | 川润股份 |  24.4  |  62.8  | 3.0  |   1.8   |   1.1   |
| 工程机械 | 001288 | 运机集团 |  23.4  |  27.7  | 1.0  |   0.6   |   2.5   |
| 工程机械 | 300201 | *ST海伦  |  21.3  |  16.3  | 0.0  |  -3.8   |   1.0   |
| 工程机械 | 300022 | 吉峰科技 |  18.2  | -218.0 | 1.3  |  -2.6   |  -3.0   |
+----------+--------+----------+--------+--------+------+---------+---------+
 




 [行业>单日涨幅]
+----------+--------+----------+--------+--------+------+---------+---------+
|   行业   |  代码  |   名称   |  市值  |   pe   | 涨幅 | 3日涨幅 | 6日涨幅 |
+----------+--------+----------+--------+--------+------+---------+---------+
| 工程机械 | 603638 | 艾迪精密 | 167.2  |  57.8  | 5.7  |   0.2   |   4.5   |
| 工程机械 | 300718 | 长盛轴承 |  42.9  |  35.4  | 5.1  |   1.8   |  11.0   |
| 工程机械 | 601100 | 恒立液压 | 757.1  |  35.8  | 5.1  |   1.0   |  -1.0   |
| 工程机械 | 600817 | 宇通重工 |  54.5  |  16.0  | 5.0  |   3.8   |   4.4   |
| 工程机械 | 600375 | 汉马科技 |  66.9  | -10.3  | 4.8  |   4.1   |   7.9   |
| 工程机械 | 605305 | 中际联合 |  77.3  |  43.8  | 4.3  |   2.0   |  19.2   |
| 工程机械 | 301040 | 中环海陆 |  30.4  |  44.6  | 4.0  |   0.1   |  11.0   |
| 工程机械 | 002272 | 川润股份 |  24.4  |  62.8  | 3.0  |   1.8   |   1.1   |
| 工程机械 | 600984 | DR建设机 |  74.2  | -34.4  | 2.8  |   0.1   |  -0.5   |
| 工程机械 | 002097 | 山河智能 |  71.8  | -36.6  | 2.2  |   0.8   |   0.6   |
| 工程机械 | 600761 | 安徽合力 |  77.0  |  9.9   | 1.9  |   0.3   |   2.3   |
| 工程机械 | 601226 | 华电重工 |  59.3  | -13.6  | 1.8  |  -0.8   |   4.3   |
| 工程机械 | 000680 | 山推股份 |  73.6  |  5.0   | 1.4  |  -2.0   |  -0.6   |
| 工程机械 | 600031 | 三一重工 | 1551.0 |  24.4  | 1.4  |  -1.7   |  -0.2   |
| 工程机械 | 300022 | 吉峰科技 |  18.2  | -218.0 | 1.3  |  -2.6   |  -3.0   |
| 工程机械 | 000528 |   柳工   | 126.7  |  12.4  | 1.2  |  -0.5   |  -0.9   |
| 工程机械 | 605389 | 长龄液压 |  37.0  |  21.9  | 1.2  |  -3.0   |   8.3   |
| 工程机械 | 600815 | 厦工股份 |  50.2  | -656.6 | 1.1  |  -1.1   |  -1.1   |
| 工程机械 | 603338 | XD浙江鼎 | 246.6  |  31.5  | 1.1  |  -0.9   |  -0.2   |
| 工程机械 | 001288 | 运机集团 |  23.4  |  27.7  | 1.0  |   0.6   |   2.5   |
| 工程机械 | 000425 | 徐工机械 | 418.3  |  7.4   | 0.9  |  -1.1   |  -0.6   |
| 工程机械 | 603611 | 诺力股份 |  46.6  |  16.2  | 0.9  |  -3.0   |  10.1   |
| 工程机械 | 000157 | 中联重科 | 520.7  |  14.4  | 0.8  |  -1.8   |  -2.4   |
| 工程机械 | 603298 | 杭叉集团 | 124.5  |  16.4  | 0.7  |  -1.0   |   9.7   |
| 工程机械 | 688425 | 铁建重工 | 221.3  |  14.7  | 0.5  |  -2.8   |  -4.2   |
| 工程机械 | 300201 | *ST海伦  |  21.3  |  16.3  | 0.0  |  -3.8   |   1.0   |
| 工程机械 | 002204 | 大连重工 |  95.2  |  34.1  | -3.9 |  16.3   |  27.4   |
+----------+--------+----------+--------+--------+------+---------+---------+
