[行业>市值]
+----------+--------+----------+-------+--------+------+---------+---------+
|   行业   |  代码  |   名称   | 市值  |   pe   | 涨幅 | 3日涨幅 | 6日涨幅 |
+----------+--------+----------+-------+--------+------+---------+---------+
| 橡胶制品 | 601966 | 玲珑轮胎 | 386.9 | -105.3 | 10.0 |   3.2   |  17.7   |
| 橡胶制品 | 601058 | 赛轮轮胎 | 375.6 |  29.2  | 8.2  |  -2.8   |   8.0   |
| 橡胶制品 | 000887 | 中鼎股份 | 262.0 |  26.1  | 10.0 |   6.0   |   9.2   |
| 橡胶制品 | 002984 |  森麒麟  | 223.5 |  24.0  | 7.8  |   3.7   |  11.4   |
| 橡胶制品 | 601118 | 海南橡胶 | 201.6 | -178.0 | 1.1  |  -1.5   |  -0.8   |
| 橡胶制品 | 603650 | 彤程新材 | 172.2 |  59.8  | 5.4  |  -3.4   |  -0.5   |
| 橡胶制品 | 603033 | 三维股份 | 167.9 |  86.2  | 0.7  |  -3.8   |   0.7   |
| 橡胶制品 | 300767 | 震安科技 | 148.0 | 113.7  | 1.1  |  -1.5   |  -3.3   |
| 橡胶制品 | 002068 | 黑猫股份 | 113.1 | -271.2 | 0.7  |  -0.5   |   4.8   |
| 橡胶制品 | 300587 | 天铁股份 | 106.3 |  22.9  | -1.5 |  -9.4   |  -6.2   |
| 橡胶制品 | 601163 | 三角轮胎 | 96.2  |  41.1  | 4.2  |   2.6   |   2.4   |
| 橡胶制品 | 300320 | 海达股份 | 89.6  |  55.6  | 9.6  |  12.4   |  13.0   |
| 橡胶制品 | 600480 | 凌云股份 | 85.0  |  23.2  | 5.3  |   2.0   |   4.5   |
| 橡胶制品 | 605183 | 确成股份 | 78.2  |  23.4  | 4.7  |   1.9   |   2.7   |
| 橡胶制品 | 000589 | 贵州轮胎 | 56.0  |  24.9  | 5.6  |  11.9   |  15.4   |
| 橡胶制品 | 601500 | 通用股份 | 49.8  | 167.7  | 4.0  |   5.5   |   4.5   |
| 橡胶制品 | 600182 | S*ST佳通 | 43.0  | 267.4  | 1.2  |  -2.4   |   0.9   |
| 橡胶制品 | 300121 | 阳谷华泰 | 40.1  |  8.8   | 3.2  |  -0.7   |  -1.6   |
| 橡胶制品 | 002753 | 永东股份 | 38.9  |  92.2  | 10.0 |  24.5   |  37.2   |
| 橡胶制品 | 300547 | 川环科技 | 35.7  |  42.4  | 2.2  |   1.0   |   7.2   |
| 橡胶制品 | 002224 |  三力士  | 35.5  | -163.7 | 9.9  |   7.5   |   7.8   |
| 橡胶制品 | 000599 | 青岛双星 | 34.2  |  -5.8  | 3.5  |  -0.7   |  -1.6   |
| 橡胶制品 | 600469 | 风神股份 | 33.6  | -20.4  | 2.7  |  -1.5   |  -9.3   |
| 橡胶制品 | 001207 | 联科科技 | 31.0  |  32.7  | 1.7  |   3.2   |   5.0   |
| 橡胶制品 | 002442 | 龙星化工 | 29.1  |  63.9  | 10.0 |  10.4   |  13.1   |
| 橡胶制品 | 300731 | 科创新源 | 28.9  | -64.8  | 3.3  |  -4.0   |  38.8   |
| 橡胶制品 | 002381 | 双箭股份 | 25.7  |  19.8  | 2.1  |   0.6   |   0.8   |
| 橡胶制品 | 301233 | 盛帮股份 | 16.0  |  27.2  | 0.0  |   0.0   |   0.0   |
+----------+--------+----------+-------+--------+------+---------+---------+
 




 [行业>单日涨幅]
+----------+--------+----------+-------+--------+------+---------+---------+
|   行业   |  代码  |   名称   | 市值  |   pe   | 涨幅 | 3日涨幅 | 6日涨幅 |
+----------+--------+----------+-------+--------+------+---------+---------+
| 橡胶制品 | 000887 | 中鼎股份 | 262.0 |  26.1  | 10.0 |   6.0   |   9.2   |
| 橡胶制品 | 601966 | 玲珑轮胎 | 386.9 | -105.3 | 10.0 |   3.2   |  17.7   |
| 橡胶制品 | 002442 | 龙星化工 | 29.1  |  63.9  | 10.0 |  10.4   |  13.1   |
| 橡胶制品 | 002753 | 永东股份 | 38.9  |  92.2  | 10.0 |  24.5   |  37.2   |
| 橡胶制品 | 002224 |  三力士  | 35.5  | -163.7 | 9.9  |   7.5   |   7.8   |
| 橡胶制品 | 300320 | 海达股份 | 89.6  |  55.6  | 9.6  |  12.4   |  13.0   |
| 橡胶制品 | 601058 | 赛轮轮胎 | 375.6 |  29.2  | 8.2  |  -2.8   |   8.0   |
| 橡胶制品 | 002984 |  森麒麟  | 223.5 |  24.0  | 7.8  |   3.7   |  11.4   |
| 橡胶制品 | 000589 | 贵州轮胎 | 56.0  |  24.9  | 5.6  |  11.9   |  15.4   |
| 橡胶制品 | 603650 | 彤程新材 | 172.2 |  59.8  | 5.4  |  -3.4   |  -0.5   |
| 橡胶制品 | 600480 | 凌云股份 | 85.0  |  23.2  | 5.3  |   2.0   |   4.5   |
| 橡胶制品 | 605183 | 确成股份 | 78.2  |  23.4  | 4.7  |   1.9   |   2.7   |
| 橡胶制品 | 601163 | 三角轮胎 | 96.2  |  41.1  | 4.2  |   2.6   |   2.4   |
| 橡胶制品 | 601500 | 通用股份 | 49.8  | 167.7  | 4.0  |   5.5   |   4.5   |
| 橡胶制品 | 000599 | 青岛双星 | 34.2  |  -5.8  | 3.5  |  -0.7   |  -1.6   |
| 橡胶制品 | 300731 | 科创新源 | 28.9  | -64.8  | 3.3  |  -4.0   |  38.8   |
| 橡胶制品 | 300121 | 阳谷华泰 | 40.1  |  8.8   | 3.2  |  -0.7   |  -1.6   |
| 橡胶制品 | 600469 | 风神股份 | 33.6  | -20.4  | 2.7  |  -1.5   |  -9.3   |
| 橡胶制品 | 300547 | 川环科技 | 35.7  |  42.4  | 2.2  |   1.0   |   7.2   |
| 橡胶制品 | 002381 | 双箭股份 | 25.7  |  19.8  | 2.1  |   0.6   |   0.8   |
| 橡胶制品 | 001207 | 联科科技 | 31.0  |  32.7  | 1.7  |   3.2   |   5.0   |
| 橡胶制品 | 600182 | S*ST佳通 | 43.0  | 267.4  | 1.2  |  -2.4   |   0.9   |
| 橡胶制品 | 300767 | 震安科技 | 148.0 | 113.7  | 1.1  |  -1.5   |  -3.3   |
| 橡胶制品 | 601118 | 海南橡胶 | 201.6 | -178.0 | 1.1  |  -1.5   |  -0.8   |
| 橡胶制品 | 002068 | 黑猫股份 | 113.1 | -271.2 | 0.7  |  -0.5   |   4.8   |
| 橡胶制品 | 603033 | 三维股份 | 167.9 |  86.2  | 0.7  |  -3.8   |   0.7   |
| 橡胶制品 | 301233 | 盛帮股份 | 16.0  |  27.2  | 0.0  |   0.0   |   0.0   |
| 橡胶制品 | 300587 | 天铁股份 | 106.3 |  22.9  | -1.5 |  -9.4   |  -6.2   |
+----------+--------+----------+-------+--------+------+---------+---------+
