[行业>市值]
+----------+--------+----------+--------+-------+------+---------+---------+
|   行业   |  代码  |   名称   |  市值  |  pe   | 涨幅 | 3日涨幅 | 6日涨幅 |
+----------+--------+----------+--------+-------+------+---------+---------+
| 汽车整车 | 601633 | 长城汽车 | 3742.0 | 57.3  | 6.4  |   3.8   |   2.5   |
| 汽车整车 | 600104 | 上汽集团 | 2145.0 |  9.7  | 4.6  |   2.4   |   0.6   |
| 汽车整车 | 601238 | XD广汽集 | 1831.0 | 15.2  | 7.6  |   3.4   |   2.2   |
| 汽车整车 | 000625 | 长安汽车 | 1658.0 |  9.1  | 10.0 |  13.5   |  16.7   |
| 汽车整车 | 601127 | 小康股份 | 1052.0 | -31.3 | 10.0 |   7.4   |  15.9   |
| 汽车整车 | 000800 | 一汽解放 | 455.2  | 25.2  | 4.8  |   0.5   |  -5.0   |
| 汽车整车 | 600733 | 北汽蓝谷 | 406.9  | -10.6 | 5.6  |   3.1   |   5.2   |
| 汽车整车 | 600418 | 江淮汽车 | 297.9  | -25.7 | 5.6  |   0.4   |  -2.2   |
| 汽车整车 | 601777 | 力帆科技 | 243.0  | 119.5 | 5.9  |   0.0   |   2.7   |
| 汽车整车 | 301039 | 中集车辆 | 237.9  | 47.8  | 3.6  |  14.5   |  12.2   |
| 汽车整车 | 600066 | 宇通客车 | 203.7  | -44.0 | 3.5  |  12.8   |  10.6   |
| 汽车整车 | 600166 | 福田汽车 | 194.6  | 35.9  | 5.3  |   7.2   |   5.0   |
| 汽车整车 | 000980 |  ST众泰  | 187.1  | -29.8 | -1.3 |   0.3   |  -3.7   |
| 汽车整车 | 600006 | 东风汽车 | 163.4  | 34.4  | 7.4  |   4.6   |  -1.7   |
| 汽车整车 | 000951 | 中国重汽 | 158.6  | 32.0  | 4.4  |   6.0   |   5.5   |
| 汽车整车 | 000550 | 江铃汽车 | 145.1  | 18.7  | 6.9  |   9.4   |   6.2   |
| 汽车整车 | 000957 | 中通客车 | 126.4  | -89.6 | 0.0  |   2.1   |  20.7   |
| 汽车整车 | 000572 | 海马汽车 | 106.1  | -43.5 | 4.5  |   4.2   |   2.7   |
| 汽车整车 | 600686 | 金龙汽车 |  53.5  | 345.0 | 10.0 |  15.3   |  15.3   |
| 汽车整车 | 000868 | 安凯客车 |  45.0  | -28.1 | 10.1 |  16.8   |  16.5   |
| 汽车整车 | 600213 | 亚星客车 |  27.1  | -15.5 | 10.0 |  11.8   |  13.7   |
| 汽车整车 | 600303 |  ST曙光  |  23.7  | -18.2 | 5.1  |   4.8   |   6.0   |
| 汽车整车 | 002594 |  比亚迪  |  0.0   | 318.2 | 4.0  |   3.3   |   5.5   |
+----------+--------+----------+--------+-------+------+---------+---------+
 




 [行业>单日涨幅]
+----------+--------+----------+--------+-------+------+---------+---------+
|   行业   |  代码  |   名称   |  市值  |  pe   | 涨幅 | 3日涨幅 | 6日涨幅 |
+----------+--------+----------+--------+-------+------+---------+---------+
| 汽车整车 | 000868 | 安凯客车 |  45.0  | -28.1 | 10.1 |  16.8   |  16.5   |
| 汽车整车 | 000625 | 长安汽车 | 1658.0 |  9.1  | 10.0 |  13.5   |  16.7   |
| 汽车整车 | 600686 | 金龙汽车 |  53.5  | 345.0 | 10.0 |  15.3   |  15.3   |
| 汽车整车 | 601127 | 小康股份 | 1052.0 | -31.3 | 10.0 |   7.4   |  15.9   |
| 汽车整车 | 600213 | 亚星客车 |  27.1  | -15.5 | 10.0 |  11.8   |  13.7   |
| 汽车整车 | 601238 | XD广汽集 | 1831.0 | 15.2  | 7.6  |   3.4   |   2.2   |
| 汽车整车 | 600006 | 东风汽车 | 163.4  | 34.4  | 7.4  |   4.6   |  -1.7   |
| 汽车整车 | 000550 | 江铃汽车 | 145.1  | 18.7  | 6.9  |   9.4   |   6.2   |
| 汽车整车 | 601633 | 长城汽车 | 3742.0 | 57.3  | 6.4  |   3.8   |   2.5   |
| 汽车整车 | 601777 | 力帆科技 | 243.0  | 119.5 | 5.9  |   0.0   |   2.7   |
| 汽车整车 | 600418 | 江淮汽车 | 297.9  | -25.7 | 5.6  |   0.4   |  -2.2   |
| 汽车整车 | 600733 | 北汽蓝谷 | 406.9  | -10.6 | 5.6  |   3.1   |   5.2   |
| 汽车整车 | 600166 | 福田汽车 | 194.6  | 35.9  | 5.3  |   7.2   |   5.0   |
| 汽车整车 | 600303 |  ST曙光  |  23.7  | -18.2 | 5.1  |   4.8   |   6.0   |
| 汽车整车 | 000800 | 一汽解放 | 455.2  | 25.2  | 4.8  |   0.5   |  -5.0   |
| 汽车整车 | 600104 | 上汽集团 | 2145.0 |  9.7  | 4.6  |   2.4   |   0.6   |
| 汽车整车 | 000572 | 海马汽车 | 106.1  | -43.5 | 4.5  |   4.2   |   2.7   |
| 汽车整车 | 000951 | 中国重汽 | 158.6  | 32.0  | 4.4  |   6.0   |   5.5   |
| 汽车整车 | 002594 |  比亚迪  |  0.0   | 318.2 | 4.0  |   3.3   |   5.5   |
| 汽车整车 | 301039 | 中集车辆 | 237.9  | 47.8  | 3.6  |  14.5   |  12.2   |
| 汽车整车 | 600066 | 宇通客车 | 203.7  | -44.0 | 3.5  |  12.8   |  10.6   |
| 汽车整车 | 000957 | 中通客车 | 126.4  | -89.6 | 0.0  |   2.1   |  20.7   |
| 汽车整车 | 000980 |  ST众泰  | 187.1  | -29.8 | -1.3 |   0.3   |  -3.7   |
+----------+--------+----------+--------+-------+------+---------+---------+
