[行业>市值]
+------------+--------+----------+-------+--------+------+---------+---------+
|    行业    |  代码  |   名称   | 市值  |   pe   | 涨幅 | 3日涨幅 | 6日涨幅 |
+------------+--------+----------+-------+--------+------+---------+---------+
| 电子化学品 | 002643 | 万润股份 | 190.2 |  20.4  | 3.3  |   0.4   |   3.8   |
| 电子化学品 | 300054 | 鼎龙股份 | 183.3 |  64.2  | 2.3  |   2.3   |   4.0   |
| 电子化学品 | 300346 | 南大光电 | 171.8 |  53.2  | 1.9  |  -1.7   |   1.6   |
| 电子化学品 | 688019 | 安集科技 | 155.8 |  98.3  | 2.1  |  -2.6   |   2.4   |
| 电子化学品 | 300398 | 飞凯材料 | 117.3 |  21.1  | 2.3  |  -0.8   |   3.5   |
| 电子化学品 | 300655 | 晶瑞电材 | 100.8 |  78.8  | 5.0  |  -0.7   |   0.1   |
| 电子化学品 | 300236 | 上海新阳 | 98.6  | -181.2 | 2.3  |  -0.0   |   3.9   |
| 电子化学品 | 688106 | 金宏气体 | 93.2  |  60.0  | 3.0  |  -1.0   |   0.5   |
| 电子化学品 | 688268 | 华特气体 | 83.2  |  53.1  | 4.5  |  -0.8   |   1.8   |
| 电子化学品 | 002741 | 光华科技 | 71.2  |  50.4  | -1.1 |   0.1   |   5.1   |
| 电子化学品 | 688550 | 瑞联新材 | 67.8  |  21.2  | 3.0  |  -2.5   |  -6.5   |
| 电子化学品 | 300481 | 濮阳惠成 | 67.6  |  20.1  | 1.3  |  -1.6   |  -1.2   |
| 电子化学品 | 603078 |  江化微  | 67.5  |  51.1  | 1.9  |  -1.3   |   9.9   |
| 电子化学品 | 300576 | 容大感光 | 55.7  | 134.7  | 1.1  |  -1.0   |   3.2   |
| 电子化学品 | 300429 | 强力新材 | 47.4  |  47.4  | 2.3  |   0.3   |   3.2   |
| 电子化学品 | 002584 | 西陇科学 | 45.1  |  13.5  | 3.1  |   0.1   |   2.4   |
| 电子化学品 | 603931 |  格林达  | 38.5  |  24.4  | 1.0  |  -2.0   |   0.9   |
| 电子化学品 | 688359 | 三孚新科 | 36.9  | -155.1 | 2.9  |   3.6   |   5.1   |
| 电子化学品 | 300446 | 乐凯新材 | 24.8  | 392.0  | 3.0  |  -0.5   |   0.3   |
| 电子化学品 | 300537 | 广信材料 | 22.2  | -48.4  | 1.9  |   0.7   |   3.5   |
| 电子化学品 | 300637 | 扬帆新材 | 17.3  |  37.2  | 3.4  |   1.8   |   4.0   |
+------------+--------+----------+-------+--------+------+---------+---------+
 




 [行业>单日涨幅]
+------------+--------+----------+-------+--------+------+---------+---------+
|    行业    |  代码  |   名称   | 市值  |   pe   | 涨幅 | 3日涨幅 | 6日涨幅 |
+------------+--------+----------+-------+--------+------+---------+---------+
| 电子化学品 | 300655 | 晶瑞电材 | 100.8 |  78.8  | 5.0  |  -0.7   |   0.1   |
| 电子化学品 | 688268 | 华特气体 | 83.2  |  53.1  | 4.5  |  -0.8   |   1.8   |
| 电子化学品 | 300637 | 扬帆新材 | 17.3  |  37.2  | 3.4  |   1.8   |   4.0   |
| 电子化学品 | 002643 | 万润股份 | 190.2 |  20.4  | 3.3  |   0.4   |   3.8   |
| 电子化学品 | 002584 | 西陇科学 | 45.1  |  13.5  | 3.1  |   0.1   |   2.4   |
| 电子化学品 | 300446 | 乐凯新材 | 24.8  | 392.0  | 3.0  |  -0.5   |   0.3   |
| 电子化学品 | 688106 | 金宏气体 | 93.2  |  60.0  | 3.0  |  -1.0   |   0.5   |
| 电子化学品 | 688550 | 瑞联新材 | 67.8  |  21.2  | 3.0  |  -2.5   |  -6.5   |
| 电子化学品 | 688359 | 三孚新科 | 36.9  | -155.1 | 2.9  |   3.6   |   5.1   |
| 电子化学品 | 300429 | 强力新材 | 47.4  |  47.4  | 2.3  |   0.3   |   3.2   |
| 电子化学品 | 300054 | 鼎龙股份 | 183.3 |  64.2  | 2.3  |   2.3   |   4.0   |
| 电子化学品 | 300236 | 上海新阳 | 98.6  | -181.2 | 2.3  |  -0.0   |   3.9   |
| 电子化学品 | 300398 | 飞凯材料 | 117.3 |  21.1  | 2.3  |  -0.8   |   3.5   |
| 电子化学品 | 688019 | 安集科技 | 155.8 |  98.3  | 2.1  |  -2.6   |   2.4   |
| 电子化学品 | 300537 | 广信材料 | 22.2  | -48.4  | 1.9  |   0.7   |   3.5   |
| 电子化学品 | 300346 | 南大光电 | 171.8 |  53.2  | 1.9  |  -1.7   |   1.6   |
| 电子化学品 | 603078 |  江化微  | 67.5  |  51.1  | 1.9  |  -1.3   |   9.9   |
| 电子化学品 | 300481 | 濮阳惠成 | 67.6  |  20.1  | 1.3  |  -1.6   |  -1.2   |
| 电子化学品 | 300576 | 容大感光 | 55.7  | 134.7  | 1.1  |  -1.0   |   3.2   |
| 电子化学品 | 603931 |  格林达  | 38.5  |  24.4  | 1.0  |  -2.0   |   0.9   |
| 电子化学品 | 002741 | 光华科技 | 71.2  |  50.4  | -1.1 |   0.1   |   5.1   |
+------------+--------+----------+-------+--------+------+---------+---------+
