[行业>市值]
+----------+--------+----------+-------+--------+------+---------+---------+
|   行业   |  代码  |   名称   | 市值  |   pe   | 涨幅 | 3日涨幅 | 6日涨幅 |
+----------+--------+----------+-------+--------+------+---------+---------+
| 电源设备 | 601727 | 上海电气 | 638.8 | 1263.4 | 0.2  |  -1.4   |  -0.2   |
| 电源设备 | 600875 | 东方电气 | 521.2 |  14.1  | 0.2  |  -2.0   |   5.4   |
| 电源设备 | 002518 |  科士达  | 185.3 |  85.4  | 10.0 |   7.6   |  23.7   |
| 电源设备 | 300376 |  易事特  | 185.2 |  46.9  | 3.4  |   3.1   |   7.1   |
| 电源设备 | 300593 |  新雷能  | 154.6 |  44.5  | 7.7  |   4.3   |   8.8   |
| 电源设备 | 002335 | 科华数据 | 136.7 |  34.8  | 10.0 |   5.2   |  13.4   |
| 电源设备 | 002851 | 麦格米特 | 133.2 |  45.3  | 6.2  |   3.1   |   8.6   |
| 电源设备 | 002534 | 西子洁能 | 116.6 |  72.6  | -0.8 |   1.2   |  13.1   |
| 电源设备 | 300820 | 英杰电气 | 97.8  |  45.3  | 2.2  |  -1.1   |   7.8   |
| 电源设备 | 002665 | 首航高科 | 78.7  | -36.5  | 1.0  |  -1.3   |   0.7   |
| 电源设备 | 600475 | 华光环能 | 76.0  |  9.2   | 0.8  |  -1.0   |  -0.5   |
| 电源设备 | 300693 | 盛弘股份 | 59.9  |  65.2  | 6.5  |   2.1   |  14.8   |
| 电源设备 | 002255 | 海陆重工 | 46.3  |  35.5  | 10.0 |   4.2   |   6.2   |
| 电源设备 | 300870 |  欧陆通  | 45.9  | -39.0  | 0.6  |  -4.0   |  10.9   |
| 电源设备 | 002364 | 中恒电气 | 42.0  | 184.9  | 2.8  |   0.9   |   4.2   |
| 电源设备 | 002227 |  奥特迅  | 37.7  | -109.0 | -1.3 |   4.0   |  14.8   |
| 电源设备 | 002630 | 华西能源 | 35.2  |  -5.7  | -0.3 |  -9.2   |  -22.2  |
| 电源设备 | 002366 | *ST海核  | 33.8  | -27.4  | -1.5 |  -3.2   |  -3.2   |
| 电源设备 | 600405 |  动力源  | 33.6  | -43.9  | -2.1 |   5.2   |  11.0   |
| 电源设备 | 688551 |  科威尔  | 32.6  | 109.2  | 6.2  |  -1.3   |   6.8   |
| 电源设备 | 300105 | 龙源技术 | 30.9  | -105.6 | 1.9  |  -2.6   |   5.0   |
| 电源设备 | 300153 | 科泰电源 | 27.9  | 148.5  | 3.3  |  -0.3   |   5.3   |
| 电源设备 | 300491 | 通合科技 | 25.5  | -77.1  | 5.5  |   4.5   |   7.5   |
| 电源设备 | 300713 |  英可瑞  | 23.6  | 354.3  | 2.4  |   4.3   |  12.1   |
| 电源设备 | 600202 |  哈空调  | 20.7  |  87.6  | 3.5  |  -0.9   |  -1.5   |
+----------+--------+----------+-------+--------+------+---------+---------+
 




 [行业>单日涨幅]
+----------+--------+----------+-------+--------+------+---------+---------+
|   行业   |  代码  |   名称   | 市值  |   pe   | 涨幅 | 3日涨幅 | 6日涨幅 |
+----------+--------+----------+-------+--------+------+---------+---------+
| 电源设备 | 002255 | 海陆重工 | 46.3  |  35.5  | 10.0 |   4.2   |   6.2   |
| 电源设备 | 002518 |  科士达  | 185.3 |  85.4  | 10.0 |   7.6   |  23.7   |
| 电源设备 | 002335 | 科华数据 | 136.7 |  34.8  | 10.0 |   5.2   |  13.4   |
| 电源设备 | 300593 |  新雷能  | 154.6 |  44.5  | 7.7  |   4.3   |   8.8   |
| 电源设备 | 300693 | 盛弘股份 | 59.9  |  65.2  | 6.5  |   2.1   |  14.8   |
| 电源设备 | 002851 | 麦格米特 | 133.2 |  45.3  | 6.2  |   3.1   |   8.6   |
| 电源设备 | 688551 |  科威尔  | 32.6  | 109.2  | 6.2  |  -1.3   |   6.8   |
| 电源设备 | 300491 | 通合科技 | 25.5  | -77.1  | 5.5  |   4.5   |   7.5   |
| 电源设备 | 600202 |  哈空调  | 20.7  |  87.6  | 3.5  |  -0.9   |  -1.5   |
| 电源设备 | 300376 |  易事特  | 185.2 |  46.9  | 3.4  |   3.1   |   7.1   |
| 电源设备 | 300153 | 科泰电源 | 27.9  | 148.5  | 3.3  |  -0.3   |   5.3   |
| 电源设备 | 002364 | 中恒电气 | 42.0  | 184.9  | 2.8  |   0.9   |   4.2   |
| 电源设备 | 300713 |  英可瑞  | 23.6  | 354.3  | 2.4  |   4.3   |  12.1   |
| 电源设备 | 300820 | 英杰电气 | 97.8  |  45.3  | 2.2  |  -1.1   |   7.8   |
| 电源设备 | 300105 | 龙源技术 | 30.9  | -105.6 | 1.9  |  -2.6   |   5.0   |
| 电源设备 | 002665 | 首航高科 | 78.7  | -36.5  | 1.0  |  -1.3   |   0.7   |
| 电源设备 | 600475 | 华光环能 | 76.0  |  9.2   | 0.8  |  -1.0   |  -0.5   |
| 电源设备 | 300870 |  欧陆通  | 45.9  | -39.0  | 0.6  |  -4.0   |  10.9   |
| 电源设备 | 601727 | 上海电气 | 638.8 | 1263.4 | 0.2  |  -1.4   |  -0.2   |
| 电源设备 | 600875 | 东方电气 | 521.2 |  14.1  | 0.2  |  -2.0   |   5.4   |
| 电源设备 | 002630 | 华西能源 | 35.2  |  -5.7  | -0.3 |  -9.2   |  -22.2  |
| 电源设备 | 002534 | 西子洁能 | 116.6 |  72.6  | -0.8 |   1.2   |  13.1   |
| 电源设备 | 002227 |  奥特迅  | 37.7  | -109.0 | -1.3 |   4.0   |  14.8   |
| 电源设备 | 002366 | *ST海核  | 33.8  | -27.4  | -1.5 |  -3.2   |  -3.2   |
| 电源设备 | 600405 |  动力源  | 33.6  | -43.9  | -2.1 |   5.2   |  11.0   |
+----------+--------+----------+-------+--------+------+---------+---------+
