[行业>市值]
+------+--------+----------+-------+-------+------+---------+---------+
| 行业 |  代码  |   名称   | 市值  |  pe   | 涨幅 | 3日涨幅 | 6日涨幅 |
+------+--------+----------+-------+-------+------+---------+---------+
| 电机 | 002176 | 江特电机 | 434.4 | 16.3  | 1.3  |  -3.1   |   6.6   |
| 电机 | 603489 | 八方股份 | 243.0 | 33.8  | 6.1  |  -2.3   |  -0.5   |
| 电机 | 600580 | 卧龙电驱 | 190.6 | 24.1  | 5.8  |   5.8   |  10.2   |
| 电机 | 002249 | 大洋电机 | 150.0 | 25.5  | 2.8  |   2.4   |   7.6   |
| 电机 | 603728 | 鸣志电器 | 86.9  | 55.5  | 10.0 |  25.3   |  42.1   |
| 电机 | 003021 | 兆威机电 | 83.3  | 91.8  | 4.7  |  -1.5   |   8.3   |
| 电机 | 300660 | 江苏雷利 | 82.1  | 29.6  | -3.5 |  11.4   |  64.6   |
| 电机 | 002801 | 微光股份 | 66.2  | 21.4  | 4.3  |   6.3   |   9.0   |
| 电机 | 002196 | 方正电机 | 52.4  | 219.7 | 8.3  |   6.6   |   9.1   |
| 电机 | 000922 | 佳电股份 | 50.8  | 16.9  | 2.9  |   0.6   |   5.9   |
| 电机 | 002892 |  科力尔  | 40.6  | 63.7  | 1.2  |   2.0   |  15.2   |
| 电机 | 603819 | 神力股份 | 38.9  | 34.0  | -0.1 |  -5.5   |  -1.8   |
| 电机 | 002823 | 凯中精密 | 29.4  | 36.7  | 3.2  |   2.8   |  13.1   |
| 电机 | 603988 | 中电电机 | 27.5  | 51.2  | 1.6  |   4.1   |   6.7   |
| 电机 | 301226 | 祥明智能 | 24.3  | 40.3  | 2.7  |   0.2   |   6.2   |
| 电机 | 301023 | 江南奕帆 | 24.1  | 29.7  | -2.2 |   6.8   |  12.3   |
| 电机 | 002576 | 通达动力 | 23.8  | 58.9  | -1.4 |  -1.6   |  19.4   |
| 电机 | 300907 | 康平科技 | 20.0  | 97.0  | 3.1  |   2.1   |   8.1   |
| 电机 | 688395 | 正弦电气 | 17.3  | 30.2  | 2.7  |   2.5   |   4.6   |
| 电机 | 300626 | 华瑞股份 | 16.2  | 63.1  | 0.2  |   2.2   |   6.1   |
| 电机 | 603320 | 迪贝电气 | 15.5  | 31.9  | 2.4  |   0.4   |   3.5   |
+------+--------+----------+-------+-------+------+---------+---------+
 




 [行业>单日涨幅]
+------+--------+----------+-------+-------+------+---------+---------+
| 行业 |  代码  |   名称   | 市值  |  pe   | 涨幅 | 3日涨幅 | 6日涨幅 |
+------+--------+----------+-------+-------+------+---------+---------+
| 电机 | 603728 | 鸣志电器 | 86.9  | 55.5  | 10.0 |  25.3   |  42.1   |
| 电机 | 002196 | 方正电机 | 52.4  | 219.7 | 8.3  |   6.6   |   9.1   |
| 电机 | 603489 | 八方股份 | 243.0 | 33.8  | 6.1  |  -2.3   |  -0.5   |
| 电机 | 600580 | 卧龙电驱 | 190.6 | 24.1  | 5.8  |   5.8   |  10.2   |
| 电机 | 003021 | 兆威机电 | 83.3  | 91.8  | 4.7  |  -1.5   |   8.3   |
| 电机 | 002801 | 微光股份 | 66.2  | 21.4  | 4.3  |   6.3   |   9.0   |
| 电机 | 002823 | 凯中精密 | 29.4  | 36.7  | 3.2  |   2.8   |  13.1   |
| 电机 | 300907 | 康平科技 | 20.0  | 97.0  | 3.1  |   2.1   |   8.1   |
| 电机 | 000922 | 佳电股份 | 50.8  | 16.9  | 2.9  |   0.6   |   5.9   |
| 电机 | 002249 | 大洋电机 | 150.0 | 25.5  | 2.8  |   2.4   |   7.6   |
| 电机 | 301226 | 祥明智能 | 24.3  | 40.3  | 2.7  |   0.2   |   6.2   |
| 电机 | 688395 | 正弦电气 | 17.3  | 30.2  | 2.7  |   2.5   |   4.6   |
| 电机 | 603320 | 迪贝电气 | 15.5  | 31.9  | 2.4  |   0.4   |   3.5   |
| 电机 | 603988 | 中电电机 | 27.5  | 51.2  | 1.6  |   4.1   |   6.7   |
| 电机 | 002176 | 江特电机 | 434.4 | 16.3  | 1.3  |  -3.1   |   6.6   |
| 电机 | 002892 |  科力尔  | 40.6  | 63.7  | 1.2  |   2.0   |  15.2   |
| 电机 | 300626 | 华瑞股份 | 16.2  | 63.1  | 0.2  |   2.2   |   6.1   |
| 电机 | 603819 | 神力股份 | 38.9  | 34.0  | -0.1 |  -5.5   |  -1.8   |
| 电机 | 002576 | 通达动力 | 23.8  | 58.9  | -1.4 |  -1.6   |  19.4   |
| 电机 | 301023 | 江南奕帆 | 24.1  | 29.7  | -2.2 |   6.8   |  12.3   |
| 电机 | 300660 | 江苏雷利 | 82.1  | 29.6  | -3.5 |  11.4   |  64.6   |
+------+--------+----------+-------+-------+------+---------+---------+
