[行业>市值]
+----------+--------+----------+--------+-------+------+---------+---------+
|   行业   |  代码  |   名称   |  市值  |  pe   | 涨幅 | 3日涨幅 | 6日涨幅 |
+----------+--------+----------+--------+-------+------+---------+---------+
| 石油行业 | 601857 | 中国石油 | 9883.0 |  6.3  | 1.5  |  -0.9   |  -11.9  |
| 石油行业 | 600938 | 中国海油 | 8198.0 |  6.0  | 2.7  |   0.6   |  -11.2  |
| 石油行业 | 600028 | 中国石化 | 4928.0 |  5.5  | 1.0  |   0.0   |  -3.1   |
| 石油行业 | 600256 | 广汇能源 | 648.0  |  7.3  | 1.8  |   5.5   |  -12.7  |
| 石油行业 | 600688 | 上海石化 | 349.6  | 40.9  | 0.3  |  -1.2   |  -5.0   |
| 石油行业 | 600777 | 新潮能源 | 170.7  |  8.1  | 2.0  |  -1.6   |  -18.8  |
| 石油行业 | 002221 | 东华能源 | 142.3  | 33.3  | 0.1  |  -1.4   |   0.8   |
| 石油行业 | 000059 | 华锦股份 |  96.6  |  8.5  | 0.5  |  -1.8   |  -6.8   |
| 石油行业 | 600759 |  ST洲际  |  56.1  | 18.1  | 1.2  |  -1.6   |  -9.2   |
| 石油行业 | 000096 | 广聚能源 |  51.7  | 137.9 | 1.8  |  -3.6   |  -10.8  |
| 石油行业 | 000819 | 岳阳兴长 |  39.5  | 83.8  | -2.3 |  -8.2   |  -15.6  |
| 石油行业 | 000698 | 沈阳化工 |  35.7  | -7.8  | 0.7  |  -2.2   |  -4.0   |
| 石油行业 | 603353 | 和顺石油 |  32.6  | 39.6  | -1.7 |  -5.5   |  -9.6   |
| 石油行业 | 600387 |  ST海越  |  29.9  | 43.7  | 1.4  |  -0.8   |   1.8   |
| 石油行业 | 000159 | 国际实业 |  29.2  | 34.7  | 3.6  |   2.2   |  -1.1   |
| 石油行业 | 000554 | 泰山石油 |  25.8  | 226.8 | 0.8  |  -1.5   |  -14.1  |
| 石油行业 | 000637 | 茂化实华 |  24.6  | -81.5 | -1.7 |  -3.9   |  -3.1   |
| 石油行业 | 300839 | 博汇股份 |  23.5  | 28.9  | 2.3  |  -2.3   |  -4.2   |
| 石油行业 | 603798 |  康普顿  |  20.0  | 16.3  | 0.7  |  -1.3   |  -0.2   |
| 石油行业 | 002778 | 中晟高科 |  16.0  | 361.2 | 1.1  |  -2.5   |  -2.1   |
| 石油行业 | 300023 |  宝德退  |  4.0   | 18.2  | -3.8 |   0.8   |   5.8   |
+----------+--------+----------+--------+-------+------+---------+---------+
 




 [行业>单日涨幅]
+----------+--------+----------+--------+-------+------+---------+---------+
|   行业   |  代码  |   名称   |  市值  |  pe   | 涨幅 | 3日涨幅 | 6日涨幅 |
+----------+--------+----------+--------+-------+------+---------+---------+
| 石油行业 | 000159 | 国际实业 |  29.2  | 34.7  | 3.6  |   2.2   |  -1.1   |
| 石油行业 | 600938 | 中国海油 | 8198.0 |  6.0  | 2.7  |   0.6   |  -11.2  |
| 石油行业 | 300839 | 博汇股份 |  23.5  | 28.9  | 2.3  |  -2.3   |  -4.2   |
| 石油行业 | 600777 | 新潮能源 | 170.7  |  8.1  | 2.0  |  -1.6   |  -18.8  |
| 石油行业 | 000096 | 广聚能源 |  51.7  | 137.9 | 1.8  |  -3.6   |  -10.8  |
| 石油行业 | 600256 | 广汇能源 | 648.0  |  7.3  | 1.8  |   5.5   |  -12.7  |
| 石油行业 | 601857 | 中国石油 | 9883.0 |  6.3  | 1.5  |  -0.9   |  -11.9  |
| 石油行业 | 600387 |  ST海越  |  29.9  | 43.7  | 1.4  |  -0.8   |   1.8   |
| 石油行业 | 600759 |  ST洲际  |  56.1  | 18.1  | 1.2  |  -1.6   |  -9.2   |
| 石油行业 | 002778 | 中晟高科 |  16.0  | 361.2 | 1.1  |  -2.5   |  -2.1   |
| 石油行业 | 600028 | 中国石化 | 4928.0 |  5.5  | 1.0  |   0.0   |  -3.1   |
| 石油行业 | 000554 | 泰山石油 |  25.8  | 226.8 | 0.8  |  -1.5   |  -14.1  |
| 石油行业 | 603798 |  康普顿  |  20.0  | 16.3  | 0.7  |  -1.3   |  -0.2   |
| 石油行业 | 000698 | 沈阳化工 |  35.7  | -7.8  | 0.7  |  -2.2   |  -4.0   |
| 石油行业 | 000059 | 华锦股份 |  96.6  |  8.5  | 0.5  |  -1.8   |  -6.8   |
| 石油行业 | 600688 | 上海石化 | 349.6  | 40.9  | 0.3  |  -1.2   |  -5.0   |
| 石油行业 | 002221 | 东华能源 | 142.3  | 33.3  | 0.1  |  -1.4   |   0.8   |
| 石油行业 | 000637 | 茂化实华 |  24.6  | -81.5 | -1.7 |  -3.9   |  -3.1   |
| 石油行业 | 603353 | 和顺石油 |  32.6  | 39.6  | -1.7 |  -5.5   |  -9.6   |
| 石油行业 | 000819 | 岳阳兴长 |  39.5  | 83.8  | -2.3 |  -8.2   |  -15.6  |
| 石油行业 | 300023 |  宝德退  |  4.0   | 18.2  | -3.8 |   0.8   |   5.8   |
+----------+--------+----------+--------+-------+------+---------+---------+
