[行业>市值]
+----------+--------+----------+-------+--------+------+---------+---------+
|   行业   |  代码  |   名称   | 市值  |   pe   | 涨幅 | 3日涨幅 | 6日涨幅 |
+----------+--------+----------+-------+--------+------+---------+---------+
| 综合行业 | 000009 | 中国宝安 | 359.8 |  54.5  | 1.4  |  -8.3   |   2.0   |
| 综合行业 | 600673 |  东阳光  | 266.7 |  23.2  | 0.6  |  -2.3   |   2.1   |
| 综合行业 | 000958 | 电投产融 | 255.2 |  21.0  | 2.8  |  -1.2   |  -3.3   |
| 综合行业 | 600770 | 综艺股份 | 104.0 | -17.7  | 0.6  |   1.5   |   2.4   |
| 综合行业 | 000158 | 常山北明 | 97.5  | -28.2  | 3.9  |  -0.2   |  -0.7   |
| 综合行业 | 000839 |  ST国安  | 82.3  | -14.0  | -1.4 |   2.4   |   0.5   |
| 综合行业 | 002758 | 浙农股份 | 70.1  |  12.5  | 5.2  |   4.0   |   2.2   |
| 综合行业 | 000861 | 海印股份 | 68.6  |  16.9  | -0.7 |   1.1   |  -1.8   |
| 综合行业 | 000652 | 泰达股份 | 61.8  | 398.6  | 10.0 |   9.4   |   7.2   |
| 综合行业 | 000833 | 粤桂股份 | 60.8  |  42.7  | -3.4 |   2.6   |  -12.3  |
| 综合行业 | 000803 | 北清环能 | 56.5  |  35.0  | 2.3  |  -2.3   |   1.6   |
| 综合行业 | 000576 | 甘化科工 | 50.8  |  50.3  | 2.7  |  -0.5   |  -1.8   |
| 综合行业 | 600784 | 鲁银投资 | 47.6  |  20.4  | 1.1  |   1.4   |   2.9   |
| 综合行业 | 600624 | 复旦复华 | 47.4  | 205.7  | 1.8  |  -3.6   |  -0.9   |
| 综合行业 | 000909 | 数源科技 | 45.2  | 231.9  | 0.6  |  -4.7   |  -24.0  |
| 综合行业 | 600805 | 悦达投资 | 42.8  |  12.8  | 3.1  |  -1.8   |  -1.0   |
| 综合行业 | 000532 | 华金资本 | 41.9  |  74.7  | 2.3  |   2.0   |  -4.3   |
| 综合行业 | 600568 |  ST中珠  | 32.7  | -198.9 | -0.6 |  -1.2   |   1.2   |
| 综合行业 | 600113 | 浙江东日 | 29.3  |  16.0  | 1.4  |  -1.8   |  -2.9   |
| 综合行业 | 000409 | 云鼎科技 | 27.9  | 267.4  | 1.1  |  -1.8   |  -2.0   |
| 综合行业 | 600051 | 宁波联合 | 20.5  | -92.1  | 1.5  |   1.1   |   0.5   |
| 综合行业 | 000632 | 三木集团 | 19.2  |  76.1  | 0.2  |  -1.2   |   1.7   |
| 综合行业 | 002591 | 恒大高新 | 15.2  | -138.9 | 1.4  |  -0.8   |   0.2   |
+----------+--------+----------+-------+--------+------+---------+---------+
 




 [行业>单日涨幅]
+----------+--------+----------+-------+--------+------+---------+---------+
|   行业   |  代码  |   名称   | 市值  |   pe   | 涨幅 | 3日涨幅 | 6日涨幅 |
+----------+--------+----------+-------+--------+------+---------+---------+
| 综合行业 | 000652 | 泰达股份 | 61.8  | 398.6  | 10.0 |   9.4   |   7.2   |
| 综合行业 | 002758 | 浙农股份 | 70.1  |  12.5  | 5.2  |   4.0   |   2.2   |
| 综合行业 | 000158 | 常山北明 | 97.5  | -28.2  | 3.9  |  -0.2   |  -0.7   |
| 综合行业 | 600805 | 悦达投资 | 42.8  |  12.8  | 3.1  |  -1.8   |  -1.0   |
| 综合行业 | 000958 | 电投产融 | 255.2 |  21.0  | 2.8  |  -1.2   |  -3.3   |
| 综合行业 | 000576 | 甘化科工 | 50.8  |  50.3  | 2.7  |  -0.5   |  -1.8   |
| 综合行业 | 000803 | 北清环能 | 56.5  |  35.0  | 2.3  |  -2.3   |   1.6   |
| 综合行业 | 000532 | 华金资本 | 41.9  |  74.7  | 2.3  |   2.0   |  -4.3   |
| 综合行业 | 600624 | 复旦复华 | 47.4  | 205.7  | 1.8  |  -3.6   |  -0.9   |
| 综合行业 | 600051 | 宁波联合 | 20.5  | -92.1  | 1.5  |   1.1   |   0.5   |
| 综合行业 | 600113 | 浙江东日 | 29.3  |  16.0  | 1.4  |  -1.8   |  -2.9   |
| 综合行业 | 002591 | 恒大高新 | 15.2  | -138.9 | 1.4  |  -0.8   |   0.2   |
| 综合行业 | 000009 | 中国宝安 | 359.8 |  54.5  | 1.4  |  -8.3   |   2.0   |
| 综合行业 | 600784 | 鲁银投资 | 47.6  |  20.4  | 1.1  |   1.4   |   2.9   |
| 综合行业 | 000409 | 云鼎科技 | 27.9  | 267.4  | 1.1  |  -1.8   |  -2.0   |
| 综合行业 | 600770 | 综艺股份 | 104.0 | -17.7  | 0.6  |   1.5   |   2.4   |
| 综合行业 | 000909 | 数源科技 | 45.2  | 231.9  | 0.6  |  -4.7   |  -24.0  |
| 综合行业 | 600673 |  东阳光  | 266.7 |  23.2  | 0.6  |  -2.3   |   2.1   |
| 综合行业 | 000632 | 三木集团 | 19.2  |  76.1  | 0.2  |  -1.2   |   1.7   |
| 综合行业 | 600568 |  ST中珠  | 32.7  | -198.9 | -0.6 |  -1.2   |   1.2   |
| 综合行业 | 000861 | 海印股份 | 68.6  |  16.9  | -0.7 |   1.1   |  -1.8   |
| 综合行业 | 000839 |  ST国安  | 82.3  | -14.0  | -1.4 |   2.4   |   0.5   |
| 综合行业 | 000833 | 粤桂股份 | 60.8  |  42.7  | -3.4 |   2.6   |  -12.3  |
+----------+--------+----------+-------+--------+------+---------+---------+
