[行业>市值]
+----------+--------+----------+--------+----------+------+---------+---------+
|   行业   |  代码  |   名称   |  市值  |    pe    | 涨幅 | 3日涨幅 | 6日涨幅 |
+----------+--------+----------+--------+----------+------+---------+---------+
| 美容护理 | 300896 |  爱美客  | 1212.0 |  108.2   | 2.4  |  -1.5   |   7.1   |
| 美容护理 | 300957 |  贝泰妮  | 898.1  |  153.8   | 2.3  |  -0.5   |   6.2   |
| 美容护理 | 688363 | 华熙生物 | 714.1  |   89.4   | 1.8  |  -0.5   |   7.2   |
| 美容护理 | 603605 |  珀莱雅  | 442.4  |   69.8   | 2.8  |   0.4   |  -1.2   |
| 美容护理 | 300888 | 稳健医疗 | 266.5  |   18.7   | 0.7  |  -2.4   |  -1.7   |
| 美容护理 | 600315 | 上海家化 | 249.4  |   31.3   | 0.1  |  -4.9   |  -4.3   |
| 美容护理 | 002511 | 中顺洁柔 | 154.3  |   28.9   | 1.4  |  -3.3   |   0.1   |
| 美容护理 | 002243 | 力合科创 | 121.2  |   87.0   | 2.2  |   3.1   |   4.3   |
| 美容护理 | 603983 | 丸美股份 | 104.5  |   39.9   | 0.1  |  -5.6   |  12.2   |
| 美容护理 | 300856 | 科思股份 |  69.3  |   29.9   | -0.7 |  -3.1   |   1.6   |
| 美容护理 | 000523 | 广州浪奇 |  62.7  |  -122.1  | -0.5 |  -1.8   |  -8.0   |
| 美容护理 | 605009 | 豪悦护理 |  59.0  |   26.9   | 0.7  |  -2.6   |  -0.3   |
| 美容护理 | 000615 | 奥园美谷 |  53.8  |  -34.6   | -0.3 |  -3.9   |  -2.0   |
| 美容护理 | 003006 | 百亚股份 |  51.4  |   23.2   | 1.4  |  -2.0   |   8.2   |
| 美容护理 | 300740 | 水羊股份 |  51.1  |   30.7   | 0.6  |  -5.4   |   0.4   |
| 美容护理 | 300132 | 青松股份 |  35.3  |  -14.4   | 1.0  |  -4.6   |  10.5   |
| 美容护理 | 301009 | 可靠股份 |  34.1  |  435.8   | 0.6  |  -3.1   |  -0.9   |
| 美容护理 | 603630 | 拉芳家化 |  31.8  |  -310.6  | 1.1  |  -1.5   |   0.4   |
| 美容护理 | 002919 | 名臣健康 |  29.4  |  448.3   | 0.6  |  -2.9   |   0.3   |
| 美容护理 | 001206 | 依依股份 |  28.8  |   39.3   | 0.8  |  -1.6   |   0.1   |
| 美容护理 | 600249 |  两面针  |  27.7  |  -23.4   | 1.4  |  -1.4   |  -1.9   |
| 美容护理 | 002094 | 青岛金王 |  26.5  |   50.2   | -1.0 |  -10.1  |  -7.0   |
| 美容护理 | 300955 | 嘉亨家化 |  23.9  |   35.6   | 1.3  |  -3.6   |   1.8   |
| 美容护理 | 300886 | 华业香料 |  22.2  |   79.9   | 2.0  |  -0.1   |  -0.0   |
| 美容护理 | 300658 | 延江股份 |  20.2  |   75.5   | 1.5  |   2.1   |   2.9   |
| 美容护理 | 603238 | 诺邦股份 |  18.3  |   60.1   | 1.0  |  -1.1   |   1.6   |
| 美容护理 | 603059 |  倍加洁  |  18.2  | -12093.2 | 1.2  |   0.4   |   2.1   |
| 美容护理 | 300849 | 锦盛新材 |  17.8  |  200.7   | 1.1  |  -0.2   |   1.4   |
+----------+--------+----------+--------+----------+------+---------+---------+
 




 [行业>单日涨幅]
+----------+--------+----------+--------+----------+------+---------+---------+
|   行业   |  代码  |   名称   |  市值  |    pe    | 涨幅 | 3日涨幅 | 6日涨幅 |
+----------+--------+----------+--------+----------+------+---------+---------+
| 美容护理 | 603605 |  珀莱雅  | 442.4  |   69.8   | 2.8  |   0.4   |  -1.2   |
| 美容护理 | 300896 |  爱美客  | 1212.0 |  108.2   | 2.4  |  -1.5   |   7.1   |
| 美容护理 | 300957 |  贝泰妮  | 898.1  |  153.8   | 2.3  |  -0.5   |   6.2   |
| 美容护理 | 002243 | 力合科创 | 121.2  |   87.0   | 2.2  |   3.1   |   4.3   |
| 美容护理 | 300886 | 华业香料 |  22.2  |   79.9   | 2.0  |  -0.1   |  -0.0   |
| 美容护理 | 688363 | 华熙生物 | 714.1  |   89.4   | 1.8  |  -0.5   |   7.2   |
| 美容护理 | 300658 | 延江股份 |  20.2  |   75.5   | 1.5  |   2.1   |   2.9   |
| 美容护理 | 003006 | 百亚股份 |  51.4  |   23.2   | 1.4  |  -2.0   |   8.2   |
| 美容护理 | 600249 |  两面针  |  27.7  |  -23.4   | 1.4  |  -1.4   |  -1.9   |
| 美容护理 | 002511 | 中顺洁柔 | 154.3  |   28.9   | 1.4  |  -3.3   |   0.1   |
| 美容护理 | 300955 | 嘉亨家化 |  23.9  |   35.6   | 1.3  |  -3.6   |   1.8   |
| 美容护理 | 603059 |  倍加洁  |  18.2  | -12093.2 | 1.2  |   0.4   |   2.1   |
| 美容护理 | 603630 | 拉芳家化 |  31.8  |  -310.6  | 1.1  |  -1.5   |   0.4   |
| 美容护理 | 300849 | 锦盛新材 |  17.8  |  200.7   | 1.1  |  -0.2   |   1.4   |
| 美容护理 | 300132 | 青松股份 |  35.3  |  -14.4   | 1.0  |  -4.6   |  10.5   |
| 美容护理 | 603238 | 诺邦股份 |  18.3  |   60.1   | 1.0  |  -1.1   |   1.6   |
| 美容护理 | 001206 | 依依股份 |  28.8  |   39.3   | 0.8  |  -1.6   |   0.1   |
| 美容护理 | 300888 | 稳健医疗 | 266.5  |   18.7   | 0.7  |  -2.4   |  -1.7   |
| 美容护理 | 605009 | 豪悦护理 |  59.0  |   26.9   | 0.7  |  -2.6   |  -0.3   |
| 美容护理 | 002919 | 名臣健康 |  29.4  |  448.3   | 0.6  |  -2.9   |   0.3   |
| 美容护理 | 300740 | 水羊股份 |  51.1  |   30.7   | 0.6  |  -5.4   |   0.4   |
| 美容护理 | 301009 | 可靠股份 |  34.1  |  435.8   | 0.6  |  -3.1   |  -0.9   |
| 美容护理 | 600315 | 上海家化 | 249.4  |   31.3   | 0.1  |  -4.9   |  -4.3   |
| 美容护理 | 603983 | 丸美股份 | 104.5  |   39.9   | 0.1  |  -5.6   |  12.2   |
| 美容护理 | 000615 | 奥园美谷 |  53.8  |  -34.6   | -0.3 |  -3.9   |  -2.0   |
| 美容护理 | 000523 | 广州浪奇 |  62.7  |  -122.1  | -0.5 |  -1.8   |  -8.0   |
| 美容护理 | 300856 | 科思股份 |  69.3  |   29.9   | -0.7 |  -3.1   |   1.6   |
| 美容护理 | 002094 | 青岛金王 |  26.5  |   50.2   | -1.0 |  -10.1  |  -7.0   |
+----------+--------+----------+--------+----------+------+---------+---------+
