[行业>市值]
+----------+--------+----------+-------+--------+------+---------+---------+
|   行业   |  代码  |   名称   | 市值  |   pe   | 涨幅 | 3日涨幅 | 6日涨幅 |
+----------+--------+----------+-------+--------+------+---------+---------+
| 铁路公路 | 001965 | 招商公路 | 463.4 |  10.6  | -0.1 |  -5.3   |  -6.2   |
| 铁路公路 | 600377 | 宁沪高速 | 422.2 |  13.3  | 0.4  |   0.0   |   0.4   |
| 铁路公路 | 600350 | 山东高速 | 253.1 |  8.8   | -0.2 |  -0.2   |  -1.7   |
| 铁路公路 | 600548 |  深高速  | 205.0 |  12.4  | 1.0  |   0.3   |   0.3   |
| 铁路公路 | 000429 | 粤高速Ａ  | 170.0 |  9.9   | 0.6  |  -0.8   |  -1.7   |
| 铁路公路 | 603032 | 德新交运 | 144.7 |  69.8  | 2.9  |  -3.0   |   0.1   |
| 铁路公路 | 600662 | 外服控股 | 141.6 |  20.4  | 0.3  |  -4.0   |  -1.1   |
| 铁路公路 | 603069 | 海汽集团 | 131.5 | -201.7 | 10.0 |   1.9   |  14.6   |
| 铁路公路 | 601107 | 四川成渝 | 123.5 |  12.3  | -0.2 |  -1.9   |  -3.1   |
| 铁路公路 | 600012 | 皖通高速 | 121.7 |  7.5   | 0.3  |  -0.5   |  -2.5   |
| 铁路公路 | 000828 | 东莞控股 | 106.2 |  15.6  | 1.3  |   1.6   |   0.7   |
| 铁路公路 | 600269 | 赣粤高速 | 81.0  |  6.1   | 0.9  |   0.3   |  -2.0   |
| 铁路公路 | 600033 | 福建高速 | 79.3  |  8.8   | 1.4  |   1.1   |   0.0   |
| 铁路公路 | 600611 | 大众交通 | 75.4  |  -7.2  | 0.6  |   0.6   |  -3.6   |
| 铁路公路 | 600020 | 中原高速 | 69.7  |  12.3  | 1.0  |  -0.3   |  -1.0   |
| 铁路公路 | 600650 | 锦江在线 | 67.2  |  3.0   | -2.5 |  -8.1   |  -5.1   |
| 铁路公路 | 000900 | 现代投资 | 63.3  |  9.8   | -0.2 |  -2.8   |  -2.6   |
| 铁路公路 | 600620 | 天宸股份 | 62.6  | -64.5  | 0.6  |  -0.4   |  -1.5   |
| 铁路公路 | 000885 | 城发环境 | 58.2  |  6.5   | 0.8  |  -0.7   |  -2.2   |
| 铁路公路 | 000755 | 山西路桥 | 57.2  |  14.9  | 0.5  |  -2.3   |  -2.0   |
| 铁路公路 | 600106 | 重庆路桥 | 54.5  |  90.2  | 0.2  |   1.2   |   1.2   |
| 铁路公路 | 600035 | 楚天高速 | 51.9  |  5.2   | 1.3  |  -0.3   |  -1.2   |
| 铁路公路 | 600368 | 五洲交通 | 45.5  |  6.3   | 0.2  |  -1.2   |  -1.9   |
| 铁路公路 | 600834 | 申通地铁 | 44.2  |  60.8  | 5.6  |   5.5   |   6.8   |
| 铁路公路 | 002627 | 三峡旅游 | 42.7  |  75.0  | 2.1  |   0.2   |   5.1   |
| 铁路公路 | 601188 | 龙江交通 | 41.6  |  17.6  | -0.3 |  -1.9   |  -0.9   |
| 铁路公路 | 601518 | XD吉林高 | 35.5  |  10.5  | 1.1  |   0.1   |  -1.4   |
| 铁路公路 | 000548 | 湖南投资 | 22.4  |  68.0  | -0.4 |  -1.3   |  -1.3   |
| 铁路公路 | 002357 | 富临运业 | 17.1  |  9.3   | 1.9  |   0.4   |   2.8   |
| 铁路公路 | 600561 | 江西长运 | 14.8  | -23.1  | -0.2 |   1.8   |   2.5   |
+----------+--------+----------+-------+--------+------+---------+---------+
 




 [行业>单日涨幅]
+----------+--------+----------+-------+--------+------+---------+---------+
|   行业   |  代码  |   名称   | 市值  |   pe   | 涨幅 | 3日涨幅 | 6日涨幅 |
+----------+--------+----------+-------+--------+------+---------+---------+
| 铁路公路 | 603069 | 海汽集团 | 131.5 | -201.7 | 10.0 |   1.9   |  14.6   |
| 铁路公路 | 600834 | 申通地铁 | 44.2  |  60.8  | 5.6  |   5.5   |   6.8   |
| 铁路公路 | 603032 | 德新交运 | 144.7 |  69.8  | 2.9  |  -3.0   |   0.1   |
| 铁路公路 | 002627 | 三峡旅游 | 42.7  |  75.0  | 2.1  |   0.2   |   5.1   |
| 铁路公路 | 002357 | 富临运业 | 17.1  |  9.3   | 1.9  |   0.4   |   2.8   |
| 铁路公路 | 600033 | 福建高速 | 79.3  |  8.8   | 1.4  |   1.1   |   0.0   |
| 铁路公路 | 000828 | 东莞控股 | 106.2 |  15.6  | 1.3  |   1.6   |   0.7   |
| 铁路公路 | 600035 | 楚天高速 | 51.9  |  5.2   | 1.3  |  -0.3   |  -1.2   |
| 铁路公路 | 601518 | XD吉林高 | 35.5  |  10.5  | 1.1  |   0.1   |  -1.4   |
| 铁路公路 | 600020 | 中原高速 | 69.7  |  12.3  | 1.0  |  -0.3   |  -1.0   |
| 铁路公路 | 600548 |  深高速  | 205.0 |  12.4  | 1.0  |   0.3   |   0.3   |
| 铁路公路 | 600269 | 赣粤高速 | 81.0  |  6.1   | 0.9  |   0.3   |  -2.0   |
| 铁路公路 | 000885 | 城发环境 | 58.2  |  6.5   | 0.8  |  -0.7   |  -2.2   |
| 铁路公路 | 600611 | 大众交通 | 75.4  |  -7.2  | 0.6  |   0.6   |  -3.6   |
| 铁路公路 | 000429 | 粤高速Ａ  | 170.0 |  9.9   | 0.6  |  -0.8   |  -1.7   |
| 铁路公路 | 600620 | 天宸股份 | 62.6  | -64.5  | 0.6  |  -0.4   |  -1.5   |
| 铁路公路 | 000755 | 山西路桥 | 57.2  |  14.9  | 0.5  |  -2.3   |  -2.0   |
| 铁路公路 | 600377 | 宁沪高速 | 422.2 |  13.3  | 0.4  |   0.0   |   0.4   |
| 铁路公路 | 600662 | 外服控股 | 141.6 |  20.4  | 0.3  |  -4.0   |  -1.1   |
| 铁路公路 | 600012 | 皖通高速 | 121.7 |  7.5   | 0.3  |  -0.5   |  -2.5   |
| 铁路公路 | 600368 | 五洲交通 | 45.5  |  6.3   | 0.2  |  -1.2   |  -1.9   |
| 铁路公路 | 600106 | 重庆路桥 | 54.5  |  90.2  | 0.2  |   1.2   |   1.2   |
| 铁路公路 | 001965 | 招商公路 | 463.4 |  10.6  | -0.1 |  -5.3   |  -6.2   |
| 铁路公路 | 600350 | 山东高速 | 253.1 |  8.8   | -0.2 |  -0.2   |  -1.7   |
| 铁路公路 | 600561 | 江西长运 | 14.8  | -23.1  | -0.2 |   1.8   |   2.5   |
| 铁路公路 | 000900 | 现代投资 | 63.3  |  9.8   | -0.2 |  -2.8   |  -2.6   |
| 铁路公路 | 601107 | 四川成渝 | 123.5 |  12.3  | -0.2 |  -1.9   |  -3.1   |
| 铁路公路 | 601188 | 龙江交通 | 41.6  |  17.6  | -0.3 |  -1.9   |  -0.9   |
| 铁路公路 | 000548 | 湖南投资 | 22.4  |  68.0  | -0.4 |  -1.3   |  -1.3   |
| 铁路公路 | 600650 | 锦江在线 | 67.2  |  3.0   | -2.5 |  -8.1   |  -5.1   |
+----------+--------+----------+-------+--------+------+---------+---------+
