[行业>市值]
+------------+--------+----------+--------+-------+------+---------+---------+
|    行业    |  代码  |   名称   |  市值  |  pe   | 涨幅 | 3日涨幅 | 6日涨幅 |
+------------+--------+----------+--------+-------+------+---------+---------+
| 非金属材料 | 603260 | 合盛硅业 | 1249.0 | 15.2  | -2.6 |  -8.4   |  -3.9   |
| 非金属材料 | 603688 | 石英股份 | 431.6  | 123.5 | 1.8  |   0.2   |  15.3   |
| 非金属材料 | 300861 | 美畅股份 | 388.1  | 34.1  | 1.8  |   0.6   |   7.0   |
| 非金属材料 | 600516 | 方大炭素 | 285.1  | 211.4 | 2.6  |  -1.3   |   3.9   |
| 非金属材料 | 603826 | 坤彩科技 | 278.2  | 260.7 | -2.5 |  -7.4   |  -5.9   |
| 非金属材料 | 688281 | 华秦科技 | 276.3  | 116.5 | 5.4  |   5.5   |   4.6   |
| 非金属材料 | 300395 |  菲利华  | 210.5  | 58.3  | 2.3  |  -2.7   |  -0.7   |
| 非金属材料 | 301071 | 力量钻石 | 203.5  | 50.3  | 1.1  |  -5.2   |   8.7   |
| 非金属材料 | 300035 | 中科电气 | 202.7  | 39.3  | 0.0  |  -6.5   |   8.1   |
| 非金属材料 | 603612 | 索通发展 | 169.7  | 26.8  | 5.2  |   9.4   |  34.0   |
| 非金属材料 | 300409 | 道氏技术 | 151.3  | 22.1  | 3.1  |  -1.8   |   6.3   |
| 非金属材料 | 688733 |  壹石通  | 139.9  | 80.2  | 4.8  |   1.0   |   5.3   |
| 非金属材料 | 600172 | 黄河旋风 | 129.9  | 113.1 | 0.7  |  -2.3   |   5.6   |
| 非金属材料 | 600330 | 天通股份 | 121.5  | 27.7  | 7.8  |   2.6   |  10.8   |
| 非金属材料 | 600783 | 鲁信创投 | 103.8  | 52.8  | 1.6  |   3.0   |  -0.6   |
| 非金属材料 | 688119 | 中钢洛耐 | 101.6  | 65.3  | 3.4  |   3.6   |  -0.8   |
| 非金属材料 | 002130 | 沃尔核材 |  75.6  | 17.7  | 3.3  |   2.0   |   5.3   |
| 非金属材料 | 688357 | 建龙微纳 |  70.5  | 40.2  | 6.4  |   2.2   |  10.1   |
| 非金属材料 | 688300 | 联瑞新材 |  62.8  | 36.8  | 1.8  |  -5.7   |  -2.1   |
| 非金属材料 | 001296 | 长江材料 |  25.0  | 43.6  | -0.1 |  -3.8   |  -2.2   |
| 非金属材料 | 300743 | 天地数码 |  15.7  | 53.2  | 1.5  |   1.5   |   2.4   |
| 非金属材料 | 300064 |  金刚退  |  14.8  | -3.4  | 5.1  |   1.6   |  36.7   |
+------------+--------+----------+--------+-------+------+---------+---------+
 




 [行业>单日涨幅]
+------------+--------+----------+--------+-------+------+---------+---------+
|    行业    |  代码  |   名称   |  市值  |  pe   | 涨幅 | 3日涨幅 | 6日涨幅 |
+------------+--------+----------+--------+-------+------+---------+---------+
| 非金属材料 | 600330 | 天通股份 | 121.5  | 27.7  | 7.8  |   2.6   |  10.8   |
| 非金属材料 | 688357 | 建龙微纳 |  70.5  | 40.2  | 6.4  |   2.2   |  10.1   |
| 非金属材料 | 688281 | 华秦科技 | 276.3  | 116.5 | 5.4  |   5.5   |   4.6   |
| 非金属材料 | 603612 | 索通发展 | 169.7  | 26.8  | 5.2  |   9.4   |  34.0   |
| 非金属材料 | 300064 |  金刚退  |  14.8  | -3.4  | 5.1  |   1.6   |  36.7   |
| 非金属材料 | 688733 |  壹石通  | 139.9  | 80.2  | 4.8  |   1.0   |   5.3   |
| 非金属材料 | 688119 | 中钢洛耐 | 101.6  | 65.3  | 3.4  |   3.6   |  -0.8   |
| 非金属材料 | 002130 | 沃尔核材 |  75.6  | 17.7  | 3.3  |   2.0   |   5.3   |
| 非金属材料 | 300409 | 道氏技术 | 151.3  | 22.1  | 3.1  |  -1.8   |   6.3   |
| 非金属材料 | 600516 | 方大炭素 | 285.1  | 211.4 | 2.6  |  -1.3   |   3.9   |
| 非金属材料 | 300395 |  菲利华  | 210.5  | 58.3  | 2.3  |  -2.7   |  -0.7   |
| 非金属材料 | 300861 | 美畅股份 | 388.1  | 34.1  | 1.8  |   0.6   |   7.0   |
| 非金属材料 | 603688 | 石英股份 | 431.6  | 123.5 | 1.8  |   0.2   |  15.3   |
| 非金属材料 | 688300 | 联瑞新材 |  62.8  | 36.8  | 1.8  |  -5.7   |  -2.1   |
| 非金属材料 | 600783 | 鲁信创投 | 103.8  | 52.8  | 1.6  |   3.0   |  -0.6   |
| 非金属材料 | 300743 | 天地数码 |  15.7  | 53.2  | 1.5  |   1.5   |   2.4   |
| 非金属材料 | 301071 | 力量钻石 | 203.5  | 50.3  | 1.1  |  -5.2   |   8.7   |
| 非金属材料 | 600172 | 黄河旋风 | 129.9  | 113.1 | 0.7  |  -2.3   |   5.6   |
| 非金属材料 | 300035 | 中科电气 | 202.7  | 39.3  | 0.0  |  -6.5   |   8.1   |
| 非金属材料 | 001296 | 长江材料 |  25.0  | 43.6  | -0.1 |  -3.8   |  -2.2   |
| 非金属材料 | 603826 | 坤彩科技 | 278.2  | 260.7 | -2.5 |  -7.4   |  -5.9   |
| 非金属材料 | 603260 | 合盛硅业 | 1249.0 | 15.2  | -2.6 |  -8.4   |  -3.9   |
+------------+--------+----------+--------+-------+------+---------+---------+
