[行业>市值]
+----------+--------+----------+--------+-------+------+---------+---------+
|   行业   |  代码  |   名称   |  市值  |  pe   | 涨幅 | 3日涨幅 | 6日涨幅 |
+----------+--------+----------+--------+-------+------+---------+---------+
| 化纤行业 | 600346 | 恒力石化 | 1557.0 |  9.2  | -0.4 |   0.6   |  -2.6   |
| 化纤行业 | 002493 | 荣盛石化 | 1549.0 | 12.4  | -0.6 |  -0.8   |  -4.8   |
| 化纤行业 | 000301 | 东方盛虹 | 1082.0 | 39.3  | -2.7 |   3.2   |   3.4   |
| 化纤行业 | 000703 | 恒逸石化 | 410.6  | 14.0  | 4.2  |   5.6   |   2.9   |
| 化纤行业 | 002064 | 华峰化学 | 406.4  |  7.5  | 1.0  |   6.4   |   2.9   |
| 化纤行业 | 601233 | 桐昆股份 | 385.3  |  6.4  | -0.7 |  -0.8   |  -5.3   |
| 化纤行业 | 688295 | 中复神鹰 | 344.7  | 73.2  | 0.5  |  -2.3   |   1.1   |
| 化纤行业 | 300777 | 中简科技 | 214.1  | 59.0  | 1.2  |   4.0   |   3.8   |
| 化纤行业 | 603225 |  新凤鸣  | 173.9  | 15.3  | 0.5  |   2.8   |  -0.1   |
| 化纤行业 | 600063 | 皖维高新 | 148.3  |  8.9  | 1.9  |   7.2   |  10.9   |
| 化纤行业 | 002254 | 泰和新材 | 117.0  | 20.0  | 4.3  |   7.0   |  10.3   |
| 化纤行业 | 000420 | 吉林化纤 | 109.9  | -56.1 | 2.8  |  -2.5   |   0.4   |
| 化纤行业 | 600810 | 神马股份 |  96.3  |  6.5  | 1.0  |   3.0   |  -0.1   |
| 化纤行业 | 002206 |  海利得  |  81.3  | 16.6  | 1.5  |  -1.8   |  -2.6   |
| 化纤行业 | 000949 | 新乡化纤 |  54.9  | 33.5  | 1.9  |   2.2   |   1.1   |
| 化纤行业 | 601113 | 华鼎股份 |  51.4  | -16.9 | -3.0 |  -2.2   |   3.2   |
| 化纤行业 | 000936 | 华西股份 |  49.0  | 63.4  | 1.1  |   2.4   |   0.6   |
| 化纤行业 | 688722 |  同益中  |  39.5  | 32.3  | 0.8  |   2.2   |   1.1   |
| 化纤行业 | 600527 | 江南高纤 |  37.9  | 59.3  | 0.9  |   0.0   |   4.3   |
| 化纤行业 | 603332 | 苏州龙杰 |  36.0  | -67.0 | -1.0 |   3.6   |   9.9   |
| 化纤行业 | 002427 | *ST尤夫  |  35.8  | -5.1  | 0.9  |  -2.9   |  -3.7   |
| 化纤行业 | 002172 | 澳洋健康 |  27.6  | 21.2  | 2.9  |   4.7   |   2.6   |
| 化纤行业 | 301057 | 汇隆新材 |  27.3  | 55.0  | 2.0  |   4.9   |   3.0   |
| 化纤行业 | 000677 | 恒天海龙 |  26.5  | 42.7  | 1.0  |   4.1   |   2.7   |
| 化纤行业 | 000782 | 美达股份 |  25.3  | 31.8  | 4.8  |   4.4   |   3.2   |
| 化纤行业 | 002998 | 优彩资源 |  23.5  | 19.7  | 1.0  |   3.0   |  -0.4   |
| 化纤行业 | 300876 | 蒙泰高新 |  22.2  | 36.6  | 3.6  |   6.6   |   3.5   |
| 化纤行业 | 600889 | 南京化纤 |  17.9  | -14.2 | 1.4  |   4.0   |   2.9   |
+----------+--------+----------+--------+-------+------+---------+---------+
 




 [行业>单日涨幅]
+----------+--------+----------+--------+-------+------+---------+---------+
|   行业   |  代码  |   名称   |  市值  |  pe   | 涨幅 | 3日涨幅 | 6日涨幅 |
+----------+--------+----------+--------+-------+------+---------+---------+
| 化纤行业 | 000782 | 美达股份 |  25.3  | 31.8  | 4.8  |   4.4   |   3.2   |
| 化纤行业 | 002254 | 泰和新材 | 117.0  | 20.0  | 4.3  |   7.0   |  10.3   |
| 化纤行业 | 000703 | 恒逸石化 | 410.6  | 14.0  | 4.2  |   5.6   |   2.9   |
| 化纤行业 | 300876 | 蒙泰高新 |  22.2  | 36.6  | 3.6  |   6.6   |   3.5   |
| 化纤行业 | 002172 | 澳洋健康 |  27.6  | 21.2  | 2.9  |   4.7   |   2.6   |
| 化纤行业 | 000420 | 吉林化纤 | 109.9  | -56.1 | 2.8  |  -2.5   |   0.4   |
| 化纤行业 | 301057 | 汇隆新材 |  27.3  | 55.0  | 2.0  |   4.9   |   3.0   |
| 化纤行业 | 000949 | 新乡化纤 |  54.9  | 33.5  | 1.9  |   2.2   |   1.1   |
| 化纤行业 | 600063 | 皖维高新 | 148.3  |  8.9  | 1.9  |   7.2   |  10.9   |
| 化纤行业 | 002206 |  海利得  |  81.3  | 16.6  | 1.5  |  -1.8   |  -2.6   |
| 化纤行业 | 600889 | 南京化纤 |  17.9  | -14.2 | 1.4  |   4.0   |   2.9   |
| 化纤行业 | 300777 | 中简科技 | 214.1  | 59.0  | 1.2  |   4.0   |   3.8   |
| 化纤行业 | 000936 | 华西股份 |  49.0  | 63.4  | 1.1  |   2.4   |   0.6   |
| 化纤行业 | 002064 | 华峰化学 | 406.4  |  7.5  | 1.0  |   6.4   |   2.9   |
| 化纤行业 | 600810 | 神马股份 |  96.3  |  6.5  | 1.0  |   3.0   |  -0.1   |
| 化纤行业 | 000677 | 恒天海龙 |  26.5  | 42.7  | 1.0  |   4.1   |   2.7   |
| 化纤行业 | 002998 | 优彩资源 |  23.5  | 19.7  | 1.0  |   3.0   |  -0.4   |
| 化纤行业 | 600527 | 江南高纤 |  37.9  | 59.3  | 0.9  |   0.0   |   4.3   |
| 化纤行业 | 002427 | *ST尤夫  |  35.8  | -5.1  | 0.9  |  -2.9   |  -3.7   |
| 化纤行业 | 688722 |  同益中  |  39.5  | 32.3  | 0.8  |   2.2   |   1.1   |
| 化纤行业 | 603225 |  新凤鸣  | 173.9  | 15.3  | 0.5  |   2.8   |  -0.1   |
| 化纤行业 | 688295 | 中复神鹰 | 344.7  | 73.2  | 0.5  |  -2.3   |   1.1   |
| 化纤行业 | 600346 | 恒力石化 | 1557.0 |  9.2  | -0.4 |   0.6   |  -2.6   |
| 化纤行业 | 002493 | 荣盛石化 | 1549.0 | 12.4  | -0.6 |  -0.8   |  -4.8   |
| 化纤行业 | 601233 | 桐昆股份 | 385.3  |  6.4  | -0.7 |  -0.8   |  -5.3   |
| 化纤行业 | 603332 | 苏州龙杰 |  36.0  | -67.0 | -1.0 |   3.6   |   9.9   |
| 化纤行业 | 000301 | 东方盛虹 | 1082.0 | 39.3  | -2.7 |   3.2   |   3.4   |
| 化纤行业 | 601113 | 华鼎股份 |  51.4  | -16.9 | -3.0 |  -2.2   |   3.2   |
+----------+--------+----------+--------+-------+------+---------+---------+
