[行业>市值]
+----------+--------+----------+--------+-------+------+---------+---------+
|   行业   |  代码  |   名称   |  市值  |  pe   | 涨幅 | 3日涨幅 | 6日涨幅 |
+----------+--------+----------+--------+-------+------+---------+---------+
| 化肥行业 | 000792 | 盐湖股份 | 1710.0 | 12.2  | 5.0  |   7.3   |   5.2   |
| 化肥行业 | 600096 |  云天化  | 584.4  |  8.9  | 5.9  |   7.4   |   7.0   |
| 化肥行业 | 000408 | 藏格矿业 | 531.2  | 16.3  | 1.0  |   3.1   |  -1.1   |
| 化肥行业 | 600141 | 兴发集团 | 481.6  |  7.0  | 4.8  |   7.2   |   5.8   |
| 化肥行业 | 002312 | 川发龙蟒 | 304.1  | 27.8  | 0.6  |  10.8   |  28.3   |
| 化肥行业 | 000893 | 亚钾国际 | 265.7  | 23.7  | 1.3  |   1.2   |  -3.4   |
| 化肥行业 | 000902 |  新洋丰  | 223.1  | 13.7  | -0.5 |   1.6   |  -1.6   |
| 化肥行业 | 002895 | 川恒股份 | 170.3  | 40.9  | 4.0  |   2.3   |   4.0   |
| 化肥行业 | 002539 | 云图控股 | 167.6  |  9.0  | 4.3  |   6.2   |   4.6   |
| 化肥行业 | 603938 | 三孚股份 | 139.1  | 23.1  | 1.4  |  -1.4   |  -2.2   |
| 化肥行业 | 002556 | 辉隆股份 | 110.2  | 13.2  | 1.3  |   1.9   |  -2.6   |
| 化肥行业 | 600691 | 阳煤化工 |  99.1  | 26.8  | 1.0  |   0.7   |   0.7   |
| 化肥行业 | 002274 | 华昌化工 |  95.6  |  9.8  | 0.0  |   3.5   |  -1.2   |
| 化肥行业 | 002538 |  司尔特  |  91.2  | 14.8  | 2.5  |   3.8   |   2.5   |
| 化肥行业 | 000912 |  泸天化  |  84.8  | 15.1  | 1.1  |   1.5   |   0.4   |
| 化肥行业 | 002588 |  史丹利  |  74.2  | 12.4  | 0.3  |   1.4   |  -4.0   |
| 化肥行业 | 600078 | *ST澄星  |  71.9  | 26.6  | -4.6 |  -1.1   |  -2.1   |
| 化肥行业 | 002470 |  ST金正  |  71.0  | -68.1 | 0.5  |  -2.7   |  -3.1   |
| 化肥行业 | 300505 |  川金诺  |  65.3  | 27.3  | 5.8  |   9.8   |  10.7   |
| 化肥行业 | 002170 | 芭田股份 |  57.0  | 65.6  | 1.3  |   7.0   |   5.8   |
| 化肥行业 | 000731 | 四川美丰 |  54.4  |  7.6  | 1.1  |   3.0   |  -0.5   |
| 化肥行业 | 600470 | 六国化工 |  40.1  | 15.1  | 1.1  |   2.8   |  -0.1   |
| 化肥行业 | 002999 | 天禾股份 |  25.9  | 46.4  | 1.4  |   0.9   |  -0.8   |
| 化肥行业 | 300387 | 富邦股份 |  20.3  | 37.7  | 1.9  |   3.5   |   0.9   |
| 化肥行业 | 000611 |  天首退  |  0.0   |  0.0  | 0.0  |   0.0   |   0.0   |
+----------+--------+----------+--------+-------+------+---------+---------+
 




 [行业>单日涨幅]
+----------+--------+----------+--------+-------+------+---------+---------+
|   行业   |  代码  |   名称   |  市值  |  pe   | 涨幅 | 3日涨幅 | 6日涨幅 |
+----------+--------+----------+--------+-------+------+---------+---------+
| 化肥行业 | 600096 |  云天化  | 584.4  |  8.9  | 5.9  |   7.4   |   7.0   |
| 化肥行业 | 300505 |  川金诺  |  65.3  | 27.3  | 5.8  |   9.8   |  10.7   |
| 化肥行业 | 000792 | 盐湖股份 | 1710.0 | 12.2  | 5.0  |   7.3   |   5.2   |
| 化肥行业 | 600141 | 兴发集团 | 481.6  |  7.0  | 4.8  |   7.2   |   5.8   |
| 化肥行业 | 002539 | 云图控股 | 167.6  |  9.0  | 4.3  |   6.2   |   4.6   |
| 化肥行业 | 002895 | 川恒股份 | 170.3  | 40.9  | 4.0  |   2.3   |   4.0   |
| 化肥行业 | 002538 |  司尔特  |  91.2  | 14.8  | 2.5  |   3.8   |   2.5   |
| 化肥行业 | 300387 | 富邦股份 |  20.3  | 37.7  | 1.9  |   3.5   |   0.9   |
| 化肥行业 | 603938 | 三孚股份 | 139.1  | 23.1  | 1.4  |  -1.4   |  -2.2   |
| 化肥行业 | 002999 | 天禾股份 |  25.9  | 46.4  | 1.4  |   0.9   |  -0.8   |
| 化肥行业 | 002556 | 辉隆股份 | 110.2  | 13.2  | 1.3  |   1.9   |  -2.6   |
| 化肥行业 | 000893 | 亚钾国际 | 265.7  | 23.7  | 1.3  |   1.2   |  -3.4   |
| 化肥行业 | 002170 | 芭田股份 |  57.0  | 65.6  | 1.3  |   7.0   |   5.8   |
| 化肥行业 | 000912 |  泸天化  |  84.8  | 15.1  | 1.1  |   1.5   |   0.4   |
| 化肥行业 | 000731 | 四川美丰 |  54.4  |  7.6  | 1.1  |   3.0   |  -0.5   |
| 化肥行业 | 600470 | 六国化工 |  40.1  | 15.1  | 1.1  |   2.8   |  -0.1   |
| 化肥行业 | 000408 | 藏格矿业 | 531.2  | 16.3  | 1.0  |   3.1   |  -1.1   |
| 化肥行业 | 600691 | 阳煤化工 |  99.1  | 26.8  | 1.0  |   0.7   |   0.7   |
| 化肥行业 | 002312 | 川发龙蟒 | 304.1  | 27.8  | 0.6  |  10.8   |  28.3   |
| 化肥行业 | 002470 |  ST金正  |  71.0  | -68.1 | 0.5  |  -2.7   |  -3.1   |
| 化肥行业 | 002588 |  史丹利  |  74.2  | 12.4  | 0.3  |   1.4   |  -4.0   |
| 化肥行业 | 002274 | 华昌化工 |  95.6  |  9.8  | 0.0  |   3.5   |  -1.2   |
| 化肥行业 | 000611 |  天首退  |  0.0   |  0.0  | 0.0  |   0.0   |   0.0   |
| 化肥行业 | 000902 |  新洋丰  | 223.1  | 13.7  | -0.5 |   1.6   |  -1.6   |
| 化肥行业 | 600078 | *ST澄星  |  71.9  | 26.6  | -4.6 |  -1.1   |  -2.1   |
+----------+--------+----------+--------+-------+------+---------+---------+
