[行业>市值]
+----------+--------+----------+-------+--------+------+---------+---------+
|   行业   |  代码  |   名称   | 市值  |   pe   | 涨幅 | 3日涨幅 | 6日涨幅 |
+----------+--------+----------+-------+--------+------+---------+---------+
| 橡胶制品 | 601966 | 玲珑轮胎 | 396.7 | -107.9 | 3.0  |   2.5   |   5.9   |
| 橡胶制品 | 601058 | 赛轮轮胎 | 374.1 |  29.1  | 2.8  |  -0.4   |  -3.2   |
| 橡胶制品 | 000887 | 中鼎股份 | 263.6 |  26.3  | 0.8  |   0.6   |   6.6   |
| 橡胶制品 | 002984 |  森麒麟  | 215.0 |  23.1  | -1.2 |  -3.8   |  -0.3   |
| 橡胶制品 | 601118 | XD海南橡 | 202.0 | -178.4 | 0.6  |   0.5   |  -1.0   |
| 橡胶制品 | 603650 | 彤程新材 | 189.9 |  65.9  | 3.8  |  10.3   |   6.6   |
| 橡胶制品 | 603033 | 三维股份 | 178.1 |  91.5  | -1.9 |   6.1   |   2.1   |
| 橡胶制品 | 300767 | 震安科技 | 137.0 | 105.2  | -4.1 |  -7.5   |  -8.8   |
| 橡胶制品 | 300587 | 天铁股份 | 126.1 |  27.2  | 0.4  |  18.6   |   7.5   |
| 橡胶制品 | 002068 | 黑猫股份 | 112.8 | -270.5 | 0.6  |  -0.3   |  -0.8   |
| 橡胶制品 | 601163 | 三角轮胎 | 96.9  |  41.5  | 1.5  |   0.8   |   3.4   |
| 橡胶制品 | 300320 | 海达股份 | 90.4  |  56.1  | 3.5  |   0.9   |  13.5   |
| 橡胶制品 | 605183 | 确成股份 | 83.4  |  24.9  | 2.1  |   6.6   |   8.5   |
| 橡胶制品 | 000589 | 贵州轮胎 | 53.5  |  23.8  | 0.2  |  -4.5   |   6.9   |
| 橡胶制品 | 601500 | 通用股份 | 49.9  | 168.1  | 2.4  |   0.2   |   5.7   |
| 橡胶制品 | 600182 | S*ST佳通 | 46.3  | 287.7  | 0.7  |   7.6   |   5.0   |
| 橡胶制品 | 300121 | 阳谷华泰 | 41.4  |  9.1   | 1.7  |   3.2   |   2.4   |
| 橡胶制品 | 002753 | 永东股份 | 38.8  |  91.9  | -4.4 |  -0.3   |  24.1   |
| 橡胶制品 | 300547 | 川环科技 | 38.4  |  45.6  | 3.4  |   7.7   |   8.7   |
| 橡胶制品 | 600469 | 风神股份 | 36.5  | -22.1  | 9.9  |   8.5   |   6.8   |
| 橡胶制品 | 300731 | 科创新源 | 35.0  | -78.5  | -6.6 |  21.1   |  16.3   |
| 橡胶制品 | 002224 |  三力士  | 35.0  | -161.6 | -1.4 |  -1.2   |   6.2   |
| 橡胶制品 | 000599 | 青岛双星 | 33.8  |  -5.8  | 1.7  |  -1.2   |  -1.9   |
| 橡胶制品 | 001207 | 联科科技 | 31.8  |  33.4  | 0.6  |   2.3   |   5.6   |
| 橡胶制品 | 002442 | 龙星化工 | 27.8  |  61.0  | -0.7 |  -4.5   |   5.4   |
| 橡胶制品 | 002381 | 双箭股份 | 26.4  |  20.3  | 1.3  |   2.6   |   3.2   |
| 橡胶制品 | 301233 | 盛帮股份 | 21.4  |  36.3  | 0.0  |   0.0   |   0.0   |
+----------+--------+----------+-------+--------+------+---------+---------+
 




 [行业>单日涨幅]
+----------+--------+----------+-------+--------+------+---------+---------+
|   行业   |  代码  |   名称   | 市值  |   pe   | 涨幅 | 3日涨幅 | 6日涨幅 |
+----------+--------+----------+-------+--------+------+---------+---------+
| 橡胶制品 | 600469 | 风神股份 | 36.5  | -22.1  | 9.9  |   8.5   |   6.8   |
| 橡胶制品 | 603650 | 彤程新材 | 189.9 |  65.9  | 3.8  |  10.3   |   6.6   |
| 橡胶制品 | 300320 | 海达股份 | 90.4  |  56.1  | 3.5  |   0.9   |  13.5   |
| 橡胶制品 | 300547 | 川环科技 | 38.4  |  45.6  | 3.4  |   7.7   |   8.7   |
| 橡胶制品 | 601966 | 玲珑轮胎 | 396.7 | -107.9 | 3.0  |   2.5   |   5.9   |
| 橡胶制品 | 601058 | 赛轮轮胎 | 374.1 |  29.1  | 2.8  |  -0.4   |  -3.2   |
| 橡胶制品 | 601500 | 通用股份 | 49.9  | 168.1  | 2.4  |   0.2   |   5.7   |
| 橡胶制品 | 605183 | 确成股份 | 83.4  |  24.9  | 2.1  |   6.6   |   8.5   |
| 橡胶制品 | 000599 | 青岛双星 | 33.8  |  -5.8  | 1.7  |  -1.2   |  -1.9   |
| 橡胶制品 | 300121 | 阳谷华泰 | 41.4  |  9.1   | 1.7  |   3.2   |   2.4   |
| 橡胶制品 | 601163 | 三角轮胎 | 96.9  |  41.5  | 1.5  |   0.8   |   3.4   |
| 橡胶制品 | 002381 | 双箭股份 | 26.4  |  20.3  | 1.3  |   2.6   |   3.2   |
| 橡胶制品 | 000887 | 中鼎股份 | 263.6 |  26.3  | 0.8  |   0.6   |   6.6   |
| 橡胶制品 | 600182 | S*ST佳通 | 46.3  | 287.7  | 0.7  |   7.6   |   5.0   |
| 橡胶制品 | 601118 | XD海南橡 | 202.0 | -178.4 | 0.6  |   0.5   |  -1.0   |
| 橡胶制品 | 002068 | 黑猫股份 | 112.8 | -270.5 | 0.6  |  -0.3   |  -0.8   |
| 橡胶制品 | 001207 | 联科科技 | 31.8  |  33.4  | 0.6  |   2.3   |   5.6   |
| 橡胶制品 | 300587 | 天铁股份 | 126.1 |  27.2  | 0.4  |  18.6   |   7.5   |
| 橡胶制品 | 000589 | 贵州轮胎 | 53.5  |  23.8  | 0.2  |  -4.5   |   6.9   |
| 橡胶制品 | 301233 | 盛帮股份 | 21.4  |  36.3  | 0.0  |   0.0   |   0.0   |
| 橡胶制品 | 002442 | 龙星化工 | 27.8  |  61.0  | -0.7 |  -4.5   |   5.4   |
| 橡胶制品 | 002984 |  森麒麟  | 215.0 |  23.1  | -1.2 |  -3.8   |  -0.3   |
| 橡胶制品 | 002224 |  三力士  | 35.0  | -161.6 | -1.4 |  -1.2   |   6.2   |
| 橡胶制品 | 603033 | 三维股份 | 178.1 |  91.5  | -1.9 |   6.1   |   2.1   |
| 橡胶制品 | 300767 | 震安科技 | 137.0 | 105.2  | -4.1 |  -7.5   |  -8.8   |
| 橡胶制品 | 002753 | 永东股份 | 38.8  |  91.9  | -4.4 |  -0.3   |  24.1   |
| 橡胶制品 | 300731 | 科创新源 | 35.0  | -78.5  | -6.6 |  21.1   |  16.3   |
+----------+--------+----------+-------+--------+------+---------+---------+
