[行业>市值]
+----------+--------+----------+--------+-------+------+---------+---------+
|   行业   |  代码  |   名称   |  市值  |  pe   | 涨幅 | 3日涨幅 | 6日涨幅 |
+----------+--------+----------+--------+-------+------+---------+---------+
| 汽车整车 | 601633 | 长城汽车 | 3909.0 | 59.8  | 3.0  |   4.4   |   8.3   |
| 汽车整车 | 600104 | 上汽集团 | 2189.0 |  9.9  | 1.8  |   2.1   |   4.5   |
| 汽车整车 | 000625 | 长安汽车 | 2019.0 | 11.1  | 10.0 |  23.1   |  39.9   |
| 汽车整车 | 601238 | 广汽集团 | 1834.0 | 15.2  | -1.4 |   0.2   |   3.5   |
| 汽车整车 | 601127 | 小康股份 | 1193.0 | -35.6 | 6.7  |  13.5   |  21.9   |
| 汽车整车 | 000800 | 一汽解放 | 472.4  | 26.1  | 5.5  |   3.8   |   4.3   |
| 汽车整车 | 600733 | 北汽蓝谷 | 440.3  | -11.5 | 2.6  |   8.2   |  11.6   |
| 汽车整车 | 600418 | 江淮汽车 | 346.4  | -29.8 | 7.0  |  16.3   |  16.7   |
| 汽车整车 | 601777 | 力帆科技 | 265.0  | 130.3 | 2.6  |   9.1   |   9.1   |
| 汽车整车 | 301039 | 中集车辆 | 244.9  | 49.2  | 0.6  |   3.0   |  17.9   |
| 汽车整车 | 600066 | 宇通客车 | 209.9  | -45.4 | 5.2  |   3.0   |  16.2   |
| 汽车整车 | 600166 | 福田汽车 | 205.1  | 37.9  | 5.4  |   5.4   |  13.0   |
| 汽车整车 | 000980 |  ST众泰  | 185.0  | -29.5 | 1.4  |  -1.1   |  -0.8   |
| 汽车整车 | 600006 | 东风汽车 | 175.6  | 37.0  | 10.0 |   7.5   |  12.4   |
| 汽车整车 | 000951 | 中国重汽 | 164.4  | 33.1  | 5.3  |   3.6   |   9.8   |
| 汽车整车 | 000550 | 江铃汽车 | 153.2  | 19.8  | 1.0  |   5.6   |  15.6   |
| 汽车整车 | 000957 | 中通客车 | 126.4  | -89.6 | 0.0  |   0.0   |   2.1   |
| 汽车整车 | 000572 | 海马汽车 | 117.6  | -48.2 | 10.0 |  10.8   |  15.5   |
| 汽车整车 | 000868 | 安凯客车 |  59.8  | -37.4 | 10.0 |  33.0   |  55.2   |
| 汽车整车 | 600686 | 金龙汽车 |  57.7  | 372.2 | 5.9  |   7.9   |  24.4   |
| 汽车整车 | 600213 | 亚星客车 |  32.8  | -18.8 | 10.0 |  21.2   |  35.5   |
| 汽车整车 | 600303 |  ST曙光  |  25.1  | -19.2 | 2.5  |   5.7   |  10.8   |
| 汽车整车 | 002594 |  比亚迪  |  0.0   | 317.7 | 0.9  |  -0.2   |   3.1   |
+----------+--------+----------+--------+-------+------+---------+---------+
 




 [行业>单日涨幅]
+----------+--------+----------+--------+-------+------+---------+---------+
|   行业   |  代码  |   名称   |  市值  |  pe   | 涨幅 | 3日涨幅 | 6日涨幅 |
+----------+--------+----------+--------+-------+------+---------+---------+
| 汽车整车 | 600006 | 东风汽车 | 175.6  | 37.0  | 10.0 |   7.5   |  12.4   |
| 汽车整车 | 000625 | 长安汽车 | 2019.0 | 11.1  | 10.0 |  23.1   |  39.9   |
| 汽车整车 | 000572 | 海马汽车 | 117.6  | -48.2 | 10.0 |  10.8   |  15.5   |
| 汽车整车 | 000868 | 安凯客车 |  59.8  | -37.4 | 10.0 |  33.0   |  55.2   |
| 汽车整车 | 600213 | 亚星客车 |  32.8  | -18.8 | 10.0 |  21.2   |  35.5   |
| 汽车整车 | 600418 | 江淮汽车 | 346.4  | -29.8 | 7.0  |  16.3   |  16.7   |
| 汽车整车 | 601127 | 小康股份 | 1193.0 | -35.6 | 6.7  |  13.5   |  21.9   |
| 汽车整车 | 600686 | 金龙汽车 |  57.7  | 372.2 | 5.9  |   7.9   |  24.4   |
| 汽车整车 | 000800 | 一汽解放 | 472.4  | 26.1  | 5.5  |   3.8   |   4.3   |
| 汽车整车 | 600166 | 福田汽车 | 205.1  | 37.9  | 5.4  |   5.4   |  13.0   |
| 汽车整车 | 000951 | 中国重汽 | 164.4  | 33.1  | 5.3  |   3.6   |   9.8   |
| 汽车整车 | 600066 | 宇通客车 | 209.9  | -45.4 | 5.2  |   3.0   |  16.2   |
| 汽车整车 | 601633 | 长城汽车 | 3909.0 | 59.8  | 3.0  |   4.4   |   8.3   |
| 汽车整车 | 601777 | 力帆科技 | 265.0  | 130.3 | 2.6  |   9.1   |   9.1   |
| 汽车整车 | 600733 | 北汽蓝谷 | 440.3  | -11.5 | 2.6  |   8.2   |  11.6   |
| 汽车整车 | 600303 |  ST曙光  |  25.1  | -19.2 | 2.5  |   5.7   |  10.8   |
| 汽车整车 | 600104 | 上汽集团 | 2189.0 |  9.9  | 1.8  |   2.1   |   4.5   |
| 汽车整车 | 000980 |  ST众泰  | 185.0  | -29.5 | 1.4  |  -1.1   |  -0.8   |
| 汽车整车 | 000550 | 江铃汽车 | 153.2  | 19.8  | 1.0  |   5.6   |  15.6   |
| 汽车整车 | 002594 |  比亚迪  |  0.0   | 317.7 | 0.9  |  -0.2   |   3.1   |
| 汽车整车 | 301039 | 中集车辆 | 244.9  | 49.2  | 0.6  |   3.0   |  17.9   |
| 汽车整车 | 000957 | 中通客车 | 126.4  | -89.6 | 0.0  |   0.0   |   2.1   |
| 汽车整车 | 601238 | 广汽集团 | 1834.0 | 15.2  | -1.4 |   0.2   |   3.5   |
+----------+--------+----------+--------+-------+------+---------+---------+
