[行业>市值]
+----------+--------+----------+--------+-------+-------+---------+---------+
|   行业   |  代码  |   名称   |  市值  |  pe   | 涨幅  | 3日涨幅 | 6日涨幅 |
+----------+--------+----------+--------+-------+-------+---------+---------+
| 石油行业 | 601857 | XD中国石 | 9810.0 |  6.3  |  1.3  |   1.1   |   0.1   |
| 石油行业 | 600938 | 中国海油 | 8656.0 |  6.3  |  3.1  |   5.6   |   6.3   |
| 石油行业 | 600028 | 中国石化 | 4964.0 |  5.5  |  0.0  |   0.7   |   0.7   |
| 石油行业 | 600256 | 广汇能源 | 697.3  |  7.9  |  8.3  |  12.1   |  18.5   |
| 石油行业 | 600688 | 上海石化 | 349.6  | 40.9  |  0.9  |   0.0   |  -1.2   |
| 石油行业 | 600777 | 新潮能源 | 187.7  |  8.9  | 10.0  |  10.0   |   8.2   |
| 石油行业 | 002221 | 东华能源 | 154.7  | 36.2  |  6.0  |   8.7   |   7.2   |
| 石油行业 | 000059 | 华锦股份 |  96.3  |  8.5  |  0.3  |  -0.3   |  -2.1   |
| 石油行业 | 600759 |  ST洲际  |  56.8  | 18.3  |  5.0  |   1.2   |  -0.4   |
| 石油行业 | 000096 | 广聚能源 |  52.5  | 139.9 |  4.1  |   1.4   |  -2.3   |
| 石油行业 | 000819 | 岳阳兴长 |  42.4  | 89.9  |  2.2  |   7.3   |  -1.5   |
| 石油行业 | 000698 | 沈阳化工 |  36.5  | -8.0  |  1.4  |   2.1   |  -0.2   |
| 石油行业 | 603353 | 和顺石油 |  33.2  | 40.3  |  1.2  |   1.8   |  -3.8   |
| 石油行业 | 000159 | 国际实业 |  31.7  | 37.6  |  2.6  |   8.6   |  10.9   |
| 石油行业 | 600387 |  ST海越  |  30.7  | 44.8  |  1.1  |   3.3   |   2.5   |
| 石油行业 | 000554 | 泰山石油 |  26.3  | 231.4 |  1.3  |   2.0   |   0.6   |
| 石油行业 | 000637 | 茂化实华 |  24.4  | -80.9 |  1.1  |  -0.8   |  -4.7   |
| 石油行业 | 300839 | 博汇股份 |  23.9  | 29.4  |  0.5  |   1.7   |  -0.7   |
| 石油行业 | 603798 |  康普顿  |  20.6  | 16.8  |  1.9  |   3.2   |   1.9   |
| 石油行业 | 002778 | 中晟高科 |  16.8  | 378.3 |  3.1  |   4.8   |   2.1   |
| 石油行业 | 300023 |  宝德退  |  3.4   | 15.5  | -11.4 |  -14.8  |  -14.2  |
+----------+--------+----------+--------+-------+-------+---------+---------+
 




 [行业>单日涨幅]
+----------+--------+----------+--------+-------+-------+---------+---------+
|   行业   |  代码  |   名称   |  市值  |  pe   | 涨幅  | 3日涨幅 | 6日涨幅 |
+----------+--------+----------+--------+-------+-------+---------+---------+
| 石油行业 | 600777 | 新潮能源 | 187.7  |  8.9  | 10.0  |  10.0   |   8.2   |
| 石油行业 | 600256 | 广汇能源 | 697.3  |  7.9  |  8.3  |  12.1   |  18.5   |
| 石油行业 | 002221 | 东华能源 | 154.7  | 36.2  |  6.0  |   8.7   |   7.2   |
| 石油行业 | 600759 |  ST洲际  |  56.8  | 18.3  |  5.0  |   1.2   |  -0.4   |
| 石油行业 | 000096 | 广聚能源 |  52.5  | 139.9 |  4.1  |   1.4   |  -2.3   |
| 石油行业 | 600938 | 中国海油 | 8656.0 |  6.3  |  3.1  |   5.6   |   6.3   |
| 石油行业 | 002778 | 中晟高科 |  16.8  | 378.3 |  3.1  |   4.8   |   2.1   |
| 石油行业 | 000159 | 国际实业 |  31.7  | 37.6  |  2.6  |   8.6   |  10.9   |
| 石油行业 | 000819 | 岳阳兴长 |  42.4  | 89.9  |  2.2  |   7.3   |  -1.5   |
| 石油行业 | 603798 |  康普顿  |  20.6  | 16.8  |  1.9  |   3.2   |   1.9   |
| 石油行业 | 000698 | 沈阳化工 |  36.5  | -8.0  |  1.4  |   2.1   |  -0.2   |
| 石油行业 | 601857 | XD中国石 | 9810.0 |  6.3  |  1.3  |   1.1   |   0.1   |
| 石油行业 | 000554 | 泰山石油 |  26.3  | 231.4 |  1.3  |   2.0   |   0.6   |
| 石油行业 | 603353 | 和顺石油 |  33.2  | 40.3  |  1.2  |   1.8   |  -3.8   |
| 石油行业 | 600387 |  ST海越  |  30.7  | 44.8  |  1.1  |   3.3   |   2.5   |
| 石油行业 | 000637 | 茂化实华 |  24.4  | -80.9 |  1.1  |  -0.8   |  -4.7   |
| 石油行业 | 600688 | 上海石化 | 349.6  | 40.9  |  0.9  |   0.0   |  -1.2   |
| 石油行业 | 300839 | 博汇股份 |  23.9  | 29.4  |  0.5  |   1.7   |  -0.7   |
| 石油行业 | 000059 | 华锦股份 |  96.3  |  8.5  |  0.3  |  -0.3   |  -2.1   |
| 石油行业 | 600028 | 中国石化 | 4964.0 |  5.5  |  0.0  |   0.7   |   0.7   |
| 石油行业 | 300023 |  宝德退  |  3.4   | 15.5  | -11.4 |  -14.8  |  -14.2  |
+----------+--------+----------+--------+-------+-------+---------+---------+
