[行业>市值]
+----------+--------+----------+-------+--------+------+---------+---------+
|   行业   |  代码  |   名称   | 市值  |   pe   | 涨幅 | 3日涨幅 | 6日涨幅 |
+----------+--------+----------+-------+--------+------+---------+---------+
| 综合行业 | 000009 | 中国宝安 | 360.6 |  54.6  | 0.7  |   0.2   |  -8.1   |
| 综合行业 | 600673 |  东阳光  | 274.3 |  23.8  | 2.2  |   2.8   |   0.4   |
| 综合行业 | 000958 | 电投产融 | 254.1 |  20.9  | 1.3  |  -0.4   |  -1.7   |
| 综合行业 | 600770 | 综艺股份 | 105.4 | -18.0  | 2.3  |   1.4   |   2.9   |
| 综合行业 | 000158 | 常山北明 | 97.4  | -28.1  | 0.8  |  -0.2   |  -0.3   |
| 综合行业 | 000839 |  ST国安  | 82.7  | -14.1  | -1.4 |   0.5   |   2.9   |
| 综合行业 | 000861 | 海印股份 | 70.8  |  17.5  | 0.7  |   3.3   |   4.5   |
| 综合行业 | 002758 | 浙农股份 | 68.8  |  12.3  | 1.1  |  -1.9   |   2.1   |
| 综合行业 | 000833 | 粤桂股份 | 62.6  |  43.9  | 5.3  |   3.0   |   5.6   |
| 综合行业 | 000652 | 泰达股份 | 60.2  | 388.1  | 1.0  |  -2.6   |   6.5   |
| 综合行业 | 000803 | 北清环能 | 55.5  |  34.4  | 0.7  |  -1.7   |  -3.9   |
| 综合行业 | 000576 | 甘化科工 | 50.7  |  50.3  | 0.8  |  -0.1   |  -0.6   |
| 综合行业 | 600784 | 鲁银投资 | 49.6  |  21.2  | 3.8  |   4.3   |   5.8   |
| 综合行业 | 600624 | 复旦复华 | 47.7  | 207.2  | -0.4 |   0.7   |  -2.9   |
| 综合行业 | 000909 | 数源科技 | 44.4  | 227.8  | 0.2  |  -1.8   |  -6.4   |
| 综合行业 | 600805 | 悦达投资 | 43.8  |  13.1  | 2.4  |   2.4   |   0.6   |
| 综合行业 | 000532 | 华金资本 | 41.7  |  74.5  | 0.0  |  -0.2   |   1.8   |
| 综合行业 | 600568 |  ST中珠  | 32.3  | -196.5 | 1.2  |  -1.2   |  -2.4   |
| 综合行业 | 600113 | 浙江东日 | 31.2  |  17.1  | 5.0  |   6.5   |   4.5   |
| 综合行业 | 000409 | 云鼎科技 | 28.7  | 275.7  | 2.5  |   3.1   |   1.3   |
| 综合行业 | 600051 | 宁波联合 | 21.2  | -95.1  | 1.5  |   3.2   |   4.3   |
| 综合行业 | 000632 | 三木集团 | 20.0  |  79.1  | 1.7  |   3.9   |   2.6   |
| 综合行业 | 002591 | 恒大高新 | 15.5  | -142.2 | 2.2  |   2.4   |   1.6   |
+----------+--------+----------+-------+--------+------+---------+---------+
 




 [行业>单日涨幅]
+----------+--------+----------+-------+--------+------+---------+---------+
|   行业   |  代码  |   名称   | 市值  |   pe   | 涨幅 | 3日涨幅 | 6日涨幅 |
+----------+--------+----------+-------+--------+------+---------+---------+
| 综合行业 | 000833 | 粤桂股份 | 62.6  |  43.9  | 5.3  |   3.0   |   5.6   |
| 综合行业 | 600113 | 浙江东日 | 31.2  |  17.1  | 5.0  |   6.5   |   4.5   |
| 综合行业 | 600784 | 鲁银投资 | 49.6  |  21.2  | 3.8  |   4.3   |   5.8   |
| 综合行业 | 000409 | 云鼎科技 | 28.7  | 275.7  | 2.5  |   3.1   |   1.3   |
| 综合行业 | 600805 | 悦达投资 | 43.8  |  13.1  | 2.4  |   2.4   |   0.6   |
| 综合行业 | 600770 | 综艺股份 | 105.4 | -18.0  | 2.3  |   1.4   |   2.9   |
| 综合行业 | 600673 |  东阳光  | 274.3 |  23.8  | 2.2  |   2.8   |   0.4   |
| 综合行业 | 002591 | 恒大高新 | 15.5  | -142.2 | 2.2  |   2.4   |   1.6   |
| 综合行业 | 000632 | 三木集团 | 20.0  |  79.1  | 1.7  |   3.9   |   2.6   |
| 综合行业 | 600051 | 宁波联合 | 21.2  | -95.1  | 1.5  |   3.2   |   4.3   |
| 综合行业 | 000958 | 电投产融 | 254.1 |  20.9  | 1.3  |  -0.4   |  -1.7   |
| 综合行业 | 600568 |  ST中珠  | 32.3  | -196.5 | 1.2  |  -1.2   |  -2.4   |
| 综合行业 | 002758 | 浙农股份 | 68.8  |  12.3  | 1.1  |  -1.9   |   2.1   |
| 综合行业 | 000652 | 泰达股份 | 60.2  | 388.1  | 1.0  |  -2.6   |   6.5   |
| 综合行业 | 000158 | 常山北明 | 97.4  | -28.1  | 0.8  |  -0.2   |  -0.3   |
| 综合行业 | 000576 | 甘化科工 | 50.7  |  50.3  | 0.8  |  -0.1   |  -0.6   |
| 综合行业 | 000009 | 中国宝安 | 360.6 |  54.6  | 0.7  |   0.2   |  -8.1   |
| 综合行业 | 000861 | 海印股份 | 70.8  |  17.5  | 0.7  |   3.3   |   4.5   |
| 综合行业 | 000803 | 北清环能 | 55.5  |  34.4  | 0.7  |  -1.7   |  -3.9   |
| 综合行业 | 000909 | 数源科技 | 44.4  | 227.8  | 0.2  |  -1.8   |  -6.4   |
| 综合行业 | 000532 | 华金资本 | 41.7  |  74.5  | 0.0  |  -0.2   |   1.8   |
| 综合行业 | 600624 | 复旦复华 | 47.7  | 207.2  | -0.4 |   0.7   |  -2.9   |
| 综合行业 | 000839 |  ST国安  | 82.7  | -14.1  | -1.4 |   0.5   |   2.9   |
+----------+--------+----------+-------+--------+------+---------+---------+
