[行业>市值]
+----------+--------+----------+--------+----------+------+---------+---------+
|   行业   |  代码  |   名称   |  市值  |    pe    | 涨幅 | 3日涨幅 | 6日涨幅 |
+----------+--------+----------+--------+----------+------+---------+---------+
| 美容护理 | 300896 |  爱美客  | 1247.0 |  111.3   | -1.4 |   2.9   |   1.3   |
| 美容护理 | 300957 |  贝泰妮  | 932.8  |  159.7   | -1.2 |   3.9   |   3.4   |
| 美容护理 | 688363 | 华熙生物 | 663.2  |   83.0   | -2.2 |  -7.1   |  -7.6   |
| 美容护理 | 603605 |  珀莱雅  | 456.7  |   72.1   | 1.4  |   3.2   |   3.6   |
| 美容护理 | 300888 | 稳健医疗 | 283.7  |   19.9   | 2.4  |   6.5   |   3.9   |
| 美容护理 | 600315 | 上海家化 | 256.1  |   32.1   | 0.6  |   2.7   |  -2.4   |
| 美容护理 | 002511 | 中顺洁柔 | 164.9  |   30.9   | 3.1  |   6.9   |   3.4   |
| 美容护理 | 002243 | 力合科创 | 128.0  |   91.9   | -0.3 |   5.6   |   8.9   |
| 美容护理 | 603983 | 丸美股份 | 106.8  |   40.8   | -1.6 |   2.1   |  -3.5   |
| 美容护理 | 300856 | 科思股份 |  66.8  |   28.8   | 4.5  |  -3.1   |  -6.1   |
| 美容护理 | 000523 | 广州浪奇 |  63.2  |  -123.0  | 1.8  |   0.8   |  -1.0   |
| 美容护理 | 605009 | 豪悦护理 |  59.5  |   27.1   | -0.4 |   0.9   |  -1.7   |
| 美容护理 | 000615 | 奥园美谷 |  55.8  |  -36.0   | 0.1  |   3.8   |  -0.3   |
| 美容护理 | 300740 | 水羊股份 |  53.2  |   32.0   | -0.1 |   4.1   |  -1.5   |
| 美容护理 | 003006 | 百亚股份 |  51.8  |   23.4   | -0.4 |   0.8   |  -1.3   |
| 美容护理 | 300132 | 青松股份 |  35.0  |  -14.3   | -1.2 |  -0.9   |  -5.5   |
| 美容护理 | 301009 | 可靠股份 |  34.8  |  444.1   | 1.6  |   1.9   |  -1.2   |
| 美容护理 | 603630 | 拉芳家化 |  31.6  |  -309.0  | 0.0  |  -0.5   |  -2.0   |
| 美容护理 | 002919 | 名臣健康 |  31.5  |  481.2   | 0.5  |   7.3   |   4.2   |
| 美容护理 | 001206 | 依依股份 |  29.7  |   40.5   | 2.5  |   3.0   |   1.4   |
| 美容护理 | 600249 |  两面针  |  28.1  |  -23.7   | 1.0  |   1.4   |   0.0   |
| 美容护理 | 002094 | 青岛金王 |  25.6  |   48.5   | -1.6 |  -3.4   |  -13.1  |
| 美容护理 | 300955 | 嘉亨家化 |  24.5  |   36.5   | 1.2  |   2.6   |  -1.1   |
| 美容护理 | 300886 | 华业香料 |  23.3  |   83.9   | -2.0 |   5.1   |   5.0   |
| 美容护理 | 300658 | 延江股份 |  20.8  |   77.6   | 2.6  |   2.8   |   4.9   |
| 美容护理 | 603238 | 诺邦股份 |  19.3  |   63.4   | 2.9  |   5.4   |   4.3   |
| 美容护理 | 603059 |  倍加洁  |  19.3  | -12769.1 | 3.5  |   5.6   |   6.0   |
| 美容护理 | 300849 | 锦盛新材 |  17.9  |  202.2   | 0.7  |   0.8   |   0.6   |
+----------+--------+----------+--------+----------+------+---------+---------+
 




 [行业>单日涨幅]
+----------+--------+----------+--------+----------+------+---------+---------+
|   行业   |  代码  |   名称   |  市值  |    pe    | 涨幅 | 3日涨幅 | 6日涨幅 |
+----------+--------+----------+--------+----------+------+---------+---------+
| 美容护理 | 300856 | 科思股份 |  66.8  |   28.8   | 4.5  |  -3.1   |  -6.1   |
| 美容护理 | 603059 |  倍加洁  |  19.3  | -12769.1 | 3.5  |   5.6   |   6.0   |
| 美容护理 | 002511 | 中顺洁柔 | 164.9  |   30.9   | 3.1  |   6.9   |   3.4   |
| 美容护理 | 603238 | 诺邦股份 |  19.3  |   63.4   | 2.9  |   5.4   |   4.3   |
| 美容护理 | 300658 | 延江股份 |  20.8  |   77.6   | 2.6  |   2.8   |   4.9   |
| 美容护理 | 001206 | 依依股份 |  29.7  |   40.5   | 2.5  |   3.0   |   1.4   |
| 美容护理 | 300888 | 稳健医疗 | 283.7  |   19.9   | 2.4  |   6.5   |   3.9   |
| 美容护理 | 000523 | 广州浪奇 |  63.2  |  -123.0  | 1.8  |   0.8   |  -1.0   |
| 美容护理 | 301009 | 可靠股份 |  34.8  |  444.1   | 1.6  |   1.9   |  -1.2   |
| 美容护理 | 603605 |  珀莱雅  | 456.7  |   72.1   | 1.4  |   3.2   |   3.6   |
| 美容护理 | 300955 | 嘉亨家化 |  24.5  |   36.5   | 1.2  |   2.6   |  -1.1   |
| 美容护理 | 600249 |  两面针  |  28.1  |  -23.7   | 1.0  |   1.4   |   0.0   |
| 美容护理 | 300849 | 锦盛新材 |  17.9  |  202.2   | 0.7  |   0.8   |   0.6   |
| 美容护理 | 600315 | 上海家化 | 256.1  |   32.1   | 0.6  |   2.7   |  -2.4   |
| 美容护理 | 002919 | 名臣健康 |  31.5  |  481.2   | 0.5  |   7.3   |   4.2   |
| 美容护理 | 000615 | 奥园美谷 |  55.8  |  -36.0   | 0.1  |   3.8   |  -0.3   |
| 美容护理 | 603630 | 拉芳家化 |  31.6  |  -309.0  | 0.0  |  -0.5   |  -2.0   |
| 美容护理 | 300740 | 水羊股份 |  53.2  |   32.0   | -0.1 |   4.1   |  -1.5   |
| 美容护理 | 002243 | 力合科创 | 128.0  |   91.9   | -0.3 |   5.6   |   8.9   |
| 美容护理 | 003006 | 百亚股份 |  51.8  |   23.4   | -0.4 |   0.8   |  -1.3   |
| 美容护理 | 605009 | 豪悦护理 |  59.5  |   27.1   | -0.4 |   0.9   |  -1.7   |
| 美容护理 | 300132 | 青松股份 |  35.0  |  -14.3   | -1.2 |  -0.9   |  -5.5   |
| 美容护理 | 300957 |  贝泰妮  | 932.8  |  159.7   | -1.2 |   3.9   |   3.4   |
| 美容护理 | 300896 |  爱美客  | 1247.0 |  111.3   | -1.4 |   2.9   |   1.3   |
| 美容护理 | 603983 | 丸美股份 | 106.8  |   40.8   | -1.6 |   2.1   |  -3.5   |
| 美容护理 | 002094 | 青岛金王 |  25.6  |   48.5   | -1.6 |  -3.4   |  -13.1  |
| 美容护理 | 300886 | 华业香料 |  23.3  |   83.9   | -2.0 |   5.1   |   5.0   |
| 美容护理 | 688363 | 华熙生物 | 663.2  |   83.0   | -2.2 |  -7.1   |  -7.6   |
+----------+--------+----------+--------+----------+------+---------+---------+
