[行业>市值]
+----------+--------+----------+-------+--------+------+---------+---------+
|   行业   |  代码  |   名称   | 市值  |   pe   | 涨幅 | 3日涨幅 | 6日涨幅 |
+----------+--------+----------+-------+--------+------+---------+---------+
| 铁路公路 | 001965 | 招商公路 | 466.5 |  10.7  | 1.1  |   0.7   |  -4.7   |
| 铁路公路 | 600377 | 宁沪高速 | 427.7 |  13.4  | 1.1  |   1.3   |   1.3   |
| 铁路公路 | 600350 | 山东高速 | 254.5 |  8.9   | 0.6  |   0.6   |   0.4   |
| 铁路公路 | 600548 |  深高速  | 206.1 |  12.5  | 0.1  |   0.5   |   0.8   |
| 铁路公路 | 000429 | 粤高速Ａ  | 170.0 |  9.9   | 0.0  |   0.0   |  -0.8   |
| 铁路公路 | 600662 | 外服控股 | 154.8 |  22.4  | 2.1  |   9.3   |   5.0   |
| 铁路公路 | 603032 | 德新交运 | 141.9 |  68.4  | -2.9 |  -1.9   |  -4.9   |
| 铁路公路 | 603069 | 海汽集团 | 131.5 | -201.7 | 0.0  |   0.0   |   1.9   |
| 铁路公路 | 600012 | 皖通高速 | 123.1 |  7.6   | 1.5  |   1.1   |   0.5   |
| 铁路公路 | 601107 | 四川成渝 | 121.4 |  12.1  | -0.2 |  -1.7   |  -3.6   |
| 铁路公路 | 000828 | 东莞控股 | 107.0 |  15.7  | 1.7  |   0.7   |   2.3   |
| 铁路公路 | 600269 | 赣粤高速 | 81.5  |  6.1   | 0.9  |   0.6   |   0.9   |
| 铁路公路 | 600033 | 福建高速 | 80.4  |  8.9   | 0.3  |   1.4   |   2.5   |
| 铁路公路 | 600611 | 大众交通 | 76.1  |  -7.3  | 1.3  |   0.9   |   1.6   |
| 铁路公路 | 600020 | 中原高速 | 69.9  |  12.4  | 0.3  |   0.3   |   0.0   |
| 铁路公路 | 600650 | 锦江在线 | 68.5  |  3.0   | -0.4 |   1.9   |  -6.4   |
| 铁路公路 | 600620 | 天宸股份 | 67.4  | -69.5  | -3.9 |   7.7   |   7.2   |
| 铁路公路 | 000900 | 现代投资 | 63.8  |  9.9   | 0.2  |   0.7   |  -2.1   |
| 铁路公路 | 600106 | 重庆路桥 | 59.9  |  99.3  | 8.7  |  10.0   |  11.3   |
| 铁路公路 | 000885 | 城发环境 | 59.7  |  6.7   | 2.2  |   2.6   |   2.0   |
| 铁路公路 | 000755 | 山西路桥 | 58.2  |  15.1  | 2.1  |   1.8   |  -0.5   |
| 铁路公路 | 600035 | 楚天高速 | 52.6  |  5.3   | 0.6  |   1.6   |   1.2   |
| 铁路公路 | 002627 | 三峡旅游 | 45.3  |  79.6  | 3.0  |   6.0   |   6.2   |
| 铁路公路 | 600368 | 五洲交通 | 43.5  |  6.0   | 1.3  |   0.2   |  -1.1   |
| 铁路公路 | 600834 | 申通地铁 | 43.1  |  59.2  | 0.5  |  -2.6   |   2.7   |
| 铁路公路 | 601188 | 龙江交通 | 41.6  |  17.6  | 1.9  |   0.0   |  -1.9   |
| 铁路公路 | 601518 | 吉林高速 | 35.6  |  10.5  | 1.5  |   0.4   |   0.5   |
| 铁路公路 | 000548 | 湖南投资 | 22.7  |  68.9  | 1.6  |   1.3   |   0.0   |
| 铁路公路 | 002357 | 富临运业 | 17.9  |  9.8   | 1.4  |   4.6   |   5.0   |
| 铁路公路 | 600561 | 江西长运 | 15.5  | -24.1  | 2.4  |   4.4   |   6.2   |
+----------+--------+----------+-------+--------+------+---------+---------+
 




 [行业>单日涨幅]
+----------+--------+----------+-------+--------+------+---------+---------+
|   行业   |  代码  |   名称   | 市值  |   pe   | 涨幅 | 3日涨幅 | 6日涨幅 |
+----------+--------+----------+-------+--------+------+---------+---------+
| 铁路公路 | 600106 | 重庆路桥 | 59.9  |  99.3  | 8.7  |  10.0   |  11.3   |
| 铁路公路 | 002627 | 三峡旅游 | 45.3  |  79.6  | 3.0  |   6.0   |   6.2   |
| 铁路公路 | 600561 | 江西长运 | 15.5  | -24.1  | 2.4  |   4.4   |   6.2   |
| 铁路公路 | 000885 | 城发环境 | 59.7  |  6.7   | 2.2  |   2.6   |   2.0   |
| 铁路公路 | 600662 | 外服控股 | 154.8 |  22.4  | 2.1  |   9.3   |   5.0   |
| 铁路公路 | 000755 | 山西路桥 | 58.2  |  15.1  | 2.1  |   1.8   |  -0.5   |
| 铁路公路 | 601188 | 龙江交通 | 41.6  |  17.6  | 1.9  |   0.0   |  -1.9   |
| 铁路公路 | 000828 | 东莞控股 | 107.0 |  15.7  | 1.7  |   0.7   |   2.3   |
| 铁路公路 | 000548 | 湖南投资 | 22.7  |  68.9  | 1.6  |   1.3   |   0.0   |
| 铁路公路 | 601518 | 吉林高速 | 35.6  |  10.5  | 1.5  |   0.4   |   0.5   |
| 铁路公路 | 600012 | 皖通高速 | 123.1 |  7.6   | 1.5  |   1.1   |   0.5   |
| 铁路公路 | 002357 | 富临运业 | 17.9  |  9.8   | 1.4  |   4.6   |   5.0   |
| 铁路公路 | 600368 | 五洲交通 | 43.5  |  6.0   | 1.3  |   0.2   |  -1.1   |
| 铁路公路 | 600611 | 大众交通 | 76.1  |  -7.3  | 1.3  |   0.9   |   1.6   |
| 铁路公路 | 001965 | 招商公路 | 466.5 |  10.7  | 1.1  |   0.7   |  -4.7   |
| 铁路公路 | 600377 | 宁沪高速 | 427.7 |  13.4  | 1.1  |   1.3   |   1.3   |
| 铁路公路 | 600269 | 赣粤高速 | 81.5  |  6.1   | 0.9  |   0.6   |   0.9   |
| 铁路公路 | 600035 | 楚天高速 | 52.6  |  5.3   | 0.6  |   1.6   |   1.2   |
| 铁路公路 | 600350 | 山东高速 | 254.5 |  8.9   | 0.6  |   0.6   |   0.4   |
| 铁路公路 | 600834 | 申通地铁 | 43.1  |  59.2  | 0.5  |  -2.6   |   2.7   |
| 铁路公路 | 600033 | 福建高速 | 80.4  |  8.9   | 0.3  |   1.4   |   2.5   |
| 铁路公路 | 600020 | 中原高速 | 69.9  |  12.4  | 0.3  |   0.3   |   0.0   |
| 铁路公路 | 000900 | 现代投资 | 63.8  |  9.9   | 0.2  |   0.7   |  -2.1   |
| 铁路公路 | 600548 |  深高速  | 206.1 |  12.5  | 0.1  |   0.5   |   0.8   |
| 铁路公路 | 000429 | 粤高速Ａ  | 170.0 |  9.9   | 0.0  |   0.0   |  -0.8   |
| 铁路公路 | 603069 | 海汽集团 | 131.5 | -201.7 | 0.0  |   0.0   |   1.9   |
| 铁路公路 | 601107 | 四川成渝 | 121.4 |  12.1  | -0.2 |  -1.7   |  -3.6   |
| 铁路公路 | 600650 | 锦江在线 | 68.5  |  3.0   | -0.4 |   1.9   |  -6.4   |
| 铁路公路 | 603032 | 德新交运 | 141.9 |  68.4  | -2.9 |  -1.9   |  -4.9   |
| 铁路公路 | 600620 | 天宸股份 | 67.4  | -69.5  | -3.9 |   7.7   |   7.2   |
+----------+--------+----------+-------+--------+------+---------+---------+
