[行业>市值]
+------------+--------+----------+--------+-------+------+---------+---------+
|    行业    |  代码  |   名称   |  市值  |  pe   | 涨幅 | 3日涨幅 | 6日涨幅 |
+------------+--------+----------+--------+-------+------+---------+---------+
| 非金属材料 | 603260 | 合盛硅业 | 1302.0 | 15.9  | 0.6  |   4.2   |  -4.5   |
| 非金属材料 | 603688 | 石英股份 | 488.4  | 139.8 | 0.2  |  13.2   |  13.4   |
| 非金属材料 | 300861 | 美畅股份 | 383.6  | 33.7  | -0.8 |  -1.1   |  -0.6   |
| 非金属材料 | 600516 | 方大炭素 | 298.0  | 221.0 | 3.9  |   4.5   |   3.2   |
| 非金属材料 | 603826 | 坤彩科技 | 261.7  | 245.2 | -1.7 |  -5.9   |  -12.9  |
| 非金属材料 | 300395 |  菲利华  | 241.6  | 66.9  | 3.1  |  14.8   |  11.7   |
| 非金属材料 | 688281 | 华秦科技 | 241.5  | 101.8 | 1.8  |  -12.6  |  -7.8   |
| 非金属材料 | 300035 | 中科电气 | 218.9  | 42.5  | 4.7  |   8.0   |   1.0   |
| 非金属材料 | 301071 | 力量钻石 | 189.1  | 46.8  | -6.5 |  -7.1   |  -11.8  |
| 非金属材料 | 603612 | 索通发展 | 169.1  | 26.7  | -0.8 |  -0.3   |   9.1   |
| 非金属材料 | 300409 | 道氏技术 | 156.8  | 22.9  | -0.4 |   3.6   |   1.7   |
| 非金属材料 | 688733 |  壹石通  | 144.0  | 82.6  | -1.2 |   2.9   |   4.0   |
| 非金属材料 | 600330 | 天通股份 | 131.8  | 30.1  | 2.0  |   8.5   |  11.4   |
| 非金属材料 | 600172 | 黄河旋风 | 129.2  | 112.5 | -2.2 |  -0.6   |  -2.8   |
| 非金属材料 | 688119 | 中钢洛耐 | 102.7  | 66.0  | 0.8  |   1.1   |   4.7   |
| 非金属材料 | 600783 | 鲁信创投 | 101.7  | 51.7  | 0.2  |  -2.1   |   0.9   |
| 非金属材料 | 002130 | 沃尔核材 |  78.4  | 18.3  | 3.3  |   3.7   |   5.8   |
| 非金属材料 | 688300 | 联瑞新材 |  70.7  | 41.4  | 2.4  |  12.7   |   6.2   |
| 非金属材料 | 688357 | 建龙微纳 |  70.5  | 40.2  | -0.1 |   0.0   |   2.2   |
| 非金属材料 | 001296 | 长江材料 |  27.9  | 48.6  | 2.8  |  13.1   |   8.7   |
| 非金属材料 | 300743 | 天地数码 |  16.3  | 55.2  | 2.2  |   3.8   |   5.4   |
+------------+--------+----------+--------+-------+------+---------+---------+
 




 [行业>单日涨幅]
+------------+--------+----------+--------+-------+------+---------+---------+
|    行业    |  代码  |   名称   |  市值  |  pe   | 涨幅 | 3日涨幅 | 6日涨幅 |
+------------+--------+----------+--------+-------+------+---------+---------+
| 非金属材料 | 300035 | 中科电气 | 218.9  | 42.5  | 4.7  |   8.0   |   1.0   |
| 非金属材料 | 600516 | 方大炭素 | 298.0  | 221.0 | 3.9  |   4.5   |   3.2   |
| 非金属材料 | 002130 | 沃尔核材 |  78.4  | 18.3  | 3.3  |   3.7   |   5.8   |
| 非金属材料 | 300395 |  菲利华  | 241.6  | 66.9  | 3.1  |  14.8   |  11.7   |
| 非金属材料 | 001296 | 长江材料 |  27.9  | 48.6  | 2.8  |  13.1   |   8.7   |
| 非金属材料 | 688300 | 联瑞新材 |  70.7  | 41.4  | 2.4  |  12.7   |   6.2   |
| 非金属材料 | 300743 | 天地数码 |  16.3  | 55.2  | 2.2  |   3.8   |   5.4   |
| 非金属材料 | 600330 | 天通股份 | 131.8  | 30.1  | 2.0  |   8.5   |  11.4   |
| 非金属材料 | 688281 | 华秦科技 | 241.5  | 101.8 | 1.8  |  -12.6  |  -7.8   |
| 非金属材料 | 688119 | 中钢洛耐 | 102.7  | 66.0  | 0.8  |   1.1   |   4.7   |
| 非金属材料 | 603260 | 合盛硅业 | 1302.0 | 15.9  | 0.6  |   4.2   |  -4.5   |
| 非金属材料 | 603688 | 石英股份 | 488.4  | 139.8 | 0.2  |  13.2   |  13.4   |
| 非金属材料 | 600783 | 鲁信创投 | 101.7  | 51.7  | 0.2  |  -2.1   |   0.9   |
| 非金属材料 | 688357 | 建龙微纳 |  70.5  | 40.2  | -0.1 |   0.0   |   2.2   |
| 非金属材料 | 300409 | 道氏技术 | 156.8  | 22.9  | -0.4 |   3.6   |   1.7   |
| 非金属材料 | 603612 | 索通发展 | 169.1  | 26.7  | -0.8 |  -0.3   |   9.1   |
| 非金属材料 | 300861 | 美畅股份 | 383.6  | 33.7  | -0.8 |  -1.1   |  -0.6   |
| 非金属材料 | 688733 |  壹石通  | 144.0  | 82.6  | -1.2 |   2.9   |   4.0   |
| 非金属材料 | 603826 | 坤彩科技 | 261.7  | 245.2 | -1.7 |  -5.9   |  -12.9  |
| 非金属材料 | 600172 | 黄河旋风 | 129.2  | 112.5 | -2.2 |  -0.6   |  -2.8   |
| 非金属材料 | 301071 | 力量钻石 | 189.1  | 46.8  | -6.5 |  -7.1   |  -11.8  |
+------------+--------+----------+--------+-------+------+---------+---------+
