[行业>市值]
+----------+--------+----------+-------+-------+------+---------+---------+
|   行业   |  代码  |   名称   | 市值  |  pe   | 涨幅 | 3日涨幅 | 6日涨幅 |
+----------+--------+----------+-------+-------+------+---------+---------+
| 专业服务 | 300012 | 华测检测 | 377.6 | 78.8  | -0.8 |  -1.0   |   5.2   |
| 专业服务 | 003035 | 南网能源 | 241.7 | 67.5  | -1.9 |   0.6   |   1.8   |
| 专业服务 | 301080 | 百普赛斯 | 126.8 | 59.3  | 4.8  |   5.8   |  10.9   |
| 专业服务 | 688133 | 泰坦科技 | 109.8 | 141.2 | -1.4 |  -7.7   |  -8.0   |
| 专业服务 | 300887 | 谱尼测试 | 106.6 | 483.8 | -0.8 |  -1.0   |   3.2   |
| 专业服务 | 002967 | 广电计量 | 100.0 | -31.5 | 1.6  |  -1.8   |  -3.7   |
| 专业服务 | 603060 | 国检集团 | 87.5  | -78.0 | 1.5  |   4.5   |   3.6   |
| 专业服务 | 300416 | 苏试试验 | 86.7  | 75.1  | -1.4 |  -0.2   |   0.3   |
| 专业服务 | 688179 |  阿拉丁  | 77.5  | 62.4  | 3.0  |   5.7   |  12.8   |
| 专业服务 | 603698 | 航天工程 | 70.3  | 96.0  | -0.3 |   0.7   |  -0.9   |
| 专业服务 | 300384 | 三联虹普 | 58.6  | 24.7  | 2.2  |   9.4   |   5.2   |
| 专业服务 | 301166 |  优宁维  | 52.5  | 60.4  | 0.6  |  -4.3   |  -6.8   |
| 专业服务 | 300215 |  电科院  | 49.2  | 84.3  | 0.9  |  -0.3   |  -1.7   |
| 专业服务 | 002564 | 天沃科技 | 41.6  | 555.4 | -2.2 |  -6.3   |   5.3   |
| 专业服务 | 002878 | 元隆雅图 | 39.4  | 10.7  | -1.1 |  -1.8   |  -2.5   |
| 专业服务 | 300962 | 中金辐照 | 38.7  | 34.0  | 0.8  |  -0.8   |  -1.6   |
| 专业服务 | 300797 | 钢研纳克 | 33.4  | 56.1  | 1.1  |   0.2   |  -1.6   |
| 专业服务 | 300572 | 安车检测 | 32.7  | 54.0  | -1.6 |   0.3   |   0.3   |
| 专业服务 | 603776 |  永安行  | 30.9  | 62.4  | 0.7  |   1.8   |   2.9   |
| 专业服务 | 301257 |  普蕊斯  | 30.0  | 76.9  | -0.1 |  -4.8   |  -5.9   |
| 专业服务 | 300938 | 信测标准 | 28.6  | 31.9  | 0.3  |  -4.9   |  -5.5   |
| 专业服务 | 301169 | 零点有数 | 28.0  | -58.3 | 5.6  |   3.1   |   3.1   |
| 专业服务 | 301228 | 实朴检测 | 25.5  | -44.1 | 1.0  |  -1.7   |  -3.1   |
| 专业服务 | 603183 |  建研院  | 24.5  | -60.3 | 0.0  |  -2.0   |  -3.3   |
| 专业服务 | 003008 | 开普检测 | 18.9  | 35.0  | 0.9  |  -0.8   |  -0.6   |
| 专业服务 | 301289 | 国缆检测 | 15.1  | 22.5  | 0.0  |   0.0   |   0.0   |
+----------+--------+----------+-------+-------+------+---------+---------+
 




 [行业>单日涨幅]
+----------+--------+----------+-------+-------+------+---------+---------+
|   行业   |  代码  |   名称   | 市值  |  pe   | 涨幅 | 3日涨幅 | 6日涨幅 |
+----------+--------+----------+-------+-------+------+---------+---------+
| 专业服务 | 301169 | 零点有数 | 28.0  | -58.3 | 5.6  |   3.1   |   3.1   |
| 专业服务 | 301080 | 百普赛斯 | 126.8 | 59.3  | 4.8  |   5.8   |  10.9   |
| 专业服务 | 688179 |  阿拉丁  | 77.5  | 62.4  | 3.0  |   5.7   |  12.8   |
| 专业服务 | 300384 | 三联虹普 | 58.6  | 24.7  | 2.2  |   9.4   |   5.2   |
| 专业服务 | 002967 | 广电计量 | 100.0 | -31.5 | 1.6  |  -1.8   |  -3.7   |
| 专业服务 | 603060 | 国检集团 | 87.5  | -78.0 | 1.5  |   4.5   |   3.6   |
| 专业服务 | 300797 | 钢研纳克 | 33.4  | 56.1  | 1.1  |   0.2   |  -1.6   |
| 专业服务 | 301228 | 实朴检测 | 25.5  | -44.1 | 1.0  |  -1.7   |  -3.1   |
| 专业服务 | 300215 |  电科院  | 49.2  | 84.3  | 0.9  |  -0.3   |  -1.7   |
| 专业服务 | 003008 | 开普检测 | 18.9  | 35.0  | 0.9  |  -0.8   |  -0.6   |
| 专业服务 | 300962 | 中金辐照 | 38.7  | 34.0  | 0.8  |  -0.8   |  -1.6   |
| 专业服务 | 603776 |  永安行  | 30.9  | 62.4  | 0.7  |   1.8   |   2.9   |
| 专业服务 | 301166 |  优宁维  | 52.5  | 60.4  | 0.6  |  -4.3   |  -6.8   |
| 专业服务 | 300938 | 信测标准 | 28.6  | 31.9  | 0.3  |  -4.9   |  -5.5   |
| 专业服务 | 603183 |  建研院  | 24.5  | -60.3 | 0.0  |  -2.0   |  -3.3   |
| 专业服务 | 301289 | 国缆检测 | 15.1  | 22.5  | 0.0  |   0.0   |   0.0   |
| 专业服务 | 301257 |  普蕊斯  | 30.0  | 76.9  | -0.1 |  -4.8   |  -5.9   |
| 专业服务 | 603698 | 航天工程 | 70.3  | 96.0  | -0.3 |   0.7   |  -0.9   |
| 专业服务 | 300887 | 谱尼测试 | 106.6 | 483.8 | -0.8 |  -1.0   |   3.2   |
| 专业服务 | 300012 | 华测检测 | 377.6 | 78.8  | -0.8 |  -1.0   |   5.2   |
| 专业服务 | 002878 | 元隆雅图 | 39.4  | 10.7  | -1.1 |  -1.8   |  -2.5   |
| 专业服务 | 688133 | 泰坦科技 | 109.8 | 141.2 | -1.4 |  -7.7   |  -8.0   |
| 专业服务 | 300416 | 苏试试验 | 86.7  | 75.1  | -1.4 |  -0.2   |   0.3   |
| 专业服务 | 300572 | 安车检测 | 32.7  | 54.0  | -1.6 |   0.3   |   0.3   |
| 专业服务 | 003035 | 南网能源 | 241.7 | 67.5  | -1.9 |   0.6   |   1.8   |
| 专业服务 | 002564 | 天沃科技 | 41.6  | 555.4 | -2.2 |  -6.3   |   5.3   |
+----------+--------+----------+-------+-------+------+---------+---------+
