[行业>市值]
+------+--------+----------+--------+------+------+---------+---------+
| 行业 |  代码  |   名称   |  市值  |  pe  | 涨幅 | 3日涨幅 | 6日涨幅 |
+------+--------+----------+--------+------+------+---------+---------+
| 保险 | 601318 | 中国平安 | 8069.0 | 9.8  | -1.8 |  -1.0   |   0.3   |
| 保险 | 601628 | 中国人寿 | 7106.0 | 11.7 | -2.0 |  -0.1   |   0.1   |
| 保险 | 601319 | 中国人保 | 2123.0 | 6.1  | -1.0 |   3.0   |   4.1   |
| 保险 | 601601 | 中国太保 | 2048.0 | 9.4  | -2.5 |  -1.2   |   1.0   |
| 保险 | 601336 | 新华保险 | 895.0  | 16.6 | -2.1 |  -0.8   |   1.9   |
| 保险 | 000627 | 天茂集团 | 144.8  | 24.6 | -2.3 |  -1.4   |  -0.3   |
+------+--------+----------+--------+------+------+---------+---------+
 




 [行业>单日涨幅]
+------+--------+----------+--------+------+------+---------+---------+
| 行业 |  代码  |   名称   |  市值  |  pe  | 涨幅 | 3日涨幅 | 6日涨幅 |
+------+--------+----------+--------+------+------+---------+---------+
| 保险 | 601319 | 中国人保 | 2123.0 | 6.1  | -1.0 |   3.0   |   4.1   |
| 保险 | 601318 | 中国平安 | 8069.0 | 9.8  | -1.8 |  -1.0   |   0.3   |
| 保险 | 601628 | 中国人寿 | 7106.0 | 11.7 | -2.0 |  -0.1   |   0.1   |
| 保险 | 601336 | 新华保险 | 895.0  | 16.6 | -2.1 |  -0.8   |   1.9   |
| 保险 | 000627 | 天茂集团 | 144.8  | 24.6 | -2.3 |  -1.4   |  -0.3   |
| 保险 | 601601 | 中国太保 | 2048.0 | 9.4  | -2.5 |  -1.2   |   1.0   |
+------+--------+----------+--------+------+------+---------+---------+
