[行业>市值]
+----------+--------+----------+-------+--------+------+---------+---------+
|   行业   |  代码  |   名称   | 市值  |   pe   | 涨幅 | 3日涨幅 | 6日涨幅 |
+----------+--------+----------+-------+--------+------+---------+---------+
| 包装材料 | 002191 | 劲嘉股份 | 146.6 |  12.1  | 2.1  |   3.4   |  11.5   |
| 包装材料 | 002701 |  奥瑞金  | 127.6 |  15.5  | -0.2 |  -0.2   |  -0.2   |
| 包装材料 | 600210 | 紫江企业 | 97.4  |  20.1  | 1.1  |   0.9   |  10.9   |
| 包装材料 | 601515 | 东风股份 | 88.8  |  18.3  | 7.1  |   6.6   |   9.6   |
| 包装材料 | 601968 | 宝钢包装 | 76.7  |  29.9  | 0.0  |  -2.2   |  -4.7   |
| 包装材料 | 002565 | 顺灏股份 | 57.1  | -494.2 | 10.0 |  12.5   |  36.1   |
| 包装材料 | 002303 |  美盈森  | 50.4  |  30.6  | -1.8 |  -1.8   |  -2.1   |
| 包装材料 | 600836 | 上海易连 | 46.7  | 536.1  | 1.9  |   0.6   |   0.6   |
| 包装材料 | 002735 | 王子新材 | 46.3  |  28.4  | -8.0 |  -11.0  |  -8.5   |
| 包装材料 | 301062 | 上海艾录 | 45.2  |  35.5  | 0.9  |  -2.1   |  -3.5   |
| 包装材料 | 000812 | 陕西金叶 | 45.1  | 173.5  | 5.2  |   3.9   |   8.5   |
| 包装材料 | 002752 | 昇兴股份 | 43.7  |  23.2  | 0.2  |  -0.5   |  -0.2   |
| 包装材料 | 002969 | 嘉美包装 | 43.0  | 183.3  | 10.1 |   8.5   |   9.0   |
| 包装材料 | 002228 | 合兴包装 | 42.1  |  20.1  | -0.9 |  -0.9   |  -2.3   |
| 包装材料 | 000659 | 珠海中富 | 41.0  | -52.7  | -2.5 |  -5.1   |  -7.0   |
| 包装材料 | 002014 | 永新股份 | 39.9  |  15.3  | -1.2 |  -0.8   |  -2.9   |
| 包装材料 | 603687 |  大胜达  | 37.7  |  38.6  | -0.1 |   5.8   |   5.2   |
| 包装材料 | 002951 | 金时科技 | 33.4  | 871.1  | 2.5  |   1.0   |   0.0   |
| 包装材料 | 002799 | 环球印务 | 28.8  |  26.2  | -2.1 |   5.2   |   7.6   |
| 包装材料 | 300501 | 海顺新材 | 27.8  |  27.2  | 2.6  |   0.7   |   0.6   |
| 包装材料 | 002599 | 盛通股份 | 26.1  | -26.3  | 10.1 |   7.1   |   6.9   |
| 包装材料 | 002846 | 英联股份 | 19.2  | -90.3  | 0.0  |  -1.0   |  -1.6   |
| 包装材料 | 603022 |  新通联  | 17.7  |  55.2  | -2.0 |   0.0   |  -1.7   |
| 包装材料 | 002787 | 华源控股 | 17.1  | 133.6  | -0.7 |  -2.9   |  -2.0   |
| 包装材料 | 003003 | 天元股份 | 15.8  | 1357.0 | -1.2 |  -0.8   |  -0.8   |
+----------+--------+----------+-------+--------+------+---------+---------+
 




 [行业>单日涨幅]
+----------+--------+----------+-------+--------+------+---------+---------+
|   行业   |  代码  |   名称   | 市值  |   pe   | 涨幅 | 3日涨幅 | 6日涨幅 |
+----------+--------+----------+-------+--------+------+---------+---------+
| 包装材料 | 002969 | 嘉美包装 | 43.0  | 183.3  | 10.1 |   8.5   |   9.0   |
| 包装材料 | 002599 | 盛通股份 | 26.1  | -26.3  | 10.1 |   7.1   |   6.9   |
| 包装材料 | 002565 | 顺灏股份 | 57.1  | -494.2 | 10.0 |  12.5   |  36.1   |
| 包装材料 | 601515 | 东风股份 | 88.8  |  18.3  | 7.1  |   6.6   |   9.6   |
| 包装材料 | 000812 | 陕西金叶 | 45.1  | 173.5  | 5.2  |   3.9   |   8.5   |
| 包装材料 | 300501 | 海顺新材 | 27.8  |  27.2  | 2.6  |   0.7   |   0.6   |
| 包装材料 | 002951 | 金时科技 | 33.4  | 871.1  | 2.5  |   1.0   |   0.0   |
| 包装材料 | 002191 | 劲嘉股份 | 146.6 |  12.1  | 2.1  |   3.4   |  11.5   |
| 包装材料 | 600836 | 上海易连 | 46.7  | 536.1  | 1.9  |   0.6   |   0.6   |
| 包装材料 | 600210 | 紫江企业 | 97.4  |  20.1  | 1.1  |   0.9   |  10.9   |
| 包装材料 | 301062 | 上海艾录 | 45.2  |  35.5  | 0.9  |  -2.1   |  -3.5   |
| 包装材料 | 002752 | 昇兴股份 | 43.7  |  23.2  | 0.2  |  -0.5   |  -0.2   |
| 包装材料 | 601968 | 宝钢包装 | 76.7  |  29.9  | 0.0  |  -2.2   |  -4.7   |
| 包装材料 | 002846 | 英联股份 | 19.2  | -90.3  | 0.0  |  -1.0   |  -1.6   |
| 包装材料 | 603687 |  大胜达  | 37.7  |  38.6  | -0.1 |   5.8   |   5.2   |
| 包装材料 | 002701 |  奥瑞金  | 127.6 |  15.5  | -0.2 |  -0.2   |  -0.2   |
| 包装材料 | 002787 | 华源控股 | 17.1  | 133.6  | -0.7 |  -2.9   |  -2.0   |
| 包装材料 | 002228 | 合兴包装 | 42.1  |  20.1  | -0.9 |  -0.9   |  -2.3   |
| 包装材料 | 002014 | 永新股份 | 39.9  |  15.3  | -1.2 |  -0.8   |  -2.9   |
| 包装材料 | 003003 | 天元股份 | 15.8  | 1357.0 | -1.2 |  -0.8   |  -0.8   |
| 包装材料 | 002303 |  美盈森  | 50.4  |  30.6  | -1.8 |  -1.8   |  -2.1   |
| 包装材料 | 603022 |  新通联  | 17.7  |  55.2  | -2.0 |   0.0   |  -1.7   |
| 包装材料 | 002799 | 环球印务 | 28.8  |  26.2  | -2.1 |   5.2   |   7.6   |
| 包装材料 | 000659 | 珠海中富 | 41.0  | -52.7  | -2.5 |  -5.1   |  -7.0   |
| 包装材料 | 002735 | 王子新材 | 46.3  |  28.4  | -8.0 |  -11.0  |  -8.5   |
+----------+--------+----------+-------+--------+------+---------+---------+
