[行业>市值]
+----------+--------+----------+--------+-------+------+---------+---------+
|   行业   |  代码  |   名称   |  市值  |  pe   | 涨幅 | 3日涨幅 | 6日涨幅 |
+----------+--------+----------+--------+-------+------+---------+---------+
| 化肥行业 | 000792 | 盐湖股份 | 1715.0 | 12.3  | -1.6 |  -2.9   |   3.8   |
| 化肥行业 | 600096 |  云天化  | 605.1  |  9.2  | 5.2  |  11.1   |  22.5   |
| 化肥行业 | 000408 | 藏格矿业 | 531.2  | 16.3  | 1.3  |   3.0   |  11.3   |
| 化肥行业 | 600141 | 兴发集团 | 496.9  |  7.2  | 3.9  |  10.1   |  19.5   |
| 化肥行业 | 000893 | 亚钾国际 | 293.1  | 26.1  | 1.0  |   9.7   |  16.7   |
| 化肥行业 | 000902 |  新洋丰  | 240.2  | 14.8  | 0.4  |   8.8   |  12.6   |
| 化肥行业 | 002312 | 川发龙蟒 | 234.5  | 21.5  | 2.5  |   1.3   |  18.8   |
| 化肥行业 | 002895 | 川恒股份 | 183.9  | 44.2  | -3.9 |  -2.7   |   6.2   |
| 化肥行业 | 002539 | 云图控股 | 182.6  |  9.8  | 0.1  |   8.6   |  19.0   |
| 化肥行业 | 603938 | 三孚股份 | 162.7  | 27.0  | 10.0 |  25.0   |  32.9   |
| 化肥行业 | 002556 | 辉隆股份 | 115.3  | 13.8  | -0.2 |   3.1   |   6.0   |
| 化肥行业 | 002274 | 华昌化工 | 105.0  | 10.8  | 0.3  |   5.2   |   5.8   |
| 化肥行业 | 600691 | 阳煤化工 | 101.7  | 27.5  | 1.9  |   4.4   |   8.6   |
| 化肥行业 | 002538 |  司尔特  |  95.8  | 15.5  | 10.0 |  21.8   |  29.0   |
| 化肥行业 | 000912 |  泸天化  |  92.0  | 16.4  | 0.9  |   3.9   |   6.7   |
| 化肥行业 | 002588 |  史丹利  |  82.5  | 13.8  | 0.3  |   3.9   |   4.4   |
| 化肥行业 | 600078 | *ST澄星  |  79.7  | 29.5  | 3.0  |  -1.0   |  -5.7   |
| 化肥行业 | 002470 |  ST金正  |  77.5  | -74.4 | 0.0  |   2.2   |   0.0   |
| 化肥行业 | 300505 |  川金诺  |  63.5  | 26.5  | 2.4  |   6.0   |  18.6   |
| 化肥行业 | 000731 | 四川美丰 |  58.5  |  8.2  | 1.9  |   5.3   |   8.9   |
| 化肥行业 | 002170 | 芭田股份 |  54.6  | 62.9  | 2.2  |   7.7   |   9.6   |
| 化肥行业 | 600470 | 六国化工 |  45.4  | 17.1  | 0.6  |   4.3   |  12.1   |
| 化肥行业 | 002999 | 天禾股份 |  28.2  | 50.5  | -2.6 |   2.4   |   7.8   |
| 化肥行业 | 300387 | 富邦股份 |  21.2  | 39.3  | 1.5  |   1.5   |  -0.3   |
| 化肥行业 | 000611 |  天首退  |  3.6   | -11.3 | 7.1  |   3.9   |  -69.5  |
+----------+--------+----------+--------+-------+------+---------+---------+
 




 [行业>单日涨幅]
+----------+--------+----------+--------+-------+------+---------+---------+
|   行业   |  代码  |   名称   |  市值  |  pe   | 涨幅 | 3日涨幅 | 6日涨幅 |
+----------+--------+----------+--------+-------+------+---------+---------+
| 化肥行业 | 603938 | 三孚股份 | 162.7  | 27.0  | 10.0 |  25.0   |  32.9   |
| 化肥行业 | 002538 |  司尔特  |  95.8  | 15.5  | 10.0 |  21.8   |  29.0   |
| 化肥行业 | 000611 |  天首退  |  3.6   | -11.3 | 7.1  |   3.9   |  -69.5  |
| 化肥行业 | 600096 |  云天化  | 605.1  |  9.2  | 5.2  |  11.1   |  22.5   |
| 化肥行业 | 600141 | 兴发集团 | 496.9  |  7.2  | 3.9  |  10.1   |  19.5   |
| 化肥行业 | 600078 | *ST澄星  |  79.7  | 29.5  | 3.0  |  -1.0   |  -5.7   |
| 化肥行业 | 002312 | 川发龙蟒 | 234.5  | 21.5  | 2.5  |   1.3   |  18.8   |
| 化肥行业 | 300505 |  川金诺  |  63.5  | 26.5  | 2.4  |   6.0   |  18.6   |
| 化肥行业 | 002170 | 芭田股份 |  54.6  | 62.9  | 2.2  |   7.7   |   9.6   |
| 化肥行业 | 000731 | 四川美丰 |  58.5  |  8.2  | 1.9  |   5.3   |   8.9   |
| 化肥行业 | 600691 | 阳煤化工 | 101.7  | 27.5  | 1.9  |   4.4   |   8.6   |
| 化肥行业 | 300387 | 富邦股份 |  21.2  | 39.3  | 1.5  |   1.5   |  -0.3   |
| 化肥行业 | 000408 | 藏格矿业 | 531.2  | 16.3  | 1.3  |   3.0   |  11.3   |
| 化肥行业 | 000893 | 亚钾国际 | 293.1  | 26.1  | 1.0  |   9.7   |  16.7   |
| 化肥行业 | 000912 |  泸天化  |  92.0  | 16.4  | 0.9  |   3.9   |   6.7   |
| 化肥行业 | 600470 | 六国化工 |  45.4  | 17.1  | 0.6  |   4.3   |  12.1   |
| 化肥行业 | 000902 |  新洋丰  | 240.2  | 14.8  | 0.4  |   8.8   |  12.6   |
| 化肥行业 | 002588 |  史丹利  |  82.5  | 13.8  | 0.3  |   3.9   |   4.4   |
| 化肥行业 | 002274 | 华昌化工 | 105.0  | 10.8  | 0.3  |   5.2   |   5.8   |
| 化肥行业 | 002539 | 云图控股 | 182.6  |  9.8  | 0.1  |   8.6   |  19.0   |
| 化肥行业 | 002470 |  ST金正  |  77.5  | -74.4 | 0.0  |   2.2   |   0.0   |
| 化肥行业 | 002556 | 辉隆股份 | 115.3  | 13.8  | -0.2 |   3.1   |   6.0   |
| 化肥行业 | 000792 | 盐湖股份 | 1715.0 | 12.3  | -1.6 |  -2.9   |   3.8   |
| 化肥行业 | 002999 | 天禾股份 |  28.2  | 50.5  | -2.6 |   2.4   |   7.8   |
| 化肥行业 | 002895 | 川恒股份 | 183.9  | 44.2  | -3.9 |  -2.7   |   6.2   |
+----------+--------+----------+--------+-------+------+---------+---------+
