[行业>市值]
+----------+--------+----------+-------+--------+------+---------+---------+
|   行业   |  代码  |   名称   | 市值  |   pe   | 涨幅 | 3日涨幅 | 6日涨幅 |
+----------+--------+----------+-------+--------+------+---------+---------+
| 多元金融 | 000617 | 中油资本 | 611.9 |  8.9   | -1.2 |   0.0   |   0.2   |
| 多元金融 | 600705 | 中航产融 | 312.2 | 681.4  | -0.6 |   1.7   |   3.2   |
| 多元金融 | 000987 | 越秀金控 | 304.0 |  13.0  | -0.2 |   2.1   |   3.9   |
| 多元金融 | 600927 | 永安期货 | 286.0 | 219.4  | -1.6 |  -0.5   |   0.9   |
| 多元金融 | 600816 |  ST安信  | 232.4 | -12.2  | -2.5 |   1.4   |  -1.9   |
| 多元金融 | 600390 | 五矿资本 | 217.3 |  7.7   | -3.4 |  -0.2   |   0.4   |
| 多元金融 | 002423 | 中粮资本 | 159.4 | -11.6  | -1.8 |  -1.7   |  -2.5   |
| 多元金融 | 600901 | 江苏租赁 | 150.2 |  6.1   | -0.2 |   2.0   |   0.4   |
| 多元金融 | 000567 | 海德股份 | 146.7 |  28.8  | 3.4  |   5.2   |   8.8   |
| 多元金融 | 000415 | 渤海租赁 | 131.7 |  -4.5  | -1.8 |  -1.4   |   0.5   |
| 多元金融 | 000563 | 陕国投Ａ  | 121.3 |  17.2  | -1.6 |   0.7   |   1.3   |
| 多元金融 | 600120 | 浙江东方 | 114.4 |  71.6  | 0.2  |   1.0   |   0.8   |
| 多元金融 | 600643 | 爱建集团 | 99.1  |  8.3   | -1.4 |   0.2   |   0.5   |
| 多元金融 | 002961 | 瑞达期货 | 76.3  |  20.0  | -0.1 |   1.4   |   3.1   |
| 多元金融 | 000046 | 泛海控股 | 75.9  |  -2.4  | 0.0  |  -1.4   |  -0.7   |
| 多元金融 | 600053 | 九鼎投资 | 74.0  |  41.7  | -2.1 |   1.8   |  -0.3   |
| 多元金融 | 603093 | 南华期货 | 64.5  |  57.4  | 0.1  |   1.3   |   4.0   |
| 多元金融 | 000666 | 经纬纺机 | 61.6  |  11.3  | 0.7  |   0.5   |  -1.1   |
| 多元金融 | 600318 | 新力金融 | 39.1  | 425.5  | -0.1 |   4.1   |   9.3   |
| 多元金融 | 002647 | 仁东控股 | 37.9  | -46.0  | 0.1  |  -6.1   |   3.8   |
| 多元金融 | 600830 | 香溢融通 | 27.4  |  57.1  | 0.3  |   0.2   |  -0.2   |
| 多元金融 | 000416 | 民生控股 | 19.7  | -106.4 | 1.4  |   1.1   |   5.1   |
| 多元金融 | 600599 |  ST熊猫  | 17.4  |  12.0  | 1.2  |   6.2   |   3.3   |
| 多元金融 | 300309 | *ST吉艾  | 15.7  |  -3.5  | -4.8 |  -5.8   |  17.2   |
| 多元金融 | 600139 | *ST西源  | 13.9  |  -9.5  | -0.5 |   2.4   |  -0.5   |
| 多元金融 | 600093 | 退市易见 |  4.7  |  -1.0  | 5.0  |   2.4   |   5.0   |
| 多元金融 | 600695 | 退市绿庭 |  3.6  | 168.3  | 0.0  |   0.0   |   4.1   |
+----------+--------+----------+-------+--------+------+---------+---------+
 




 [行业>单日涨幅]
+----------+--------+----------+-------+--------+------+---------+---------+
|   行业   |  代码  |   名称   | 市值  |   pe   | 涨幅 | 3日涨幅 | 6日涨幅 |
+----------+--------+----------+-------+--------+------+---------+---------+
| 多元金融 | 600093 | 退市易见 |  4.7  |  -1.0  | 5.0  |   2.4   |   5.0   |
| 多元金融 | 000567 | 海德股份 | 146.7 |  28.8  | 3.4  |   5.2   |   8.8   |
| 多元金融 | 000416 | 民生控股 | 19.7  | -106.4 | 1.4  |   1.1   |   5.1   |
| 多元金融 | 600599 |  ST熊猫  | 17.4  |  12.0  | 1.2  |   6.2   |   3.3   |
| 多元金融 | 000666 | 经纬纺机 | 61.6  |  11.3  | 0.7  |   0.5   |  -1.1   |
| 多元金融 | 600830 | 香溢融通 | 27.4  |  57.1  | 0.3  |   0.2   |  -0.2   |
| 多元金融 | 600120 | 浙江东方 | 114.4 |  71.6  | 0.2  |   1.0   |   0.8   |
| 多元金融 | 002647 | 仁东控股 | 37.9  | -46.0  | 0.1  |  -6.1   |   3.8   |
| 多元金融 | 603093 | 南华期货 | 64.5  |  57.4  | 0.1  |   1.3   |   4.0   |
| 多元金融 | 000046 | 泛海控股 | 75.9  |  -2.4  | 0.0  |  -1.4   |  -0.7   |
| 多元金融 | 600695 | 退市绿庭 |  3.6  | 168.3  | 0.0  |   0.0   |   4.1   |
| 多元金融 | 002961 | 瑞达期货 | 76.3  |  20.0  | -0.1 |   1.4   |   3.1   |
| 多元金融 | 600318 | 新力金融 | 39.1  | 425.5  | -0.1 |   4.1   |   9.3   |
| 多元金融 | 600901 | 江苏租赁 | 150.2 |  6.1   | -0.2 |   2.0   |   0.4   |
| 多元金融 | 000987 | 越秀金控 | 304.0 |  13.0  | -0.2 |   2.1   |   3.9   |
| 多元金融 | 600139 | *ST西源  | 13.9  |  -9.5  | -0.5 |   2.4   |  -0.5   |
| 多元金融 | 600705 | 中航产融 | 312.2 | 681.4  | -0.6 |   1.7   |   3.2   |
| 多元金融 | 000617 | 中油资本 | 611.9 |  8.9   | -1.2 |   0.0   |   0.2   |
| 多元金融 | 600643 | 爱建集团 | 99.1  |  8.3   | -1.4 |   0.2   |   0.5   |
| 多元金融 | 000563 | 陕国投Ａ  | 121.3 |  17.2  | -1.6 |   0.7   |   1.3   |
| 多元金融 | 600927 | 永安期货 | 286.0 | 219.4  | -1.6 |  -0.5   |   0.9   |
| 多元金融 | 002423 | 中粮资本 | 159.4 | -11.6  | -1.8 |  -1.7   |  -2.5   |
| 多元金融 | 000415 | 渤海租赁 | 131.7 |  -4.5  | -1.8 |  -1.4   |   0.5   |
| 多元金融 | 600053 | 九鼎投资 | 74.0  |  41.7  | -2.1 |   1.8   |  -0.3   |
| 多元金融 | 600816 |  ST安信  | 232.4 | -12.2  | -2.5 |   1.4   |  -1.9   |
| 多元金融 | 600390 | 五矿资本 | 217.3 |  7.7   | -3.4 |  -0.2   |   0.4   |
| 多元金融 | 300309 | *ST吉艾  | 15.7  |  -3.5  | -4.8 |  -5.8   |  17.2   |
+----------+--------+----------+-------+--------+------+---------+---------+
