[行业>市值]
+----------+--------+----------+--------+--------+------+---------+---------+
|   行业   |  代码  |   名称   |  市值  |   pe   | 涨幅 | 3日涨幅 | 6日涨幅 |
+----------+--------+----------+--------+--------+------+---------+---------+
| 工程机械 | 600031 | 三一重工 | 1493.0 |  23.5  | 4.6  |   4.0   |   6.5   |
| 工程机械 | 601100 | 恒立液压 | 719.8  |  34.1  | 2.8  |   3.7   |   2.9   |
| 工程机械 | 000157 | 中联重科 | 524.2  |  14.5  | 1.0  |   0.3   |   0.0   |
| 工程机械 | 000425 | 徐工机械 | 414.4  |  7.4   | 0.4  |   0.4   |  -0.4   |
| 工程机械 | 603338 | 浙江鼎力 | 246.2  |  31.4  | 3.7  |   2.4   |   2.6   |
| 工程机械 | 688425 | 铁建重工 | 227.2  |  15.1  | -1.2 |  -0.1   |  -2.6   |
| 工程机械 | 603638 | 艾迪精密 | 159.6  |  55.2  | 1.1  |   1.3   |  -0.8   |
| 工程机械 | 000528 | 柳    工 | 126.3  |  12.4  | 0.6  |   0.8   |   1.7   |
| 工程机械 | 603298 | 杭叉集团 | 114.5  |  15.0  | -2.2 |  -2.7   |  -7.4   |
| 工程机械 | 600761 | 安徽合力 |  77.3  |  10.0  | -0.3 |   2.2   |   0.5   |
| 工程机械 | 000680 | 山推股份 |  76.1  |  5.2   | 4.8  |   2.4   |   2.4   |
| 工程机械 | 002204 | 大连重工 |  74.7  |  26.7  | -0.3 |  -1.8   |   2.4   |
| 工程机械 | 002097 | 山河智能 |  74.7  | -38.1  | 4.9  |   4.4   |   5.9   |
| 工程机械 | 600984 | 建设机械 |  72.4  | -33.6  | 0.9  |  -0.4   |  -0.7   |
| 工程机械 | 605305 | 中际联合 |  69.0  |  39.1  | 1.2  |   4.0   |   0.7   |
| 工程机械 | 601226 | 华电重工 |  57.3  | -13.1  | -1.8 |  -7.5   |  -0.8   |
| 工程机械 | 600375 | 汉马科技 |  54.6  |  -8.4  | 5.0  |   6.6   |   4.4   |
| 工程机械 | 600815 | 厦工股份 |  51.1  | -668.2 | 0.3  |  -2.0   |  -5.9   |
| 工程机械 | 600817 | 宇通重工 |  49.0  |  14.4  | 0.1  |  -5.0   |  -9.6   |
| 工程机械 | 603611 | 诺力股份 |  42.3  |  14.7  | -0.1 |  -1.2   |   2.5   |
| 工程机械 | 300718 | 长盛轴承 |  39.0  |  32.2  | 1.8  |   1.2   |   1.1   |
| 工程机械 | 605389 | 长龄液压 |  33.9  |  20.1  | -1.6 |  -3.6   |  -4.1   |
| 工程机械 | 301040 | 中环海陆 |  28.8  |  42.2  | 0.2  |  -8.7   |  -1.3   |
| 工程机械 | 002272 | 川润股份 |  26.0  |  67.0  | 1.9  |   2.4   |  16.5   |
| 工程机械 | 001288 | 运机集团 |  22.8  |  27.0  | -0.3 |  -1.8   |  -1.2   |
| 工程机械 | 300201 | *ST海伦  |  21.0  |  16.1  | -2.9 |  -6.5   |  -5.2   |
| 工程机械 | 300022 | 吉峰科技 |  18.7  | -224.4 | 0.6  |  -3.5   |  -4.7   |
+----------+--------+----------+--------+--------+------+---------+---------+
 




 [行业>单日涨幅]
+----------+--------+----------+--------+--------+------+---------+---------+
|   行业   |  代码  |   名称   |  市值  |   pe   | 涨幅 | 3日涨幅 | 6日涨幅 |
+----------+--------+----------+--------+--------+------+---------+---------+
| 工程机械 | 600375 | 汉马科技 |  54.6  |  -8.4  | 5.0  |   6.6   |   4.4   |
| 工程机械 | 002097 | 山河智能 |  74.7  | -38.1  | 4.9  |   4.4   |   5.9   |
| 工程机械 | 000680 | 山推股份 |  76.1  |  5.2   | 4.8  |   2.4   |   2.4   |
| 工程机械 | 600031 | 三一重工 | 1493.0 |  23.5  | 4.6  |   4.0   |   6.5   |
| 工程机械 | 603338 | 浙江鼎力 | 246.2  |  31.4  | 3.7  |   2.4   |   2.6   |
| 工程机械 | 601100 | 恒立液压 | 719.8  |  34.1  | 2.8  |   3.7   |   2.9   |
| 工程机械 | 002272 | 川润股份 |  26.0  |  67.0  | 1.9  |   2.4   |  16.5   |
| 工程机械 | 300718 | 长盛轴承 |  39.0  |  32.2  | 1.8  |   1.2   |   1.1   |
| 工程机械 | 605305 | 中际联合 |  69.0  |  39.1  | 1.2  |   4.0   |   0.7   |
| 工程机械 | 603638 | 艾迪精密 | 159.6  |  55.2  | 1.1  |   1.3   |  -0.8   |
| 工程机械 | 000157 | 中联重科 | 524.2  |  14.5  | 1.0  |   0.3   |   0.0   |
| 工程机械 | 600984 | 建设机械 |  72.4  | -33.6  | 0.9  |  -0.4   |  -0.7   |
| 工程机械 | 000528 | 柳    工 | 126.3  |  12.4  | 0.6  |   0.8   |   1.7   |
| 工程机械 | 300022 | 吉峰科技 |  18.7  | -224.4 | 0.6  |  -3.5   |  -4.7   |
| 工程机械 | 000425 | 徐工机械 | 414.4  |  7.4   | 0.4  |   0.4   |  -0.4   |
| 工程机械 | 600815 | 厦工股份 |  51.1  | -668.2 | 0.3  |  -2.0   |  -5.9   |
| 工程机械 | 301040 | 中环海陆 |  28.8  |  42.2  | 0.2  |  -8.7   |  -1.3   |
| 工程机械 | 600817 | 宇通重工 |  49.0  |  14.4  | 0.1  |  -5.0   |  -9.6   |
| 工程机械 | 603611 | 诺力股份 |  42.3  |  14.7  | -0.1 |  -1.2   |   2.5   |
| 工程机械 | 002204 | 大连重工 |  74.7  |  26.7  | -0.3 |  -1.8   |   2.4   |
| 工程机械 | 001288 | 运机集团 |  22.8  |  27.0  | -0.3 |  -1.8   |  -1.2   |
| 工程机械 | 600761 | 安徽合力 |  77.3  |  10.0  | -0.3 |   2.2   |   0.5   |
| 工程机械 | 688425 | 铁建重工 | 227.2  |  15.1  | -1.2 |  -0.1   |  -2.6   |
| 工程机械 | 605389 | 长龄液压 |  33.9  |  20.1  | -1.6 |  -3.6   |  -4.1   |
| 工程机械 | 601226 | 华电重工 |  57.3  | -13.1  | -1.8 |  -7.5   |  -0.8   |
| 工程机械 | 603298 | 杭叉集团 | 114.5  |  15.0  | -2.2 |  -2.7   |  -7.4   |
| 工程机械 | 300201 | *ST海伦  |  21.0  |  16.1  | -2.9 |  -6.5   |  -5.2   |
+----------+--------+----------+--------+--------+------+---------+---------+
