[行业>市值]
+----------+--------+----------+-------+--------+------+---------+---------+
|   行业   |  代码  |   名称   | 市值  |   pe   | 涨幅 | 3日涨幅 | 6日涨幅 |
+----------+--------+----------+-------+--------+------+---------+---------+
| 橡胶制品 | 601058 | 赛轮轮胎 | 342.2 |  26.6  | 0.6  |  -2.1   |  -3.6   |
| 橡胶制品 | 601966 | 玲珑轮胎 | 315.0 | -85.7  | 3.9  |   1.5   |  -6.6   |
| 橡胶制品 | 000887 | 中鼎股份 | 233.3 |  23.3  | 3.7  |   6.2   |  11.4   |
| 橡胶制品 | 601118 | 海南橡胶 | 203.7 | -179.9 | -1.9 |   1.3   |   1.1   |
| 橡胶制品 | 002984 |  森麒麟  | 197.2 |  21.1  | -0.1 |   1.1   |  -4.4   |
| 橡胶制品 | 603650 | 彤程新材 | 179.6 |  62.4  | 4.0  |   2.7   |   1.9   |
| 橡胶制品 | 603033 | 三维股份 | 169.3 |  87.0  | -5.1 |   2.4   |   7.5   |
| 橡胶制品 | 300767 | 震安科技 | 146.5 | 112.5  | -1.3 |   6.5   |   3.0   |
| 橡胶制品 | 300587 | 天铁股份 | 110.3 |  23.8  | 3.9  |   7.7   |   5.2   |
| 橡胶制品 | 002068 | 黑猫股份 | 106.2 | -254.6 | 10.0 |  11.2   |  15.4   |
| 橡胶制品 | 601163 | 三角轮胎 | 92.2  |  39.5  | 0.4  |  -1.5   |  -2.5   |
| 橡胶制品 | 600480 | 凌云股份 | 82.2  |  22.4  | -0.6 |   2.5   |  -0.1   |
| 橡胶制品 | 605183 | 确成股份 | 79.2  |  23.6  | 2.3  |   1.8   |   1.3   |
| 橡胶制品 | 300320 | 海达股份 | 74.7  |  46.3  | 6.2  |   7.3   |   7.9   |
| 橡胶制品 | 000589 | 贵州轮胎 | 48.6  |  21.6  | -0.2 |  -1.6   |  -3.0   |
| 橡胶制品 | 601500 | 通用股份 | 48.0  | 161.9  | 0.7  |   0.0   |   0.9   |
| 橡胶制品 | 300121 | 阳谷华泰 | 40.3  |  8.9   | 2.6  |   2.9   |   2.5   |
| 橡胶制品 | 600182 | S*ST佳通 | 39.8  | 247.5  | 5.0  |   3.5   |  15.5   |
| 橡胶制品 | 600469 | 风神股份 | 39.3  | -23.8  | -1.1 |   0.9   |   4.5   |
| 橡胶制品 | 000599 | 青岛双星 | 37.5  |  -6.4  | -6.1 |  -21.4  |   4.6   |
| 橡胶制品 | 300547 | 川环科技 | 34.2  |  40.6  | 6.6  |   8.9   |   2.7   |
| 橡胶制品 | 002224 | 三 力 士 | 33.0  | -152.5 | 0.0  |  -0.2   |  -0.7   |
| 橡胶制品 | 001207 | 联科科技 | 29.7  |  31.3  | 1.0  |   1.0   |   0.5   |
| 橡胶制品 | 002753 | 永东股份 | 28.4  |  67.2  | 0.1  |  -0.8   |  -0.8   |
| 橡胶制品 | 002442 | 龙星化工 | 26.6  |  58.2  | 2.5  |   1.9   |   2.5   |
| 橡胶制品 | 002381 | 双箭股份 | 25.5  |  19.6  | 0.5  |   0.2   |  -0.6   |
| 橡胶制品 | 300731 | 科创新源 | 21.7  | -48.5  | 2.5  |   1.6   |  -0.1   |
| 橡胶制品 | 301233 | 盛帮股份 |  0.0  |  0.0   | 0.0  |   0.0   |   0.0   |
+----------+--------+----------+-------+--------+------+---------+---------+
 




 [行业>单日涨幅]
+----------+--------+----------+-------+--------+------+---------+---------+
|   行业   |  代码  |   名称   | 市值  |   pe   | 涨幅 | 3日涨幅 | 6日涨幅 |
+----------+--------+----------+-------+--------+------+---------+---------+
| 橡胶制品 | 002068 | 黑猫股份 | 106.2 | -254.6 | 10.0 |  11.2   |  15.4   |
| 橡胶制品 | 300547 | 川环科技 | 34.2  |  40.6  | 6.6  |   8.9   |   2.7   |
| 橡胶制品 | 300320 | 海达股份 | 74.7  |  46.3  | 6.2  |   7.3   |   7.9   |
| 橡胶制品 | 600182 | S*ST佳通 | 39.8  | 247.5  | 5.0  |   3.5   |  15.5   |
| 橡胶制品 | 603650 | 彤程新材 | 179.6 |  62.4  | 4.0  |   2.7   |   1.9   |
| 橡胶制品 | 300587 | 天铁股份 | 110.3 |  23.8  | 3.9  |   7.7   |   5.2   |
| 橡胶制品 | 601966 | 玲珑轮胎 | 315.0 | -85.7  | 3.9  |   1.5   |  -6.6   |
| 橡胶制品 | 000887 | 中鼎股份 | 233.3 |  23.3  | 3.7  |   6.2   |  11.4   |
| 橡胶制品 | 300121 | 阳谷华泰 | 40.3  |  8.9   | 2.6  |   2.9   |   2.5   |
| 橡胶制品 | 300731 | 科创新源 | 21.7  | -48.5  | 2.5  |   1.6   |  -0.1   |
| 橡胶制品 | 002442 | 龙星化工 | 26.6  |  58.2  | 2.5  |   1.9   |   2.5   |
| 橡胶制品 | 605183 | 确成股份 | 79.2  |  23.6  | 2.3  |   1.8   |   1.3   |
| 橡胶制品 | 001207 | 联科科技 | 29.7  |  31.3  | 1.0  |   1.0   |   0.5   |
| 橡胶制品 | 601500 | 通用股份 | 48.0  | 161.9  | 0.7  |   0.0   |   0.9   |
| 橡胶制品 | 601058 | 赛轮轮胎 | 342.2 |  26.6  | 0.6  |  -2.1   |  -3.6   |
| 橡胶制品 | 002381 | 双箭股份 | 25.5  |  19.6  | 0.5  |   0.2   |  -0.6   |
| 橡胶制品 | 601163 | 三角轮胎 | 92.2  |  39.5  | 0.4  |  -1.5   |  -2.5   |
| 橡胶制品 | 002753 | 永东股份 | 28.4  |  67.2  | 0.1  |  -0.8   |  -0.8   |
| 橡胶制品 | 002224 | 三 力 士 | 33.0  | -152.5 | 0.0  |  -0.2   |  -0.7   |
| 橡胶制品 | 301233 | 盛帮股份 |  0.0  |  0.0   | 0.0  |   0.0   |   0.0   |
| 橡胶制品 | 002984 |  森麒麟  | 197.2 |  21.1  | -0.1 |   1.1   |  -4.4   |
| 橡胶制品 | 000589 | 贵州轮胎 | 48.6  |  21.6  | -0.2 |  -1.6   |  -3.0   |
| 橡胶制品 | 600480 | 凌云股份 | 82.2  |  22.4  | -0.6 |   2.5   |  -0.1   |
| 橡胶制品 | 600469 | 风神股份 | 39.3  | -23.8  | -1.1 |   0.9   |   4.5   |
| 橡胶制品 | 300767 | 震安科技 | 146.5 | 112.5  | -1.3 |   6.5   |   3.0   |
| 橡胶制品 | 601118 | 海南橡胶 | 203.7 | -179.9 | -1.9 |   1.3   |   1.1   |
| 橡胶制品 | 603033 | 三维股份 | 169.3 |  87.0  | -5.1 |   2.4   |   7.5   |
| 橡胶制品 | 000599 | 青岛双星 | 37.5  |  -6.4  | -6.1 |  -21.4  |   4.6   |
+----------+--------+----------+-------+--------+------+---------+---------+
