[行业>市值]
+------------+--------+----------+-------+--------+------+---------+---------+
|    行业    |  代码  |   名称   | 市值  |   pe   | 涨幅 | 3日涨幅 | 6日涨幅 |
+------------+--------+----------+-------+--------+------+---------+---------+
| 电子化学品 | 002643 | 万润股份 | 190.3 |  20.4  | 6.5  |   6.1   |   4.5   |
| 电子化学品 | 300054 | 鼎龙股份 | 182.6 |  64.0  | -0.1 |  -1.9   |  -1.7   |
| 电子化学品 | 300346 | 南大光电 | 169.6 |  52.6  | 1.6  |   0.4   |   2.4   |
| 电子化学品 | 688019 | 安集科技 | 159.7 | 100.8  | -3.0 |  -2.0   |  -3.4   |
| 电子化学品 | 300398 | 飞凯材料 | 113.8 |  20.5  | 1.9  |   2.6   |  -0.8   |
| 电子化学品 | 300655 | 晶瑞电材 | 100.8 |  78.8  | 2.6  |   3.9   |   4.4   |
| 电子化学品 | 688106 | 金宏气体 | 95.9  |  61.8  | 2.3  |   0.7   |   1.0   |
| 电子化学品 | 300236 | 上海新阳 | 94.9  | -174.4 | 0.2  |  -0.8   |  -1.4   |
| 电子化学品 | 688268 | 华特气体 | 85.6  |  54.6  | 0.4  |   0.2   |   6.1   |
| 电子化学品 | 688550 | 瑞联新材 | 76.3  |  23.9  | 5.8  |   6.5   |   1.5   |
| 电子化学品 | 002741 | 光华科技 | 69.2  |  49.0  | 2.9  |   2.9   |   3.9   |
| 电子化学品 | 300481 | 濮阳惠成 | 68.8  |  20.5  | 2.2  |   4.1   |   3.4   |
| 电子化学品 | 603078 |  江化微  | 63.6  |  48.1  | 0.1  |   2.9   |   4.3   |
| 电子化学品 | 300576 | 容大感光 | 53.9  | 130.4  | 2.1  |   2.2   |   2.2   |
| 电子化学品 | 300429 | 强力新材 | 46.7  |  46.8  | 1.9  |   0.3   |   0.2   |
| 电子化学品 | 002584 | 西陇科学 | 44.6  |  13.3  | 0.8  |   0.5   |   2.1   |
| 电子化学品 | 603931 |  格林达  | 39.0  |  24.7  | 0.8  |   0.3   |  -4.2   |
| 电子化学品 | 688359 | 三孚新科 | 35.4  | -148.8 | 1.3  |  -3.0   |  -3.5   |
| 电子化学品 | 300446 | 乐凯新材 | 25.8  | 406.4  | -4.2 |  -4.2   |   2.2   |
| 电子化学品 | 300537 | 广信材料 | 21.5  | -46.9  | 1.0  |  -0.8   |   0.1   |
| 电子化学品 | 300637 | 扬帆新材 | 16.7  |  35.9  | 0.0  |  -1.0   |  -2.7   |
+------------+--------+----------+-------+--------+------+---------+---------+
 




 [行业>单日涨幅]
+------------+--------+----------+-------+--------+------+---------+---------+
|    行业    |  代码  |   名称   | 市值  |   pe   | 涨幅 | 3日涨幅 | 6日涨幅 |
+------------+--------+----------+-------+--------+------+---------+---------+
| 电子化学品 | 002643 | 万润股份 | 190.3 |  20.4  | 6.5  |   6.1   |   4.5   |
| 电子化学品 | 688550 | 瑞联新材 | 76.3  |  23.9  | 5.8  |   6.5   |   1.5   |
| 电子化学品 | 002741 | 光华科技 | 69.2  |  49.0  | 2.9  |   2.9   |   3.9   |
| 电子化学品 | 300655 | 晶瑞电材 | 100.8 |  78.8  | 2.6  |   3.9   |   4.4   |
| 电子化学品 | 688106 | 金宏气体 | 95.9  |  61.8  | 2.3  |   0.7   |   1.0   |
| 电子化学品 | 300481 | 濮阳惠成 | 68.8  |  20.5  | 2.2  |   4.1   |   3.4   |
| 电子化学品 | 300576 | 容大感光 | 53.9  | 130.4  | 2.1  |   2.2   |   2.2   |
| 电子化学品 | 300429 | 强力新材 | 46.7  |  46.8  | 1.9  |   0.3   |   0.2   |
| 电子化学品 | 300398 | 飞凯材料 | 113.8 |  20.5  | 1.9  |   2.6   |  -0.8   |
| 电子化学品 | 300346 | 南大光电 | 169.6 |  52.6  | 1.6  |   0.4   |   2.4   |
| 电子化学品 | 688359 | 三孚新科 | 35.4  | -148.8 | 1.3  |  -3.0   |  -3.5   |
| 电子化学品 | 300537 | 广信材料 | 21.5  | -46.9  | 1.0  |  -0.8   |   0.1   |
| 电子化学品 | 603931 |  格林达  | 39.0  |  24.7  | 0.8  |   0.3   |  -4.2   |
| 电子化学品 | 002584 | 西陇科学 | 44.6  |  13.3  | 0.8  |   0.5   |   2.1   |
| 电子化学品 | 688268 | 华特气体 | 85.6  |  54.6  | 0.4  |   0.2   |   6.1   |
| 电子化学品 | 300236 | 上海新阳 | 94.9  | -174.4 | 0.2  |  -0.8   |  -1.4   |
| 电子化学品 | 603078 |  江化微  | 63.6  |  48.1  | 0.1  |   2.9   |   4.3   |
| 电子化学品 | 300637 | 扬帆新材 | 16.7  |  35.9  | 0.0  |  -1.0   |  -2.7   |
| 电子化学品 | 300054 | 鼎龙股份 | 182.6 |  64.0  | -0.1 |  -1.9   |  -1.7   |
| 电子化学品 | 688019 | 安集科技 | 159.7 | 100.8  | -3.0 |  -2.0   |  -3.4   |
| 电子化学品 | 300446 | 乐凯新材 | 25.8  | 406.4  | -4.2 |  -4.2   |   2.2   |
+------------+--------+----------+-------+--------+------+---------+---------+
