[行业>市值]
+------+--------+----------+-------+-------+------+---------+---------+
| 行业 |  代码  |   名称   | 市值  |  pe   | 涨幅 | 3日涨幅 | 6日涨幅 |
+------+--------+----------+-------+-------+------+---------+---------+
| 电机 | 002176 | 江特电机 | 409.5 | 15.4  | 0.8  |   1.6   |  14.4   |
| 电机 | 603489 | 八方股份 | 239.0 | 33.3  | 0.9  |  -0.1   |   5.6   |
| 电机 | 600580 | 卧龙电驱 | 171.0 | 21.6  | -0.6 |   3.2   |   0.9   |
| 电机 | 002249 | 大洋电机 | 139.6 | 23.8  | 1.6  |   3.0   |   1.4   |
| 电机 | 003021 | 兆威机电 | 68.0  | 75.0  | -0.9 |   0.7   |  -2.7   |
| 电机 | 002801 | 微光股份 | 63.6  | 20.5  | 1.4  |   1.6   |   6.3   |
| 电机 | 603728 | 鸣志电器 | 62.6  | 40.0  | 1.0  |  -2.8   |   1.0   |
| 电机 | 300660 | 江苏雷利 | 51.2  | 18.4  | 0.5  |   0.4   |   0.2   |
| 电机 | 000922 | 佳电股份 | 50.7  | 16.8  | -2.0 |  -3.5   |  -5.4   |
| 电机 | 002196 | 方正电机 | 46.1  | 193.4 | 0.2  |   3.5   |   0.3   |
| 电机 | 002892 |  科力尔  | 36.5  | 57.1  | 1.0  |  -1.8   |  -0.1   |
| 电机 | 603819 | 神力股份 | 36.4  | 31.8  | 8.0  |  18.9   |  26.3   |
| 电机 | 002823 | 凯中精密 | 26.3  | 32.8  | 0.8  |  -1.0   |  -2.5   |
| 电机 | 603988 | 中电电机 | 25.0  | 46.5  | -1.1 |   1.4   |  -3.0   |
| 电机 | 301226 | 祥明智能 | 24.4  | 40.5  | 4.9  |   9.8   |  11.7   |
| 电机 | 301023 | 江南奕帆 | 21.9  | 27.0  | -0.1 |  -1.9   |  -3.8   |
| 电机 | 002576 | 通达动力 | 20.0  | 49.4  | 2.3  |   2.5   |   0.6   |
| 电机 | 300907 | 康平科技 | 18.8  | 91.1  | 0.9  |  -1.6   |  -5.3   |
| 电机 | 688395 | 正弦电气 | 17.0  | 29.7  | 0.1  |  -1.9   |  -4.9   |
| 电机 | 300626 | 华瑞股份 | 15.6  | 60.8  | -0.9 |  -0.3   |  -0.5   |
| 电机 | 603320 | 迪贝电气 | 15.2  | 31.2  | 0.9  |   0.4   |   0.2   |
+------+--------+----------+-------+-------+------+---------+---------+
 




 [行业>单日涨幅]
+------+--------+----------+-------+-------+------+---------+---------+
| 行业 |  代码  |   名称   | 市值  |  pe   | 涨幅 | 3日涨幅 | 6日涨幅 |
+------+--------+----------+-------+-------+------+---------+---------+
| 电机 | 603819 | 神力股份 | 36.4  | 31.8  | 8.0  |  18.9   |  26.3   |
| 电机 | 301226 | 祥明智能 | 24.4  | 40.5  | 4.9  |   9.8   |  11.7   |
| 电机 | 002576 | 通达动力 | 20.0  | 49.4  | 2.3  |   2.5   |   0.6   |
| 电机 | 002249 | 大洋电机 | 139.6 | 23.8  | 1.6  |   3.0   |   1.4   |
| 电机 | 002801 | 微光股份 | 63.6  | 20.5  | 1.4  |   1.6   |   6.3   |
| 电机 | 603728 | 鸣志电器 | 62.6  | 40.0  | 1.0  |  -2.8   |   1.0   |
| 电机 | 002892 |  科力尔  | 36.5  | 57.1  | 1.0  |  -1.8   |  -0.1   |
| 电机 | 603320 | 迪贝电气 | 15.2  | 31.2  | 0.9  |   0.4   |   0.2   |
| 电机 | 603489 | 八方股份 | 239.0 | 33.3  | 0.9  |  -0.1   |   5.6   |
| 电机 | 300907 | 康平科技 | 18.8  | 91.1  | 0.9  |  -1.6   |  -5.3   |
| 电机 | 002823 | 凯中精密 | 26.3  | 32.8  | 0.8  |  -1.0   |  -2.5   |
| 电机 | 002176 | 江特电机 | 409.5 | 15.4  | 0.8  |   1.6   |  14.4   |
| 电机 | 300660 | 江苏雷利 | 51.2  | 18.4  | 0.5  |   0.4   |   0.2   |
| 电机 | 002196 | 方正电机 | 46.1  | 193.4 | 0.2  |   3.5   |   0.3   |
| 电机 | 688395 | 正弦电气 | 17.0  | 29.7  | 0.1  |  -1.9   |  -4.9   |
| 电机 | 301023 | 江南奕帆 | 21.9  | 27.0  | -0.1 |  -1.9   |  -3.8   |
| 电机 | 600580 | 卧龙电驱 | 171.0 | 21.6  | -0.6 |   3.2   |   0.9   |
| 电机 | 300626 | 华瑞股份 | 15.6  | 60.8  | -0.9 |  -0.3   |  -0.5   |
| 电机 | 003021 | 兆威机电 | 68.0  | 75.0  | -0.9 |   0.7   |  -2.7   |
| 电机 | 603988 | 中电电机 | 25.0  | 46.5  | -1.1 |   1.4   |  -3.0   |
| 电机 | 000922 | 佳电股份 | 50.7  | 16.8  | -2.0 |  -3.5   |  -5.4   |
+------+--------+----------+-------+-------+------+---------+---------+
