[行业>市值]
+----------+--------+----------+--------+-------+------+---------+---------+
|   行业   |  代码  |   名称   |  市值  |  pe   | 涨幅 | 3日涨幅 | 6日涨幅 |
+----------+--------+----------+--------+-------+------+---------+---------+
| 石油行业 | 600938 | 中国海油 | 9342.0 |  6.8  | -3.5 |   1.6   |   8.9   |
| 石油行业 | 600028 | 中国石化 | 5049.0 |  5.6  | -1.4 |  -0.7   |   1.5   |
| 石油行业 | 600256 | 广汇能源 | 755.1  |  8.5  | -4.2 |   6.6   |  17.5   |
| 石油行业 | 600688 | 上海石化 | 362.6  | 42.5  | -1.8 |  -0.3   |   1.2   |
| 石油行业 | 600777 | 新潮能源 | 210.8  | 10.0  | 6.5  |  14.8   |  42.2   |
| 石油行业 | 002221 | 东华能源 | 138.2  | 32.4  | -0.7 |   0.8   |   2.7   |
| 石油行业 | 000059 | 华锦股份 | 108.1  |  9.5  | 0.9  |   2.0   |   4.6   |
| 石油行业 | 600759 |  ST洲际  |  61.8  | 19.9  | 5.0  |  15.7   |  29.4   |
| 石油行业 | 000096 | 广聚能源 |  61.4  | 163.7 | 0.0  |  21.0   |  24.8   |
| 石油行业 | 000819 | 岳阳兴长 |  45.4  | 96.2  | 1.8  |   4.5   |  22.9   |
| 石油行业 | 000698 | 沈阳化工 |  37.0  | -8.1  | -1.3 |  -1.7   |  -1.3   |
| 石油行业 | 603353 | 和顺石油 |  34.2  | 41.5  | -0.1 |   3.3   |   5.5   |
| 石油行业 | 600387 |  ST海越  |  29.5  | 43.1  | -1.2 |  -1.7   |   0.5   |
| 石油行业 | 000554 | 泰山石油 |  28.7  | 252.2 | -6.6 |   3.8   |   5.7   |
| 石油行业 | 000159 | 国际实业 |  28.2  | 33.5  | -1.7 |   2.1   |   3.7   |
| 石油行业 | 300839 | 博汇股份 |  24.8  | 30.5  | 0.2  |  -0.2   |   3.2   |
| 石油行业 | 000637 | 茂化实华 |  24.6  | -81.7 | -1.9 |   0.8   |   6.3   |
| 石油行业 | 603798 |  康普顿  |  20.6  | 16.8  | 2.0  |   3.0   |   2.1   |
| 石油行业 | 002778 | 中晟高科 |  16.9  | 380.0 | 0.1  |   2.1   |   2.1   |
| 石油行业 | 300023 |  宝德退  |  3.8   | 17.1  | 4.3  |  -1.6   |  -60.4  |
| 石油行业 | 601857 | 中国石油 |  0.0   |  6.9  | 0.0  |   4.4   |   7.7   |
+----------+--------+----------+--------+-------+------+---------+---------+
 




 [行业>单日涨幅]
+----------+--------+----------+--------+-------+------+---------+---------+
|   行业   |  代码  |   名称   |  市值  |  pe   | 涨幅 | 3日涨幅 | 6日涨幅 |
+----------+--------+----------+--------+-------+------+---------+---------+
| 石油行业 | 600777 | 新潮能源 | 210.8  | 10.0  | 6.5  |  14.8   |  42.2   |
| 石油行业 | 600759 |  ST洲际  |  61.8  | 19.9  | 5.0  |  15.7   |  29.4   |
| 石油行业 | 300023 |  宝德退  |  3.8   | 17.1  | 4.3  |  -1.6   |  -60.4  |
| 石油行业 | 603798 |  康普顿  |  20.6  | 16.8  | 2.0  |   3.0   |   2.1   |
| 石油行业 | 000819 | 岳阳兴长 |  45.4  | 96.2  | 1.8  |   4.5   |  22.9   |
| 石油行业 | 000059 | 华锦股份 | 108.1  |  9.5  | 0.9  |   2.0   |   4.6   |
| 石油行业 | 300839 | 博汇股份 |  24.8  | 30.5  | 0.2  |  -0.2   |   3.2   |
| 石油行业 | 002778 | 中晟高科 |  16.9  | 380.0 | 0.1  |   2.1   |   2.1   |
| 石油行业 | 000096 | 广聚能源 |  61.4  | 163.7 | 0.0  |  21.0   |  24.8   |
| 石油行业 | 601857 | 中国石油 |  0.0   |  6.9  | 0.0  |   4.4   |   7.7   |
| 石油行业 | 603353 | 和顺石油 |  34.2  | 41.5  | -0.1 |   3.3   |   5.5   |
| 石油行业 | 002221 | 东华能源 | 138.2  | 32.4  | -0.7 |   0.8   |   2.7   |
| 石油行业 | 600387 |  ST海越  |  29.5  | 43.1  | -1.2 |  -1.7   |   0.5   |
| 石油行业 | 000698 | 沈阳化工 |  37.0  | -8.1  | -1.3 |  -1.7   |  -1.3   |
| 石油行业 | 600028 | 中国石化 | 5049.0 |  5.6  | -1.4 |  -0.7   |   1.5   |
| 石油行业 | 000159 | 国际实业 |  28.2  | 33.5  | -1.7 |   2.1   |   3.7   |
| 石油行业 | 600688 | 上海石化 | 362.6  | 42.5  | -1.8 |  -0.3   |   1.2   |
| 石油行业 | 000637 | 茂化实华 |  24.6  | -81.7 | -1.9 |   0.8   |   6.3   |
| 石油行业 | 600938 | 中国海油 | 9342.0 |  6.8  | -3.5 |   1.6   |   8.9   |
| 石油行业 | 600256 | 广汇能源 | 755.1  |  8.5  | -4.2 |   6.6   |  17.5   |
| 石油行业 | 000554 | 泰山石油 |  28.7  | 252.2 | -6.6 |   3.8   |   5.7   |
+----------+--------+----------+--------+-------+------+---------+---------+
