[行业>市值]
+----------+--------+----------+-------+--------+------+---------+---------+
|   行业   |  代码  |   名称   | 市值  |   pe   | 涨幅 | 3日涨幅 | 6日涨幅 |
+----------+--------+----------+-------+--------+------+---------+---------+
| 铁路公路 | 001965 | 招商公路 | 481.9 |  11.0  | -4.1 |  -2.7   |  -2.0   |
| 铁路公路 | 600377 | 宁沪高速 | 414.6 |  13.0  | -1.0 |  -0.2   |  -1.7   |
| 铁路公路 | 600350 | 山东高速 | 280.0 |  9.8   | -1.0 |  -1.4   |  -1.7   |
| 铁路公路 | 600548 |  深高速  | 202.4 |  12.3  | -1.1 |  -1.2   |  -2.9   |
| 铁路公路 | 000429 | 粤高速Ａ  | 171.7 |  10.0  | -2.1 |  -1.0   |  -1.8   |
| 铁路公路 | 603032 | 德新交运 | 155.0 |  74.7  | -3.5 |   5.3   |   0.7   |
| 铁路公路 | 600662 | 外服控股 | 141.1 |  20.4  | 0.2  |  -0.3   |  -0.3   |
| 铁路公路 | 601107 | 四川成渝 | 130.6 |  13.0  | -0.9 |  -4.9   |  -0.7   |
| 铁路公路 | 600012 | 皖通高速 | 123.9 |  7.6   | -2.5 |  -2.2   |  -2.0   |
| 铁路公路 | 000828 | 东莞控股 | 102.9 |  15.1  | -2.0 |  -2.5   |  -0.8   |
| 铁路公路 | 603069 | 海汽集团 | 98.5  | -151.1 | 10.0 |  33.1   |  77.2   |
| 铁路公路 | 600269 | 赣粤高速 | 81.5  |  6.1   | -1.4 |  -1.4   |  -2.8   |
| 铁路公路 | 600033 | 福建高速 | 77.7  |  8.6   | -1.7 |  -1.7   |  -2.1   |
| 铁路公路 | 600611 | 大众交通 | 73.5  |  -7.1  | -1.9 |  -1.6   |  -1.3   |
| 铁路公路 | 600650 | 锦江在线 | 69.7  |  3.1   | 10.0 |   1.6   |   7.1   |
| 铁路公路 | 600020 | 中原高速 | 68.8  |  12.2  | -1.9 |  -1.9   |  -2.9   |
| 铁路公路 | 000900 | 现代投资 | 65.7  |  10.2  | -1.4 |  -1.4   |  -2.3   |
| 铁路公路 | 600620 | 天宸股份 | 63.5  | -65.5  | -2.0 |  -2.2   |  -1.5   |
| 铁路公路 | 000885 | 城发环境 | 59.3  |  6.6   | -1.7 |  -1.8   |  -2.6   |
| 铁路公路 | 000755 | 山西路桥 | 58.1  |  15.1  | -2.0 |  -2.7   |  -4.1   |
| 铁路公路 | 600106 | 重庆路桥 | 54.4  |  90.0  | 0.0  |  -1.4   |  -1.2   |
| 铁路公路 | 600035 | 楚天高速 | 54.3  |  5.5   | -1.2 |  -1.5   |  -2.6   |
| 铁路公路 | 600368 | 五洲交通 | 45.4  |  6.3   | -1.7 |  -1.5   |  -2.4   |
| 铁路公路 | 601188 | 龙江交通 | 41.8  |  17.8  | -1.2 |  -3.9   |  -3.0   |
| 铁路公路 | 600834 | 申通地铁 | 41.1  |  56.6  | -2.0 |  -3.2   |  -5.2   |
| 铁路公路 | 002627 | 三峡旅游 | 40.8  |  71.7  | -3.0 |  -2.5   |  -6.4   |
| 铁路公路 | 601518 | 吉林高速 | 36.2  |  10.7  | -1.8 |  -2.2   |  -3.6   |
| 铁路公路 | 000548 | 湖南投资 | 22.7  |  68.9  | -0.9 |  -2.8   |  -4.0   |
| 铁路公路 | 002357 | 富临运业 | 16.5  |  9.0   | -0.6 |  -1.1   |  -3.3   |
| 铁路公路 | 600561 | 江西长运 | 14.5  | -22.6  | -1.4 |  -3.0   |  -3.6   |
+----------+--------+----------+-------+--------+------+---------+---------+
 




 [行业>单日涨幅]
+----------+--------+----------+-------+--------+------+---------+---------+
|   行业   |  代码  |   名称   | 市值  |   pe   | 涨幅 | 3日涨幅 | 6日涨幅 |
+----------+--------+----------+-------+--------+------+---------+---------+
| 铁路公路 | 600650 | 锦江在线 | 69.7  |  3.1   | 10.0 |   1.6   |   7.1   |
| 铁路公路 | 603069 | 海汽集团 | 98.5  | -151.1 | 10.0 |  33.1   |  77.2   |
| 铁路公路 | 600662 | 外服控股 | 141.1 |  20.4  | 0.2  |  -0.3   |  -0.3   |
| 铁路公路 | 600106 | 重庆路桥 | 54.4  |  90.0  | 0.0  |  -1.4   |  -1.2   |
| 铁路公路 | 002357 | 富临运业 | 16.5  |  9.0   | -0.6 |  -1.1   |  -3.3   |
| 铁路公路 | 000548 | 湖南投资 | 22.7  |  68.9  | -0.9 |  -2.8   |  -4.0   |
| 铁路公路 | 601107 | 四川成渝 | 130.6 |  13.0  | -0.9 |  -4.9   |  -0.7   |
| 铁路公路 | 600377 | 宁沪高速 | 414.6 |  13.0  | -1.0 |  -0.2   |  -1.7   |
| 铁路公路 | 600350 | 山东高速 | 280.0 |  9.8   | -1.0 |  -1.4   |  -1.7   |
| 铁路公路 | 600548 |  深高速  | 202.4 |  12.3  | -1.1 |  -1.2   |  -2.9   |
| 铁路公路 | 600035 | 楚天高速 | 54.3  |  5.5   | -1.2 |  -1.5   |  -2.6   |
| 铁路公路 | 601188 | 龙江交通 | 41.8  |  17.8  | -1.2 |  -3.9   |  -3.0   |
| 铁路公路 | 600561 | 江西长运 | 14.5  | -22.6  | -1.4 |  -3.0   |  -3.6   |
| 铁路公路 | 000900 | 现代投资 | 65.7  |  10.2  | -1.4 |  -1.4   |  -2.3   |
| 铁路公路 | 600269 | 赣粤高速 | 81.5  |  6.1   | -1.4 |  -1.4   |  -2.8   |
| 铁路公路 | 000885 | 城发环境 | 59.3  |  6.6   | -1.7 |  -1.8   |  -2.6   |
| 铁路公路 | 600368 | 五洲交通 | 45.4  |  6.3   | -1.7 |  -1.5   |  -2.4   |
| 铁路公路 | 600033 | 福建高速 | 77.7  |  8.6   | -1.7 |  -1.7   |  -2.1   |
| 铁路公路 | 601518 | 吉林高速 | 36.2  |  10.7  | -1.8 |  -2.2   |  -3.6   |
| 铁路公路 | 600611 | 大众交通 | 73.5  |  -7.1  | -1.9 |  -1.6   |  -1.3   |
| 铁路公路 | 600020 | 中原高速 | 68.8  |  12.2  | -1.9 |  -1.9   |  -2.9   |
| 铁路公路 | 000828 | 东莞控股 | 102.9 |  15.1  | -2.0 |  -2.5   |  -0.8   |
| 铁路公路 | 000755 | 山西路桥 | 58.1  |  15.1  | -2.0 |  -2.7   |  -4.1   |
| 铁路公路 | 600620 | 天宸股份 | 63.5  | -65.5  | -2.0 |  -2.2   |  -1.5   |
| 铁路公路 | 600834 | 申通地铁 | 41.1  |  56.6  | -2.0 |  -3.2   |  -5.2   |
| 铁路公路 | 000429 | 粤高速Ａ  | 171.7 |  10.0  | -2.1 |  -1.0   |  -1.8   |
| 铁路公路 | 600012 | 皖通高速 | 123.9 |  7.6   | -2.5 |  -2.2   |  -2.0   |
| 铁路公路 | 002627 | 三峡旅游 | 40.8  |  71.7  | -3.0 |  -2.5   |  -6.4   |
| 铁路公路 | 603032 | 德新交运 | 155.0 |  74.7  | -3.5 |   5.3   |   0.7   |
| 铁路公路 | 001965 | 招商公路 | 481.9 |  11.0  | -4.1 |  -2.7   |  -2.0   |
+----------+--------+----------+-------+--------+------+---------+---------+
