[行业>市值]
+------------+--------+----------+--------+-------+------+---------+---------+
|    行业    |  代码  |   名称   |  市值  |  pe   | 涨幅 | 3日涨幅 | 6日涨幅 |
+------------+--------+----------+--------+-------+------+---------+---------+
| 非金属材料 | 603260 | 合盛硅业 | 1226.0 | 14.9  | 2.7  |  18.6   |  22.1   |
| 非金属材料 | 603688 | 石英股份 | 405.8  | 116.1 | 9.5  |  12.8   |  37.1   |
| 非金属材料 | 300861 | 美畅股份 | 376.5  | 33.1  | 5.2  |   7.0   |  14.3   |
| 非金属材料 | 603826 | 坤彩科技 | 308.9  | 289.4 | -0.2 |   1.5   |   1.4   |
| 非金属材料 | 600516 | 方大炭素 | 277.1  | 205.5 | 0.6  |   0.1   |   2.2   |
| 非金属材料 | 688281 | 华秦科技 | 262.3  | 110.6 | 0.8  |   3.3   |   6.1   |
| 非金属材料 | 300395 |  菲利华  | 220.1  | 60.9  | 9.0  |  15.5   |  16.8   |
| 非金属材料 | 300035 | 中科电气 | 193.8  | 37.6  | 1.3  |  -1.0   |  -1.7   |
| 非金属材料 | 301071 | 力量钻石 | 185.9  | 46.0  | 1.6  |   7.6   |   9.4   |
| 非金属材料 | 300409 | 道氏技术 | 142.0  | 20.7  | 3.6  |   6.0   |   9.7   |
| 非金属材料 | 688733 |  壹石通  | 136.3  | 78.2  | 1.5  |  -0.7   |   3.9   |
| 非金属材料 | 603612 | 索通发展 | 132.3  | 20.9  | -1.4 |  13.5   |  23.7   |
| 非金属材料 | 600172 | 黄河旋风 | 122.2  | 106.3 | 1.1  |   3.5   |   0.5   |
| 非金属材料 | 600330 | 天通股份 | 106.4  | 24.3  | 0.4  |   6.5   |   6.7   |
| 非金属材料 | 688119 | 中钢洛耐 | 102.8  | 66.1  | -1.8 |  -12.2  |  80.6   |
| 非金属材料 | 600783 | 鲁信创投 |  98.2  | 50.0  | -1.9 |  -0.1   |   0.5   |
| 非金属材料 | 002130 | 沃尔核材 |  71.2  | 16.7  | 1.2  |   0.4   |   0.4   |
| 非金属材料 | 688357 | 建龙微纳 |  69.3  | 39.5  | 3.4  |   1.6   |  -1.7   |
| 非金属材料 | 688300 | 联瑞新材 |  67.8  | 39.7  | 2.1  |  -1.6   |  -1.1   |
| 非金属材料 | 001296 | 长江材料 |  25.9  | 45.2  | 4.3  |   1.4   |   5.5   |
| 非金属材料 | 300743 | 天地数码 |  15.6  | 53.0  | 0.6  |   1.2   |   2.7   |
| 非金属材料 | 300064 |  金刚退  |  9.3   | -2.1  | 10.0 |   2.7   |  -48.7  |
+------------+--------+----------+--------+-------+------+---------+---------+
 




 [行业>单日涨幅]
+------------+--------+----------+--------+-------+------+---------+---------+
|    行业    |  代码  |   名称   |  市值  |  pe   | 涨幅 | 3日涨幅 | 6日涨幅 |
+------------+--------+----------+--------+-------+------+---------+---------+
| 非金属材料 | 300064 |  金刚退  |  9.3   | -2.1  | 10.0 |   2.7   |  -48.7  |
| 非金属材料 | 603688 | 石英股份 | 405.8  | 116.1 | 9.5  |  12.8   |  37.1   |
| 非金属材料 | 300395 |  菲利华  | 220.1  | 60.9  | 9.0  |  15.5   |  16.8   |
| 非金属材料 | 300861 | 美畅股份 | 376.5  | 33.1  | 5.2  |   7.0   |  14.3   |
| 非金属材料 | 001296 | 长江材料 |  25.9  | 45.2  | 4.3  |   1.4   |   5.5   |
| 非金属材料 | 300409 | 道氏技术 | 142.0  | 20.7  | 3.6  |   6.0   |   9.7   |
| 非金属材料 | 688357 | 建龙微纳 |  69.3  | 39.5  | 3.4  |   1.6   |  -1.7   |
| 非金属材料 | 603260 | 合盛硅业 | 1226.0 | 14.9  | 2.7  |  18.6   |  22.1   |
| 非金属材料 | 688300 | 联瑞新材 |  67.8  | 39.7  | 2.1  |  -1.6   |  -1.1   |
| 非金属材料 | 301071 | 力量钻石 | 185.9  | 46.0  | 1.6  |   7.6   |   9.4   |
| 非金属材料 | 688733 |  壹石通  | 136.3  | 78.2  | 1.5  |  -0.7   |   3.9   |
| 非金属材料 | 300035 | 中科电气 | 193.8  | 37.6  | 1.3  |  -1.0   |  -1.7   |
| 非金属材料 | 002130 | 沃尔核材 |  71.2  | 16.7  | 1.2  |   0.4   |   0.4   |
| 非金属材料 | 600172 | 黄河旋风 | 122.2  | 106.3 | 1.1  |   3.5   |   0.5   |
| 非金属材料 | 688281 | 华秦科技 | 262.3  | 110.6 | 0.8  |   3.3   |   6.1   |
| 非金属材料 | 300743 | 天地数码 |  15.6  | 53.0  | 0.6  |   1.2   |   2.7   |
| 非金属材料 | 600516 | 方大炭素 | 277.1  | 205.5 | 0.6  |   0.1   |   2.2   |
| 非金属材料 | 600330 | 天通股份 | 106.4  | 24.3  | 0.4  |   6.5   |   6.7   |
| 非金属材料 | 603826 | 坤彩科技 | 308.9  | 289.4 | -0.2 |   1.5   |   1.4   |
| 非金属材料 | 603612 | 索通发展 | 132.3  | 20.9  | -1.4 |  13.5   |  23.7   |
| 非金属材料 | 688119 | 中钢洛耐 | 102.8  | 66.1  | -1.8 |  -12.2  |  80.6   |
| 非金属材料 | 600783 | 鲁信创投 |  98.2  | 50.0  | -1.9 |  -0.1   |   0.5   |
+------------+--------+----------+--------+-------+------+---------+---------+
