[行业>市值]
+----------+--------+----------+-------+-------+------+---------+---------+
|   行业   |  代码  |   名称   | 市值  |  pe   | 涨幅 | 3日涨幅 | 6日涨幅 |
+----------+--------+----------+-------+-------+------+---------+---------+
| 专业服务 | 300012 | 华测检测 | 372.2 | 77.6  | -1.4 |  -1.1   |  -3.5   |
| 专业服务 | 003035 | 南网能源 | 242.0 | 67.6  | 0.2  |   2.6   |  -0.2   |
| 专业服务 | 301080 | 百普赛斯 | 127.4 | 59.5  | 0.5  |   7.6   |   5.8   |
| 专业服务 | 688133 | 泰坦科技 | 111.0 | 142.8 | 1.1  |  -1.6   |  -9.6   |
| 专业服务 | 300887 | 谱尼测试 | 104.5 | 474.0 | -2.0 |  -0.8   |  -4.2   |
| 专业服务 | 002967 | 广电计量 | 101.9 | -32.1 | 1.9  |   3.3   |  -2.6   |
| 专业服务 | 603060 | 国检集团 | 87.1  | -77.6 | -0.5 |   2.0   |   2.6   |
| 专业服务 | 300416 | 苏试试验 | 86.6  | 75.0  | -0.1 |   1.1   |  -0.1   |
| 专业服务 | 688179 |  阿拉丁  | 76.0  | 61.3  | -1.9 |   7.1   |   2.6   |
| 专业服务 | 603698 | 航天工程 | 70.0  | 95.5  | -0.5 |   2.0   |  -2.0   |
| 专业服务 | 300384 | 三联虹普 | 58.1  | 24.5  | -0.7 |  15.7   |   5.0   |
| 专业服务 | 301166 |  优宁维  | 51.0  | 58.6  | -2.9 |  -1.6   |  -9.7   |
| 专业服务 | 300215 |  电科院  | 48.2  | 82.7  | -2.0 |   1.3   |  -5.1   |
| 专业服务 | 002564 | 天沃科技 | 41.2  | 550.7 | -0.8 |   1.1   |   3.7   |
| 专业服务 | 300962 | 中金辐照 | 38.5  | 33.8  | -0.6 |   1.5   |  -3.5   |
| 专业服务 | 002878 | 元隆雅图 | 38.0  | 10.3  | -3.5 |  -2.2   |  -7.2   |
| 专业服务 | 300797 | 钢研纳克 | 33.2  | 55.8  | -0.5 |   2.4   |  -3.2   |
| 专业服务 | 300572 | 安车检测 | 32.0  | 52.8  | -2.2 |   1.3   |  -4.5   |
| 专业服务 | 603776 |  永安行  | 30.8  | 62.3  | -0.1 |   3.6   |   1.5   |
| 专业服务 | 301257 |  普蕊斯  | 29.1  | 74.7  | -2.9 |  -2.0   |  -13.0  |
| 专业服务 | 300938 | 信测标准 | 28.0  | 31.3  | -2.1 |  -1.5   |  -10.1  |
| 专业服务 | 301169 | 零点有数 | 27.5  | -57.3 | -1.8 |   5.7   |  -1.4   |
| 专业服务 | 301228 | 实朴检测 | 24.8  | -42.9 | -2.9 |  -1.7   |  -8.0   |
| 专业服务 | 603183 |  建研院  | 24.5  | -60.3 | 0.0  |   0.4   |  -4.6   |
| 专业服务 | 003008 | 开普检测 | 18.6  | 34.5  | -1.4 |  -0.3   |  -4.1   |
| 专业服务 | 301289 | 国缆检测 | 15.1  | 22.5  | 0.0  |   0.0   |   0.0   |
+----------+--------+----------+-------+-------+------+---------+---------+
 




 [行业>单日涨幅]
+----------+--------+----------+-------+-------+------+---------+---------+
|   行业   |  代码  |   名称   | 市值  |  pe   | 涨幅 | 3日涨幅 | 6日涨幅 |
+----------+--------+----------+-------+-------+------+---------+---------+
| 专业服务 | 002967 | 广电计量 | 101.9 | -32.1 | 1.9  |   3.3   |  -2.6   |
| 专业服务 | 688133 | 泰坦科技 | 111.0 | 142.8 | 1.1  |  -1.6   |  -9.6   |
| 专业服务 | 301080 | 百普赛斯 | 127.4 | 59.5  | 0.5  |   7.6   |   5.8   |
| 专业服务 | 003035 | 南网能源 | 242.0 | 67.6  | 0.2  |   2.6   |  -0.2   |
| 专业服务 | 603183 |  建研院  | 24.5  | -60.3 | 0.0  |   0.4   |  -4.6   |
| 专业服务 | 301289 | 国缆检测 | 15.1  | 22.5  | 0.0  |   0.0   |   0.0   |
| 专业服务 | 300416 | 苏试试验 | 86.6  | 75.0  | -0.1 |   1.1   |  -0.1   |
| 专业服务 | 603776 |  永安行  | 30.8  | 62.3  | -0.1 |   3.6   |   1.5   |
| 专业服务 | 603698 | 航天工程 | 70.0  | 95.5  | -0.5 |   2.0   |  -2.0   |
| 专业服务 | 603060 | 国检集团 | 87.1  | -77.6 | -0.5 |   2.0   |   2.6   |
| 专业服务 | 300797 | 钢研纳克 | 33.2  | 55.8  | -0.5 |   2.4   |  -3.2   |
| 专业服务 | 300962 | 中金辐照 | 38.5  | 33.8  | -0.6 |   1.5   |  -3.5   |
| 专业服务 | 300384 | 三联虹普 | 58.1  | 24.5  | -0.7 |  15.7   |   5.0   |
| 专业服务 | 002564 | 天沃科技 | 41.2  | 550.7 | -0.8 |   1.1   |   3.7   |
| 专业服务 | 300012 | 华测检测 | 372.2 | 77.6  | -1.4 |  -1.1   |  -3.5   |
| 专业服务 | 003008 | 开普检测 | 18.6  | 34.5  | -1.4 |  -0.3   |  -4.1   |
| 专业服务 | 301169 | 零点有数 | 27.5  | -57.3 | -1.8 |   5.7   |  -1.4   |
| 专业服务 | 688179 |  阿拉丁  | 76.0  | 61.3  | -1.9 |   7.1   |   2.6   |
| 专业服务 | 300215 |  电科院  | 48.2  | 82.7  | -2.0 |   1.3   |  -5.1   |
| 专业服务 | 300887 | 谱尼测试 | 104.5 | 474.0 | -2.0 |  -0.8   |  -4.2   |
| 专业服务 | 300938 | 信测标准 | 28.0  | 31.3  | -2.1 |  -1.5   |  -10.1  |
| 专业服务 | 300572 | 安车检测 | 32.0  | 52.8  | -2.2 |   1.3   |  -4.5   |
| 专业服务 | 301257 |  普蕊斯  | 29.1  | 74.7  | -2.9 |  -2.0   |  -13.0  |
| 专业服务 | 301166 |  优宁维  | 51.0  | 58.6  | -2.9 |  -1.6   |  -9.7   |
| 专业服务 | 301228 | 实朴检测 | 24.8  | -42.9 | -2.9 |  -1.7   |  -8.0   |
| 专业服务 | 002878 | 元隆雅图 | 38.0  | 10.3  | -3.5 |  -2.2   |  -7.2   |
+----------+--------+----------+-------+-------+------+---------+---------+
