[行业>市值]
+------+--------+----------+--------+------+------+---------+---------+
| 行业 |  代码  |   名称   |  市值  |  pe  | 涨幅 | 3日涨幅 | 6日涨幅 |
+------+--------+----------+--------+------+------+---------+---------+
| 保险 | 601318 | 中国平安 | 8266.0 | 10.0 | 2.5  |   1.3   |   2.2   |
| 保险 | 601628 | 中国人寿 | 7414.0 | 12.2 | 4.3  |   3.1   |   4.7   |
| 保险 | 601319 | 中国人保 | 2247.0 | 6.4  | 5.8  |   6.5   |   9.5   |
| 保险 | 601601 | 中国太保 | 2098.0 | 9.7  | 2.4  |   1.2   |   2.7   |
| 保险 | 601336 | 新华保险 | 930.6  | 17.3 | 4.0  |   3.6   |   5.0   |
| 保险 | 000627 | 天茂集团 | 148.2  | 25.2 | 2.4  |   2.0   |   1.4   |
+------+--------+----------+--------+------+------+---------+---------+
 




 [行业>单日涨幅]
+------+--------+----------+--------+------+------+---------+---------+
| 行业 |  代码  |   名称   |  市值  |  pe  | 涨幅 | 3日涨幅 | 6日涨幅 |
+------+--------+----------+--------+------+------+---------+---------+
| 保险 | 601319 | 中国人保 | 2247.0 | 6.4  | 5.8  |   6.5   |   9.5   |
| 保险 | 601628 | 中国人寿 | 7414.0 | 12.2 | 4.3  |   3.1   |   4.7   |
| 保险 | 601336 | 新华保险 | 930.6  | 17.3 | 4.0  |   3.6   |   5.0   |
| 保险 | 601318 | 中国平安 | 8266.0 | 10.0 | 2.5  |   1.3   |   2.2   |
| 保险 | 601601 | 中国太保 | 2098.0 | 9.7  | 2.4  |   1.2   |   2.7   |
| 保险 | 000627 | 天茂集团 | 148.2  | 25.2 | 2.4  |   2.0   |   1.4   |
+------+--------+----------+--------+------+------+---------+---------+
