[行业>市值]
+----------+--------+----------+-------+--------+------+---------+---------+
|   行业   |  代码  |   名称   | 市值  |   pe   | 涨幅 | 3日涨幅 | 6日涨幅 |
+----------+--------+----------+-------+--------+------+---------+---------+
| 包装材料 | 002191 | 劲嘉股份 | 149.0 |  12.2  | 1.6  |   6.7   |   7.8   |
| 包装材料 | 002701 |  奥瑞金  | 127.6 |  15.5  | 0.0  |   0.8   |  -0.4   |
| 包装材料 | 600210 | 紫江企业 | 94.8  |  19.5  | -2.6 |   1.8   |   3.1   |
| 包装材料 | 601515 | 东风股份 | 87.3  |  18.0  | -1.7 |   7.2   |   5.8   |
| 包装材料 | 601968 | 宝钢包装 | 75.7  |  29.5  | -1.3 |   0.6   |  -6.8   |
| 包装材料 | 002565 | 顺灏股份 | 53.5  | -463.0 | -6.3 |   9.1   |  15.8   |
| 包装材料 | 002303 |  美盈森  | 50.8  |  30.9  | 0.9  |   0.9   |  -2.1   |
| 包装材料 | 600836 | 上海易连 | 46.8  | 536.9  | 0.1  |   2.2   |  -1.1   |
| 包装材料 | 002735 | 王子新材 | 46.3  |  28.4  | 0.1  |  -8.9   |  -9.0   |
| 包装材料 | 301062 | 上海艾录 | 45.4  |  35.8  | 0.6  |   2.0   |  -3.6   |
| 包装材料 | 000812 | 陕西金叶 | 44.4  | 170.6  | -1.7 |   7.5   |   4.7   |
| 包装材料 | 002752 | 昇兴股份 | 43.5  |  23.1  | -0.5 |   0.5   |  -2.2   |
| 包装材料 | 002228 | 合兴包装 | 42.6  |  20.4  | 1.2  |   1.8   |  -0.6   |
| 包装材料 | 002969 | 嘉美包装 | 41.7  | 177.6  | -3.1 |   7.7   |   4.1   |
| 包装材料 | 002014 | 永新股份 | 41.3  |  15.8  | 3.4  |   2.0   |   0.8   |
| 包装材料 | 000659 | 珠海中富 | 41.3  | -53.0  | 0.6  |  -0.9   |  -6.1   |
| 包装材料 | 603687 |  大胜达  | 38.1  |  39.0  | 1.2  |   3.8   |   5.9   |
| 包装材料 | 002951 | 金时科技 | 32.5  | 848.9  | -2.5 |   1.0   |  -4.3   |
| 包装材料 | 002799 | 环球印务 | 28.5  |  26.0  | -0.9 |   0.9   |   6.3   |
| 包装材料 | 300501 | 海顺新材 | 27.3  |  26.8  | -1.6 |   3.4   |  -3.3   |
| 包装材料 | 002599 | 盛通股份 | 25.4  | -25.6  | -2.7 |   7.6   |   3.3   |
| 包装材料 | 002846 | 英联股份 | 19.2  | -90.3  | 0.0  |   0.5   |  -4.7   |
| 包装材料 | 603022 |  新通联  | 17.6  |  55.1  | -0.3 |   2.6   |  -2.0   |
| 包装材料 | 002787 | 华源控股 | 17.4  | 135.3  | 1.3  |   0.7   |  -2.1   |
| 包装材料 | 003003 | 天元股份 | 15.8  | 1358.6 | 0.1  |   1.6   |  -2.7   |
+----------+--------+----------+-------+--------+------+---------+---------+
 




 [行业>单日涨幅]
+----------+--------+----------+-------+--------+------+---------+---------+
|   行业   |  代码  |   名称   | 市值  |   pe   | 涨幅 | 3日涨幅 | 6日涨幅 |
+----------+--------+----------+-------+--------+------+---------+---------+
| 包装材料 | 002014 | 永新股份 | 41.3  |  15.8  | 3.4  |   2.0   |   0.8   |
| 包装材料 | 002191 | 劲嘉股份 | 149.0 |  12.2  | 1.6  |   6.7   |   7.8   |
| 包装材料 | 002787 | 华源控股 | 17.4  | 135.3  | 1.3  |   0.7   |  -2.1   |
| 包装材料 | 603687 |  大胜达  | 38.1  |  39.0  | 1.2  |   3.8   |   5.9   |
| 包装材料 | 002228 | 合兴包装 | 42.6  |  20.4  | 1.2  |   1.8   |  -0.6   |
| 包装材料 | 002303 |  美盈森  | 50.8  |  30.9  | 0.9  |   0.9   |  -2.1   |
| 包装材料 | 000659 | 珠海中富 | 41.3  | -53.0  | 0.6  |  -0.9   |  -6.1   |
| 包装材料 | 301062 | 上海艾录 | 45.4  |  35.8  | 0.6  |   2.0   |  -3.6   |
| 包装材料 | 600836 | 上海易连 | 46.8  | 536.9  | 0.1  |   2.2   |  -1.1   |
| 包装材料 | 003003 | 天元股份 | 15.8  | 1358.6 | 0.1  |   1.6   |  -2.7   |
| 包装材料 | 002735 | 王子新材 | 46.3  |  28.4  | 0.1  |  -8.9   |  -9.0   |
| 包装材料 | 002701 |  奥瑞金  | 127.6 |  15.5  | 0.0  |   0.8   |  -0.4   |
| 包装材料 | 002846 | 英联股份 | 19.2  | -90.3  | 0.0  |   0.5   |  -4.7   |
| 包装材料 | 603022 |  新通联  | 17.6  |  55.1  | -0.3 |   2.6   |  -2.0   |
| 包装材料 | 002752 | 昇兴股份 | 43.5  |  23.1  | -0.5 |   0.5   |  -2.2   |
| 包装材料 | 002799 | 环球印务 | 28.5  |  26.0  | -0.9 |   0.9   |   6.3   |
| 包装材料 | 601968 | 宝钢包装 | 75.7  |  29.5  | -1.3 |   0.6   |  -6.8   |
| 包装材料 | 300501 | 海顺新材 | 27.3  |  26.8  | -1.6 |   3.4   |  -3.3   |
| 包装材料 | 601515 | 东风股份 | 87.3  |  18.0  | -1.7 |   7.2   |   5.8   |
| 包装材料 | 000812 | 陕西金叶 | 44.4  | 170.6  | -1.7 |   7.5   |   4.7   |
| 包装材料 | 002951 | 金时科技 | 32.5  | 848.9  | -2.5 |   1.0   |  -4.3   |
| 包装材料 | 600210 | 紫江企业 | 94.8  |  19.5  | -2.6 |   1.8   |   3.1   |
| 包装材料 | 002599 | 盛通股份 | 25.4  | -25.6  | -2.7 |   7.6   |   3.3   |
| 包装材料 | 002969 | 嘉美包装 | 41.7  | 177.6  | -3.1 |   7.7   |   4.1   |
| 包装材料 | 002565 | 顺灏股份 | 53.5  | -463.0 | -6.3 |   9.1   |  15.8   |
+----------+--------+----------+-------+--------+------+---------+---------+
