[行业>市值]
+----------+--------+----------+--------+-------+------+---------+---------+
|   行业   |  代码  |   名称   |  市值  |  pe   | 涨幅 | 3日涨幅 | 6日涨幅 |
+----------+--------+----------+--------+-------+------+---------+---------+
| 化纤行业 | 002493 | 荣盛石化 | 1702.0 | 13.7  | 0.8  |   4.9   |   7.1   |
| 化纤行业 | 600346 | 恒力石化 | 1675.0 |  9.9  | 2.4  |   2.3   |   4.8   |
| 化纤行业 | 000301 | 东方盛虹 | 1152.0 | 41.9  | 2.4  |  22.4   |  22.2   |
| 化纤行业 | 000703 | 恒逸石化 | 444.4  | 15.2  | 4.4  |  13.7   |  15.2   |
| 化纤行业 | 601233 | 桐昆股份 | 424.6  |  7.1  | 3.4  |   5.0   |   2.6   |
| 化纤行业 | 002064 | 华峰化学 | 404.9  |  7.4  | 1.1  |   1.1   |  -0.4   |
| 化纤行业 | 688295 | 中复神鹰 | 343.4  | 72.9  | 3.8  |   7.3   |   4.2   |
| 化纤行业 | 300777 | 中简科技 | 196.4  | 54.2  | -3.0 |   1.8   |  -4.1   |
| 化纤行业 | 603225 |  新凤鸣  | 176.8  | 15.5  | 1.4  |   2.2   |  -3.3   |
| 化纤行业 | 600063 | 皖维高新 | 147.7  |  8.9  | 0.9  |   5.2   |   7.4   |
| 化纤行业 | 000420 | 吉林化纤 | 107.5  | -54.9 | 0.8  |  13.8   |  18.1   |
| 化纤行业 | 002254 | 泰和新材 | 104.8  | 18.0  | 0.5  |   2.9   |   1.1   |
| 化纤行业 | 600810 | 神马股份 |  99.7  |  6.8  | 0.2  |   3.4   |   1.9   |
| 化纤行业 | 002206 | 海 利 得 |  81.8  | 16.7  | 1.4  |  10.4   |   6.9   |
| 化纤行业 | 000949 | 新乡化纤 |  55.9  | 34.1  | 0.8  |   4.7   |   1.9   |
| 化纤行业 | 601113 |  ST华鼎  |  49.3  | -16.2 | 0.2  |  -1.1   |  -0.7   |
| 化纤行业 | 000936 | 华西股份 |  48.1  | 62.3  | 1.9  |   1.5   |  -2.3   |
| 化纤行业 | 002427 | *ST尤夫  |  36.8  | -5.2  | -0.6 |  -1.8   |  -0.1   |
| 化纤行业 | 600527 | 江南高纤 |  36.7  | 57.4  | 0.5  |   0.9   |  -0.9   |
| 化纤行业 | 603332 | 苏州龙杰 |  34.2  | -63.7 | 0.8  |   1.2   |   3.9   |
| 化纤行业 | 688722 |  同益中  |  33.4  | 27.3  | -2.9 |   3.2   |   1.9   |
| 化纤行业 | 002172 | 澳洋健康 |  26.2  | 20.1  | -0.6 |  -0.3   |  -2.6   |
| 化纤行业 | 301057 | 汇隆新材 |  26.1  | 52.5  | 0.7  |   0.7   |   1.1   |
| 化纤行业 | 000677 | 恒天海龙 |  25.7  | 41.3  | 0.0  |   1.0   |  -2.9   |
| 化纤行业 | 000782 | 美达股份 |  24.5  | 30.8  | 0.4  |   0.0   |  -0.2   |
| 化纤行业 | 002998 | 优彩资源 |  23.9  | 20.0  | 0.6  |   0.4   |  -2.0   |
| 化纤行业 | 300876 | 蒙泰高新 |  22.0  | 36.2  | 1.1  |   1.3   |  -3.7   |
| 化纤行业 | 600889 | 南京化纤 |  17.5  | -13.9 | 0.6  |   2.6   |  -0.8   |
+----------+--------+----------+--------+-------+------+---------+---------+
 




 [行业>单日涨幅]
+----------+--------+----------+--------+-------+------+---------+---------+
|   行业   |  代码  |   名称   |  市值  |  pe   | 涨幅 | 3日涨幅 | 6日涨幅 |
+----------+--------+----------+--------+-------+------+---------+---------+
| 化纤行业 | 000703 | 恒逸石化 | 444.4  | 15.2  | 4.4  |  13.7   |  15.2   |
| 化纤行业 | 688295 | 中复神鹰 | 343.4  | 72.9  | 3.8  |   7.3   |   4.2   |
| 化纤行业 | 601233 | 桐昆股份 | 424.6  |  7.1  | 3.4  |   5.0   |   2.6   |
| 化纤行业 | 600346 | 恒力石化 | 1675.0 |  9.9  | 2.4  |   2.3   |   4.8   |
| 化纤行业 | 000301 | 东方盛虹 | 1152.0 | 41.9  | 2.4  |  22.4   |  22.2   |
| 化纤行业 | 000936 | 华西股份 |  48.1  | 62.3  | 1.9  |   1.5   |  -2.3   |
| 化纤行业 | 603225 |  新凤鸣  | 176.8  | 15.5  | 1.4  |   2.2   |  -3.3   |
| 化纤行业 | 002206 | 海 利 得 |  81.8  | 16.7  | 1.4  |  10.4   |   6.9   |
| 化纤行业 | 002064 | 华峰化学 | 404.9  |  7.4  | 1.1  |   1.1   |  -0.4   |
| 化纤行业 | 300876 | 蒙泰高新 |  22.0  | 36.2  | 1.1  |   1.3   |  -3.7   |
| 化纤行业 | 600063 | 皖维高新 | 147.7  |  8.9  | 0.9  |   5.2   |   7.4   |
| 化纤行业 | 002493 | 荣盛石化 | 1702.0 | 13.7  | 0.8  |   4.9   |   7.1   |
| 化纤行业 | 000420 | 吉林化纤 | 107.5  | -54.9 | 0.8  |  13.8   |  18.1   |
| 化纤行业 | 603332 | 苏州龙杰 |  34.2  | -63.7 | 0.8  |   1.2   |   3.9   |
| 化纤行业 | 000949 | 新乡化纤 |  55.9  | 34.1  | 0.8  |   4.7   |   1.9   |
| 化纤行业 | 301057 | 汇隆新材 |  26.1  | 52.5  | 0.7  |   0.7   |   1.1   |
| 化纤行业 | 600889 | 南京化纤 |  17.5  | -13.9 | 0.6  |   2.6   |  -0.8   |
| 化纤行业 | 002998 | 优彩资源 |  23.9  | 20.0  | 0.6  |   0.4   |  -2.0   |
| 化纤行业 | 600527 | 江南高纤 |  36.7  | 57.4  | 0.5  |   0.9   |  -0.9   |
| 化纤行业 | 002254 | 泰和新材 | 104.8  | 18.0  | 0.5  |   2.9   |   1.1   |
| 化纤行业 | 000782 | 美达股份 |  24.5  | 30.8  | 0.4  |   0.0   |  -0.2   |
| 化纤行业 | 601113 |  ST华鼎  |  49.3  | -16.2 | 0.2  |  -1.1   |  -0.7   |
| 化纤行业 | 600810 | 神马股份 |  99.7  |  6.8  | 0.2  |   3.4   |   1.9   |
| 化纤行业 | 000677 | 恒天海龙 |  25.7  | 41.3  | 0.0  |   1.0   |  -2.9   |
| 化纤行业 | 002427 | *ST尤夫  |  36.8  | -5.2  | -0.6 |  -1.8   |  -0.1   |
| 化纤行业 | 002172 | 澳洋健康 |  26.2  | 20.1  | -0.6 |  -0.3   |  -2.6   |
| 化纤行业 | 688722 |  同益中  |  33.4  | 27.3  | -2.9 |   3.2   |   1.9   |
| 化纤行业 | 300777 | 中简科技 | 196.4  | 54.2  | -3.0 |   1.8   |  -4.1   |
+----------+--------+----------+--------+-------+------+---------+---------+
