[行业>市值]
+----------+--------+----------+--------+-------+------+---------+---------+
|   行业   |  代码  |   名称   |  市值  |  pe   | 涨幅 | 3日涨幅 | 6日涨幅 |
+----------+--------+----------+--------+-------+------+---------+---------+
| 化肥行业 | 000792 | 盐湖股份 | 1679.0 | 12.0  | -2.1 |  -3.6   |  -3.4   |
| 化肥行业 | 600096 |  云天化  | 635.6  |  9.7  | 5.0  |  15.4   |  24.3   |
| 化肥行业 | 000408 | 藏格矿业 | 529.9  | 16.3  | -0.2 |   2.1   |   6.2   |
| 化肥行业 | 600141 | 兴发集团 | 517.1  |  7.5  | 4.0  |  12.0   |  17.5   |
| 化肥行业 | 000893 | 亚钾国际 | 290.7  | 25.9  | -0.8 |  10.2   |  12.2   |
| 化肥行业 | 002312 | 川发龙蟒 | 250.5  | 22.9  | 6.9  |   8.2   |  22.1   |
| 化肥行业 | 000902 |  新洋丰  | 243.3  | 14.9  | 1.3  |   9.0   |   9.6   |
| 化肥行业 | 002895 | 川恒股份 | 184.4  | 44.3  | 0.3  |  -3.6   |   2.4   |
| 化肥行业 | 002539 | 云图控股 | 180.7  |  9.7  | -1.1 |  -2.4   |   9.1   |
| 化肥行业 | 603938 | 三孚股份 | 169.2  | 28.1  | 4.0  |  25.8   |  35.1   |
| 化肥行业 | 002556 | 辉隆股份 | 116.4  | 13.9  | 0.9  |   1.2   |   0.4   |
| 化肥行业 | 600691 | 阳煤化工 | 105.3  | 28.4  | 3.5  |   8.1   |   9.9   |
| 化肥行业 | 002274 | 华昌化工 | 102.6  | 10.5  | -2.4 |   2.7   |   2.2   |
| 化肥行业 | 002538 |  司尔特  |  95.4  | 15.5  | -0.4 |  16.8   |  26.8   |
| 化肥行业 | 000912 |  泸天化  |  91.6  | 16.4  | -0.5 |   2.3   |   4.7   |
| 化肥行业 | 002588 |  史丹利  |  82.1  | 13.7  | -0.4 |   3.0   |   0.4   |
| 化肥行业 | 002470 |  ST金正  |  76.6  | -73.5 | -1.3 |  -3.3   |  -0.4   |
| 化肥行业 | 600078 | *ST澄星  |  75.7  | 28.0  | -5.0 |  -3.0   |  -7.8   |
| 化肥行业 | 300505 |  川金诺  |  64.7  | 27.0  | 1.9  |   3.8   |  16.3   |
| 化肥行业 | 000731 | 四川美丰 |  59.3  |  8.3  | 1.3  |   3.4   |   6.5   |
| 化肥行业 | 002170 | 芭田股份 |  54.7  | 63.0  | 0.2  |   5.1   |   7.9   |
| 化肥行业 | 600470 | 六国化工 |  44.3  | 16.6  | -2.5 |  -2.2   |   6.5   |
| 化肥行业 | 002999 | 天禾股份 |  27.4  | 49.0  | -3.1 |  -9.8   |  -1.5   |
| 化肥行业 | 300387 | 富邦股份 |  20.8  | 38.6  | -1.8 |   1.0   |  -3.4   |
| 化肥行业 | 000611 |  天首退  |  3.5   | -11.0 | -1.9 |   0.0   |  -70.0  |
+----------+--------+----------+--------+-------+------+---------+---------+
 




 [行业>单日涨幅]
+----------+--------+----------+--------+-------+------+---------+---------+
|   行业   |  代码  |   名称   |  市值  |  pe   | 涨幅 | 3日涨幅 | 6日涨幅 |
+----------+--------+----------+--------+-------+------+---------+---------+
| 化肥行业 | 002312 | 川发龙蟒 | 250.5  | 22.9  | 6.9  |   8.2   |  22.1   |
| 化肥行业 | 600096 |  云天化  | 635.6  |  9.7  | 5.0  |  15.4   |  24.3   |
| 化肥行业 | 600141 | 兴发集团 | 517.1  |  7.5  | 4.0  |  12.0   |  17.5   |
| 化肥行业 | 603938 | 三孚股份 | 169.2  | 28.1  | 4.0  |  25.8   |  35.1   |
| 化肥行业 | 600691 | 阳煤化工 | 105.3  | 28.4  | 3.5  |   8.1   |   9.9   |
| 化肥行业 | 300505 |  川金诺  |  64.7  | 27.0  | 1.9  |   3.8   |  16.3   |
| 化肥行业 | 000902 |  新洋丰  | 243.3  | 14.9  | 1.3  |   9.0   |   9.6   |
| 化肥行业 | 000731 | 四川美丰 |  59.3  |  8.3  | 1.3  |   3.4   |   6.5   |
| 化肥行业 | 002556 | 辉隆股份 | 116.4  | 13.9  | 0.9  |   1.2   |   0.4   |
| 化肥行业 | 002895 | 川恒股份 | 184.4  | 44.3  | 0.3  |  -3.6   |   2.4   |
| 化肥行业 | 002170 | 芭田股份 |  54.7  | 63.0  | 0.2  |   5.1   |   7.9   |
| 化肥行业 | 000408 | 藏格矿业 | 529.9  | 16.3  | -0.2 |   2.1   |   6.2   |
| 化肥行业 | 002538 |  司尔特  |  95.4  | 15.5  | -0.4 |  16.8   |  26.8   |
| 化肥行业 | 002588 |  史丹利  |  82.1  | 13.7  | -0.4 |   3.0   |   0.4   |
| 化肥行业 | 000912 |  泸天化  |  91.6  | 16.4  | -0.5 |   2.3   |   4.7   |
| 化肥行业 | 000893 | 亚钾国际 | 290.7  | 25.9  | -0.8 |  10.2   |  12.2   |
| 化肥行业 | 002539 | 云图控股 | 180.7  |  9.7  | -1.1 |  -2.4   |   9.1   |
| 化肥行业 | 002470 |  ST金正  |  76.6  | -73.5 | -1.3 |  -3.3   |  -0.4   |
| 化肥行业 | 300387 | 富邦股份 |  20.8  | 38.6  | -1.8 |   1.0   |  -3.4   |
| 化肥行业 | 000611 |  天首退  |  3.5   | -11.0 | -1.9 |   0.0   |  -70.0  |
| 化肥行业 | 000792 | 盐湖股份 | 1679.0 | 12.0  | -2.1 |  -3.6   |  -3.4   |
| 化肥行业 | 002274 | 华昌化工 | 102.6  | 10.5  | -2.4 |   2.7   |   2.2   |
| 化肥行业 | 600470 | 六国化工 |  44.3  | 16.6  | -2.5 |  -2.2   |   6.5   |
| 化肥行业 | 002999 | 天禾股份 |  27.4  | 49.0  | -3.1 |  -9.8   |  -1.5   |
| 化肥行业 | 600078 | *ST澄星  |  75.7  | 28.0  | -5.0 |  -3.0   |  -7.8   |
+----------+--------+----------+--------+-------+------+---------+---------+
