[行业>市值]
+----------+--------+----------+-------+--------+------+---------+---------+
|   行业   |  代码  |   名称   | 市值  |   pe   | 涨幅 | 3日涨幅 | 6日涨幅 |
+----------+--------+----------+-------+--------+------+---------+---------+
| 多元金融 | 000617 | 中油资本 | 628.3 |  9.1   | 2.7  |   2.7   |   2.7   |
| 多元金融 | 600705 | 中航产融 | 318.4 | 695.0  | 2.0  |   3.8   |   4.7   |
| 多元金融 | 000987 | 越秀金控 | 317.4 |  13.6  | 4.4  |   6.9   |   7.7   |
| 多元金融 | 600927 | 永安期货 | 314.7 | 241.4  | 10.0 |  10.8   |  10.0   |
| 多元金融 | 600816 |  ST安信  | 232.4 | -12.2  | 0.0  |   0.7   |   1.9   |
| 多元金融 | 600390 | 五矿资本 | 225.4 |  8.0   | 3.7  |   3.7   |   3.9   |
| 多元金融 | 002423 | 中粮资本 | 162.9 | -11.9  | 2.2  |   0.9   |  -0.7   |
| 多元金融 | 600901 | 江苏租赁 | 154.7 |  6.3   | 3.0  |   4.4   |   3.8   |
| 多元金融 | 000567 | 海德股份 | 147.3 |  28.9  | 0.4  |   5.1   |   8.6   |
| 多元金融 | 000415 | 渤海租赁 | 135.4 |  -4.6  | 2.8  |   2.3   |   1.9   |
| 多元金融 | 000563 | 陕国投Ａ  | 125.3 |  17.8  | 3.3  |   1.0   |   4.0   |
| 多元金融 | 600120 | 浙江东方 | 116.4 |  72.9  | 1.8  |   4.2   |   2.0   |
| 多元金融 | 600643 | 爱建集团 | 101.4 |  8.5   | 2.3  |   2.6   |   2.3   |
| 多元金融 | 002961 | 瑞达期货 | 79.0  |  20.7  | 3.6  |   6.1   |   4.2   |
| 多元金融 | 000046 | 泛海控股 | 77.4  |  -2.4  | 2.0  |   2.0   |   1.4   |
| 多元金融 | 600053 | 九鼎投资 | 75.5  |  42.5  | 1.9  |   0.2   |   3.4   |
| 多元金融 | 603093 | 南华期货 | 67.5  |  60.0  | 4.5  |   7.9   |   5.7   |
| 多元金融 | 000666 | 经纬纺机 | 63.3  |  11.6  | 2.7  |   3.6   |   1.4   |
| 多元金融 | 600318 | 新力金融 | 42.4  | 461.8  | 8.5  |   9.1   |  14.5   |
| 多元金融 | 002647 | 仁东控股 | 37.6  | -45.6  | -0.9 |  -0.9   |   1.7   |
| 多元金融 | 600830 | 香溢融通 | 27.6  |  57.4  | 0.7  |   2.5   |  -1.3   |
| 多元金融 | 000416 | 民生控股 | 20.4  | -110.1 | 3.5  |   3.8   |   7.9   |
| 多元金融 | 600599 |  ST熊猫  | 17.3  |  11.9  | -0.8 |   5.5   |  -2.3   |
| 多元金融 | 300309 | *ST吉艾  | 16.8  |  -3.8  | 7.3  |  -1.6   |  21.0   |
| 多元金融 | 600139 | *ST西源  | 13.8  |  -9.4  | -0.5 |  -2.8   |  -1.9   |
| 多元金融 | 600093 | 退市易见 |  4.9  |  -1.1  | 4.8  |  10.0   |   7.3   |
| 多元金融 | 600695 | 退市绿庭 |  3.6  | 168.3  | 0.0  |   0.0   |  -1.9   |
+----------+--------+----------+-------+--------+------+---------+---------+
 




 [行业>单日涨幅]
+----------+--------+----------+-------+--------+------+---------+---------+
|   行业   |  代码  |   名称   | 市值  |   pe   | 涨幅 | 3日涨幅 | 6日涨幅 |
+----------+--------+----------+-------+--------+------+---------+---------+
| 多元金融 | 600927 | 永安期货 | 314.7 | 241.4  | 10.0 |  10.8   |  10.0   |
| 多元金融 | 600318 | 新力金融 | 42.4  | 461.8  | 8.5  |   9.1   |  14.5   |
| 多元金融 | 300309 | *ST吉艾  | 16.8  |  -3.8  | 7.3  |  -1.6   |  21.0   |
| 多元金融 | 600093 | 退市易见 |  4.9  |  -1.1  | 4.8  |  10.0   |   7.3   |
| 多元金融 | 603093 | 南华期货 | 67.5  |  60.0  | 4.5  |   7.9   |   5.7   |
| 多元金融 | 000987 | 越秀金控 | 317.4 |  13.6  | 4.4  |   6.9   |   7.7   |
| 多元金融 | 600390 | 五矿资本 | 225.4 |  8.0   | 3.7  |   3.7   |   3.9   |
| 多元金融 | 002961 | 瑞达期货 | 79.0  |  20.7  | 3.6  |   6.1   |   4.2   |
| 多元金融 | 000416 | 民生控股 | 20.4  | -110.1 | 3.5  |   3.8   |   7.9   |
| 多元金融 | 000563 | 陕国投Ａ  | 125.3 |  17.8  | 3.3  |   1.0   |   4.0   |
| 多元金融 | 600901 | 江苏租赁 | 154.7 |  6.3   | 3.0  |   4.4   |   3.8   |
| 多元金融 | 000415 | 渤海租赁 | 135.4 |  -4.6  | 2.8  |   2.3   |   1.9   |
| 多元金融 | 000666 | 经纬纺机 | 63.3  |  11.6  | 2.7  |   3.6   |   1.4   |
| 多元金融 | 000617 | 中油资本 | 628.3 |  9.1   | 2.7  |   2.7   |   2.7   |
| 多元金融 | 600643 | 爱建集团 | 101.4 |  8.5   | 2.3  |   2.6   |   2.3   |
| 多元金融 | 002423 | 中粮资本 | 162.9 | -11.9  | 2.2  |   0.9   |  -0.7   |
| 多元金融 | 000046 | 泛海控股 | 77.4  |  -2.4  | 2.0  |   2.0   |   1.4   |
| 多元金融 | 600705 | 中航产融 | 318.4 | 695.0  | 2.0  |   3.8   |   4.7   |
| 多元金融 | 600053 | 九鼎投资 | 75.5  |  42.5  | 1.9  |   0.2   |   3.4   |
| 多元金融 | 600120 | 浙江东方 | 116.4 |  72.9  | 1.8  |   4.2   |   2.0   |
| 多元金融 | 600830 | 香溢融通 | 27.6  |  57.4  | 0.7  |   2.5   |  -1.3   |
| 多元金融 | 000567 | 海德股份 | 147.3 |  28.9  | 0.4  |   5.1   |   8.6   |
| 多元金融 | 600816 |  ST安信  | 232.4 | -12.2  | 0.0  |   0.7   |   1.9   |
| 多元金融 | 600695 | 退市绿庭 |  3.6  | 168.3  | 0.0  |   0.0   |  -1.9   |
| 多元金融 | 600139 | *ST西源  | 13.8  |  -9.4  | -0.5 |  -2.8   |  -1.9   |
| 多元金融 | 600599 |  ST熊猫  | 17.3  |  11.9  | -0.8 |   5.5   |  -2.3   |
| 多元金融 | 002647 | 仁东控股 | 37.6  | -45.6  | -0.9 |  -0.9   |   1.7   |
+----------+--------+----------+-------+--------+------+---------+---------+
