[行业>市值]
+----------+--------+----------+-------+--------+------+---------+---------+
|   行业   |  代码  |   名称   | 市值  |   pe   | 涨幅 | 3日涨幅 | 6日涨幅 |
+----------+--------+----------+-------+--------+------+---------+---------+
| 家用轻工 | 603899 | 晨光股份 | 456.9 |  41.4  | 1.1  |  -1.4   |  -1.6   |
| 家用轻工 | 001323 | 慕思股份 | 140.1 |  28.2  | 0.0  |   0.0   |   0.0   |
| 家用轻工 | 605099 | 共创草坪 | 103.2 |  30.3  | -0.5 |   1.4   |  -3.4   |
| 家用轻工 | 002489 | 浙江永强 | 92.0  |  16.8  | -0.2 |   8.2   |   2.2   |
| 家用轻工 | 603398 | 沐邦高科 | 86.3  | -236.9 | -0.4 |   4.7   |  -5.9   |
| 家用轻工 | 002678 | 珠江钢琴 | 78.9  |  37.2  | 0.0  |   0.9   |  -2.1   |
| 家用轻工 | 002605 | 姚记科技 | 64.2  |  17.5  | -1.2 |   2.3   |  -1.2   |
| 家用轻工 | 301101 | 明月镜片 | 62.5  |  70.7  | -8.1 |  -3.9   |  -3.5   |
| 家用轻工 | 603848 |  好太太  | 58.3  |  32.2  | 1.8  |   9.7   |   8.3   |
| 家用轻工 | 002301 | 齐心集团 | 43.2  |  19.6  | -0.3 |   0.5   |  -4.7   |
| 家用轻工 | 605299 | 舒华体育 | 42.1  |  79.2  | -0.6 |  -0.1   |  -4.6   |
| 家用轻工 | 300729 | 乐歌股份 | 36.2  |  50.3  | -1.7 |   1.3   |  -5.6   |
| 家用轻工 | 300651 | 金陵体育 | 34.1  | 333.0  | -3.8 |  -3.8   |  -8.3   |
| 家用轻工 | 002575 | 群兴玩具 | 30.3  | 436.5  | -0.8 |  -7.6   |  -3.5   |
| 家用轻工 | 600439 |  瑞贝卡  | 30.2  |  59.1  | 0.4  |   0.0   |  -2.9   |
| 家用轻工 | 002571 | 德力股份 | 27.6  | 267.4  | -2.1 |  10.2   |  16.8   |
| 家用轻工 | 002103 | 广博股份 | 23.4  | -39.1  | -0.7 |  -0.2   |  -0.9   |
| 家用轻工 | 002615 |  哈尔斯  | 22.7  |  18.4  | 0.7  |   0.6   |  -0.2   |
| 家用轻工 | 301004 | 嘉益股份 | 22.4  |  17.0  | 0.5  |   5.4   |  -2.3   |
| 家用轻工 | 002348 | 高乐股份 | 18.7  |  -9.3  | -0.5 |   1.6   |  -3.4   |
| 家用轻工 | 300329 | 海伦钢琴 | 17.0  |  67.4  | -0.6 |   2.9   |  -3.6   |
| 家用轻工 | 300703 | 创源股份 | 16.5  | 102.1  | -0.1 |   1.6   |  -0.4   |
| 家用轻工 | 300640 | 德艺文创 | 15.6  |  47.0  | -1.3 |  -0.6   |  -5.0   |
| 家用轻工 | 002899 |  英派斯  | 14.2  | 264.9  | 0.0  |   0.1   |  -1.8   |
| 家用轻工 | 002862 | 实丰文化 | 12.7  | 165.4  | -1.7 |  -1.5   |  -5.3   |
+----------+--------+----------+-------+--------+------+---------+---------+
 




 [行业>单日涨幅]
+----------+--------+----------+-------+--------+------+---------+---------+
|   行业   |  代码  |   名称   | 市值  |   pe   | 涨幅 | 3日涨幅 | 6日涨幅 |
+----------+--------+----------+-------+--------+------+---------+---------+
| 家用轻工 | 603848 |  好太太  | 58.3  |  32.2  | 1.8  |   9.7   |   8.3   |
| 家用轻工 | 603899 | 晨光股份 | 456.9 |  41.4  | 1.1  |  -1.4   |  -1.6   |
| 家用轻工 | 002615 |  哈尔斯  | 22.7  |  18.4  | 0.7  |   0.6   |  -0.2   |
| 家用轻工 | 301004 | 嘉益股份 | 22.4  |  17.0  | 0.5  |   5.4   |  -2.3   |
| 家用轻工 | 600439 |  瑞贝卡  | 30.2  |  59.1  | 0.4  |   0.0   |  -2.9   |
| 家用轻工 | 001323 | 慕思股份 | 140.1 |  28.2  | 0.0  |   0.0   |   0.0   |
| 家用轻工 | 002678 | 珠江钢琴 | 78.9  |  37.2  | 0.0  |   0.9   |  -2.1   |
| 家用轻工 | 002899 |  英派斯  | 14.2  | 264.9  | 0.0  |   0.1   |  -1.8   |
| 家用轻工 | 300703 | 创源股份 | 16.5  | 102.1  | -0.1 |   1.6   |  -0.4   |
| 家用轻工 | 002489 | 浙江永强 | 92.0  |  16.8  | -0.2 |   8.2   |   2.2   |
| 家用轻工 | 002301 | 齐心集团 | 43.2  |  19.6  | -0.3 |   0.5   |  -4.7   |
| 家用轻工 | 603398 | 沐邦高科 | 86.3  | -236.9 | -0.4 |   4.7   |  -5.9   |
| 家用轻工 | 002348 | 高乐股份 | 18.7  |  -9.3  | -0.5 |   1.6   |  -3.4   |
| 家用轻工 | 605099 | 共创草坪 | 103.2 |  30.3  | -0.5 |   1.4   |  -3.4   |
| 家用轻工 | 605299 | 舒华体育 | 42.1  |  79.2  | -0.6 |  -0.1   |  -4.6   |
| 家用轻工 | 300329 | 海伦钢琴 | 17.0  |  67.4  | -0.6 |   2.9   |  -3.6   |
| 家用轻工 | 002103 | 广博股份 | 23.4  | -39.1  | -0.7 |  -0.2   |  -0.9   |
| 家用轻工 | 002575 | 群兴玩具 | 30.3  | 436.5  | -0.8 |  -7.6   |  -3.5   |
| 家用轻工 | 002605 | 姚记科技 | 64.2  |  17.5  | -1.2 |   2.3   |  -1.2   |
| 家用轻工 | 300640 | 德艺文创 | 15.6  |  47.0  | -1.3 |  -0.6   |  -5.0   |
| 家用轻工 | 002862 | 实丰文化 | 12.7  | 165.4  | -1.7 |  -1.5   |  -5.3   |
| 家用轻工 | 300729 | 乐歌股份 | 36.2  |  50.3  | -1.7 |   1.3   |  -5.6   |
| 家用轻工 | 002571 | 德力股份 | 27.6  | 267.4  | -2.1 |  10.2   |  16.8   |
| 家用轻工 | 300651 | 金陵体育 | 34.1  | 333.0  | -3.8 |  -3.8   |  -8.3   |
| 家用轻工 | 301101 | 明月镜片 | 62.5  |  70.7  | -8.1 |  -3.9   |  -3.5   |
+----------+--------+----------+-------+--------+------+---------+---------+
