[行业>市值]
+----------+--------+----------+--------+--------+------+---------+---------+
|   行业   |  代码  |   名称   |  市值  |   pe   | 涨幅 | 3日涨幅 | 6日涨幅 |
+----------+--------+----------+--------+--------+------+---------+---------+
| 工程机械 | 600031 | 三一重工 | 1549.0 |  24.4  | 3.8  |   7.5   |   7.7   |
| 工程机械 | 601100 | 恒立液压 | 755.8  |  35.8  | 5.0  |   9.8   |   7.9   |
| 工程机械 | 000157 | 中联重科 | 529.4  |  14.6  | 1.0  |   2.4   |   0.3   |
| 工程机械 | 000425 | 徐工机械 | 419.1  |  7.5   | 1.1  |   2.1   |   0.4   |
| 工程机械 | 603338 | 浙江鼎力 | 238.0  |  30.4  | -3.3 |   0.0   |  -0.9   |
| 工程机械 | 688425 | 铁建重工 | 225.6  |  15.0  | -0.7 |  -0.1   |  -3.7   |
| 工程机械 | 603638 | 艾迪精密 | 158.8  |  54.9  | -0.5 |   2.9   |  -1.9   |
| 工程机械 | 000528 | 柳    工 | 128.4  |  12.6  | 1.7  |   3.1   |   2.3   |
| 工程机械 | 603298 | 杭叉集团 | 112.8  |  14.8  | -1.4 |  -3.3   |  -7.0   |
| 工程机械 | 600761 | 安徽合力 |  78.0  |  10.1  | 0.9  |   2.4   |   1.8   |
| 工程机械 | 000680 | 山推股份 |  75.8  |  5.2   | -0.4 |   5.2   |   2.2   |
| 工程机械 | 002204 | 大连重工 |  75.5  |  27.0  | 1.0  |   1.6   |   0.8   |
| 工程机械 | 600984 | 建设机械 |  72.7  | -33.7  | 0.4  |   2.7   |   0.1   |
| 工程机械 | 002097 | 山河智能 |  71.9  | -36.7  | -3.8 |   2.5   |   0.8   |
| 工程机械 | 605305 | 中际联合 |  66.4  |  37.6  | -3.8 |   2.0   |  -3.0   |
| 工程机械 | 601226 | 华电重工 |  57.2  | -13.1  | -0.2 |  -2.0   |  -1.4   |
| 工程机械 | 600375 | 汉马科技 |  56.4  |  -8.7  | 3.2  |  13.0   |   8.7   |
| 工程机械 | 600817 | 宇通重工 |  52.3  |  15.4  | 6.7  |   8.0   |  -1.7   |
| 工程机械 | 600815 | 厦工股份 |  51.3  | -670.5 | 0.3  |   1.1   |  -4.3   |
| 工程机械 | 603611 | 诺力股份 |  42.6  |  14.8  | 0.8  |   2.2   |   0.6   |
| 工程机械 | 300718 | 长盛轴承 |  38.6  |  31.9  | -0.8 |   2.3   |  -0.7   |
| 工程机械 | 605389 | 长龄液压 |  33.8  |  20.0  | -0.2 |  -1.5   |  -4.8   |
| 工程机械 | 301040 | 中环海陆 |  28.3  |  41.5  | -1.7 |  -0.8   |  -5.7   |
| 工程机械 | 002272 | 川润股份 |  25.2  |  64.9  | -3.2 |   8.5   |  10.2   |
| 工程机械 | 001288 | 运机集团 |  22.8  |  26.9  | -0.2 |   0.2   |  -4.2   |
| 工程机械 | 300201 | *ST海伦  |  20.9  |  16.0  | -0.5 |  -3.4   |  -5.6   |
| 工程机械 | 300022 | 吉峰科技 |  18.8  | -225.8 | 0.6  |   1.9   |  -4.8   |
+----------+--------+----------+--------+--------+------+---------+---------+
 




 [行业>单日涨幅]
+----------+--------+----------+--------+--------+------+---------+---------+
|   行业   |  代码  |   名称   |  市值  |   pe   | 涨幅 | 3日涨幅 | 6日涨幅 |
+----------+--------+----------+--------+--------+------+---------+---------+
| 工程机械 | 600817 | 宇通重工 |  52.3  |  15.4  | 6.7  |   8.0   |  -1.7   |
| 工程机械 | 601100 | 恒立液压 | 755.8  |  35.8  | 5.0  |   9.8   |   7.9   |
| 工程机械 | 600031 | 三一重工 | 1549.0 |  24.4  | 3.8  |   7.5   |   7.7   |
| 工程机械 | 600375 | 汉马科技 |  56.4  |  -8.7  | 3.2  |  13.0   |   8.7   |
| 工程机械 | 000528 | 柳    工 | 128.4  |  12.6  | 1.7  |   3.1   |   2.3   |
| 工程机械 | 000425 | 徐工机械 | 419.1  |  7.5   | 1.1  |   2.1   |   0.4   |
| 工程机械 | 002204 | 大连重工 |  75.5  |  27.0  | 1.0  |   1.6   |   0.8   |
| 工程机械 | 000157 | 中联重科 | 529.4  |  14.6  | 1.0  |   2.4   |   0.3   |
| 工程机械 | 600761 | 安徽合力 |  78.0  |  10.1  | 0.9  |   2.4   |   1.8   |
| 工程机械 | 603611 | 诺力股份 |  42.6  |  14.8  | 0.8  |   2.2   |   0.6   |
| 工程机械 | 300022 | 吉峰科技 |  18.8  | -225.8 | 0.6  |   1.9   |  -4.8   |
| 工程机械 | 600984 | 建设机械 |  72.7  | -33.7  | 0.4  |   2.7   |   0.1   |
| 工程机械 | 600815 | 厦工股份 |  51.3  | -670.5 | 0.3  |   1.1   |  -4.3   |
| 工程机械 | 601226 | 华电重工 |  57.2  | -13.1  | -0.2 |  -2.0   |  -1.4   |
| 工程机械 | 605389 | 长龄液压 |  33.8  |  20.0  | -0.2 |  -1.5   |  -4.8   |
| 工程机械 | 001288 | 运机集团 |  22.8  |  26.9  | -0.2 |   0.2   |  -4.2   |
| 工程机械 | 000680 | 山推股份 |  75.8  |  5.2   | -0.4 |   5.2   |   2.2   |
| 工程机械 | 300201 | *ST海伦  |  20.9  |  16.0  | -0.5 |  -3.4   |  -5.6   |
| 工程机械 | 603638 | 艾迪精密 | 158.8  |  54.9  | -0.5 |   2.9   |  -1.9   |
| 工程机械 | 688425 | 铁建重工 | 225.6  |  15.0  | -0.7 |  -0.1   |  -3.7   |
| 工程机械 | 300718 | 长盛轴承 |  38.6  |  31.9  | -0.8 |   2.3   |  -0.7   |
| 工程机械 | 603298 | 杭叉集团 | 112.8  |  14.8  | -1.4 |  -3.3   |  -7.0   |
| 工程机械 | 301040 | 中环海陆 |  28.3  |  41.5  | -1.7 |  -0.8   |  -5.7   |
| 工程机械 | 002272 | 川润股份 |  25.2  |  64.9  | -3.2 |   8.5   |  10.2   |
| 工程机械 | 603338 | 浙江鼎力 | 238.0  |  30.4  | -3.3 |   0.0   |  -0.9   |
| 工程机械 | 002097 | 山河智能 |  71.9  | -36.7  | -3.8 |   2.5   |   0.8   |
| 工程机械 | 605305 | 中际联合 |  66.4  |  37.6  | -3.8 |   2.0   |  -3.0   |
+----------+--------+----------+--------+--------+------+---------+---------+
