[行业>市值]
+----------+--------+----------+-------+--------+------+---------+---------+
|   行业   |  代码  |   名称   | 市值  |   pe   | 涨幅 | 3日涨幅 | 6日涨幅 |
+----------+--------+----------+-------+--------+------+---------+---------+
| 橡胶制品 | 601058 | 赛轮轮胎 | 353.8 |  27.5  | 3.4  |   4.8   |  -0.9   |
| 橡胶制品 | 601966 | 玲珑轮胎 | 327.6 | -89.1  | 4.0  |  10.2   |   0.4   |
| 橡胶制品 | 000887 | 中鼎股份 | 248.2 |  24.7  | 6.4  |  21.3   |  13.6   |
| 橡胶制品 | 601118 | 海南橡胶 | 205.4 | -181.4 | 0.8  |   0.4   |   1.5   |
| 橡胶制品 | 002984 |  森麒麟  | 195.9 |  21.0  | -0.7 |   2.4   |  -4.3   |
| 橡胶制品 | 603650 | 彤程新材 | 174.8 |  60.7  | -2.7 |   3.9   |  -3.3   |
| 橡胶制品 | 603033 | 三维股份 | 170.6 |  87.7  | 0.8  |   0.6   |   9.6   |
| 橡胶制品 | 300767 | 震安科技 | 146.3 | 112.4  | -0.1 |   3.4   |   6.2   |
| 橡胶制品 | 300587 | 天铁股份 | 112.9 |  24.4  | 2.4  |  10.9   |  11.1   |
| 橡胶制品 | 002068 | 黑猫股份 | 112.7 | -270.1 | 6.1  |  20.5   |  19.2   |
| 橡胶制品 | 601163 | 三角轮胎 | 92.7  |  39.7  | 0.5  |   1.3   |  -1.5   |
| 橡胶制品 | 600480 | 凌云股份 | 83.3  |  22.8  | 1.4  |   7.8   |   0.6   |
| 橡胶制品 | 300320 | 海达股份 | 80.6  |  50.0  | 7.9  |  20.6   |  13.8   |
| 橡胶制品 | 605183 | 确成股份 | 80.2  |  23.9  | 1.3  |   5.1   |   1.1   |
| 橡胶制品 | 000589 | 贵州轮胎 | 49.5  |  22.0  | 1.6  |   2.1   |  -0.7   |
| 橡胶制品 | 601500 | 通用股份 | 48.3  | 162.6  | 0.5  |   3.7   |   0.9   |
| 橡胶制品 | 600182 | S*ST佳通 | 41.7  | 259.1  | 4.7  |  11.4   |  15.1   |
| 橡胶制品 | 300121 | 阳谷华泰 | 41.0  |  9.0   | 1.8  |   6.0   |   4.4   |
| 橡胶制品 | 600469 | 风神股份 | 39.7  | -24.1  | 1.1  |   9.9   |   5.8   |
| 橡胶制品 | 000599 | 青岛双星 | 35.5  |  -6.1  | -5.2 |  -17.3  |  -9.9   |
| 橡胶制品 | 300547 | 川环科技 | 33.9  |  40.2  | -1.1 |  12.7   |   4.8   |
| 橡胶制品 | 002224 | 三 力 士 | 33.3  | -153.6 | 0.7  |   1.6   |  -0.9   |
| 橡胶制品 | 001207 | 联科科技 | 30.1  |  31.7  | 1.3  |   3.7   |   0.9   |
| 橡胶制品 | 002753 | 永东股份 | 28.8  |  68.1  | 1.3  |   1.9   |   0.1   |
| 橡胶制品 | 002442 | 龙星化工 | 26.9  |  59.0  | 1.5  |   5.0   |   3.6   |
| 橡胶制品 | 002381 | 双箭股份 | 25.7  |  19.8  | 0.7  |   1.5   |  -0.6   |
| 橡胶制品 | 300731 | 科创新源 | 21.2  | -47.5  | -2.2 |   3.9   |  -4.6   |
| 橡胶制品 | 301233 | 盛帮股份 |  0.0  |  0.0   | 0.0  |   0.0   |   0.0   |
+----------+--------+----------+-------+--------+------+---------+---------+
 




 [行业>单日涨幅]
+----------+--------+----------+-------+--------+------+---------+---------+
|   行业   |  代码  |   名称   | 市值  |   pe   | 涨幅 | 3日涨幅 | 6日涨幅 |
+----------+--------+----------+-------+--------+------+---------+---------+
| 橡胶制品 | 300320 | 海达股份 | 80.6  |  50.0  | 7.9  |  20.6   |  13.8   |
| 橡胶制品 | 000887 | 中鼎股份 | 248.2 |  24.7  | 6.4  |  21.3   |  13.6   |
| 橡胶制品 | 002068 | 黑猫股份 | 112.7 | -270.1 | 6.1  |  20.5   |  19.2   |
| 橡胶制品 | 600182 | S*ST佳通 | 41.7  | 259.1  | 4.7  |  11.4   |  15.1   |
| 橡胶制品 | 601966 | 玲珑轮胎 | 327.6 | -89.1  | 4.0  |  10.2   |   0.4   |
| 橡胶制品 | 601058 | 赛轮轮胎 | 353.8 |  27.5  | 3.4  |   4.8   |  -0.9   |
| 橡胶制品 | 300587 | 天铁股份 | 112.9 |  24.4  | 2.4  |  10.9   |  11.1   |
| 橡胶制品 | 300121 | 阳谷华泰 | 41.0  |  9.0   | 1.8  |   6.0   |   4.4   |
| 橡胶制品 | 000589 | 贵州轮胎 | 49.5  |  22.0  | 1.6  |   2.1   |  -0.7   |
| 橡胶制品 | 002442 | 龙星化工 | 26.9  |  59.0  | 1.5  |   5.0   |   3.6   |
| 橡胶制品 | 600480 | 凌云股份 | 83.3  |  22.8  | 1.4  |   7.8   |   0.6   |
| 橡胶制品 | 002753 | 永东股份 | 28.8  |  68.1  | 1.3  |   1.9   |   0.1   |
| 橡胶制品 | 001207 | 联科科技 | 30.1  |  31.7  | 1.3  |   3.7   |   0.9   |
| 橡胶制品 | 605183 | 确成股份 | 80.2  |  23.9  | 1.3  |   5.1   |   1.1   |
| 橡胶制品 | 600469 | 风神股份 | 39.7  | -24.1  | 1.1  |   9.9   |   5.8   |
| 橡胶制品 | 601118 | 海南橡胶 | 205.4 | -181.4 | 0.8  |   0.4   |   1.5   |
| 橡胶制品 | 603033 | 三维股份 | 170.6 |  87.7  | 0.8  |   0.6   |   9.6   |
| 橡胶制品 | 002224 | 三 力 士 | 33.3  | -153.6 | 0.7  |   1.6   |  -0.9   |
| 橡胶制品 | 002381 | 双箭股份 | 25.7  |  19.8  | 0.7  |   1.5   |  -0.6   |
| 橡胶制品 | 601163 | 三角轮胎 | 92.7  |  39.7  | 0.5  |   1.3   |  -1.5   |
| 橡胶制品 | 601500 | 通用股份 | 48.3  | 162.6  | 0.5  |   3.7   |   0.9   |
| 橡胶制品 | 301233 | 盛帮股份 |  0.0  |  0.0   | 0.0  |   0.0   |   0.0   |
| 橡胶制品 | 300767 | 震安科技 | 146.3 | 112.4  | -0.1 |   3.4   |   6.2   |
| 橡胶制品 | 002984 |  森麒麟  | 195.9 |  21.0  | -0.7 |   2.4   |  -4.3   |
| 橡胶制品 | 300547 | 川环科技 | 33.9  |  40.2  | -1.1 |  12.7   |   4.8   |
| 橡胶制品 | 300731 | 科创新源 | 21.2  | -47.5  | -2.2 |   3.9   |  -4.6   |
| 橡胶制品 | 603650 | 彤程新材 | 174.8 |  60.7  | -2.7 |   3.9   |  -3.3   |
| 橡胶制品 | 000599 | 青岛双星 | 35.5  |  -6.1  | -5.2 |  -17.3  |  -9.9   |
+----------+--------+----------+-------+--------+------+---------+---------+
