[行业>市值]
+----------+--------+----------+--------+-------+------+---------+---------+
|   行业   |  代码  |   名称   |  市值  |  pe   | 涨幅 | 3日涨幅 | 6日涨幅 |
+----------+--------+----------+--------+-------+------+---------+---------+
| 汽车整车 | 601633 | 长城汽车 | 3818.0 | 58.4  | 7.3  |  15.9   |  13.4   |
| 汽车整车 | 600104 | 上汽集团 | 2136.0 |  9.7  | 3.7  |   6.8   |   3.6   |
| 汽车整车 | 601238 | 广汽集团 | 1798.0 | 14.9  | 2.9  |  10.2   |   8.3   |
| 汽车整车 | 000625 | 长安汽车 | 1426.0 |  7.9  | 10.0 |  23.8   |  19.4   |
| 汽车整车 | 601127 | 小康股份 | 911.6  | -27.2 | -2.9 |   3.1   |  -3.2   |
| 汽车整车 | 000800 | 一汽解放 | 510.1  | 28.2  | 10.0 |  22.5   |  19.9   |
| 汽车整车 | 600733 | 北汽蓝谷 | 386.3  | -10.1 | 10.0 |  16.4   |   7.8   |
| 汽车整车 | 600418 | 江淮汽车 | 290.9  | -25.1 | 7.0  |   9.9   |  10.6   |
| 汽车整车 | 601777 | 力帆科技 | 245.7  | 120.8 | 1.7  |   7.1   |  14.0   |
| 汽车整车 | 301039 | 中集车辆 | 216.3  | 43.4  | 2.5  |   5.3   |  -6.0   |
| 汽车整车 | 000980 |  ST众泰  | 203.3  | -32.4 | 5.0  |  12.6   |  11.4   |
| 汽车整车 | 600166 | 福田汽车 | 188.7  | 34.9  | 4.7  |   8.3   |   2.1   |
| 汽车整车 | 600066 | 宇通客车 | 185.7  | -40.1 | 4.1  |   6.2   |   0.4   |
| 汽车整车 | 600006 | 东风汽车 | 178.8  | 37.7  | 2.8  |  -1.2   |  -1.2   |
| 汽车整车 | 000951 | 中国重汽 | 147.8  | 29.8  | 1.7  |   4.4   |  -0.7   |
| 汽车整车 | 000550 | 江铃汽车 | 141.6  | 18.2  | 6.6  |  10.7   |   0.0   |
| 汽车整车 | 000572 | 海马汽车 | 108.4  | -44.5 | 3.8  |  15.2   |  14.4   |
| 汽车整车 | 000957 | 中通客车 |  99.3  | -70.4 | 4.2  |   4.7   |   4.7   |
| 汽车整车 | 600686 | 金龙汽车 |  47.0  | 303.3 | 5.0  |   7.5   |  -3.0   |
| 汽车整车 | 000868 | 安凯客车 |  39.5  | -24.7 | 3.5  |  -0.4   |  -15.4  |
| 汽车整车 | 600213 | 亚星客车 |  24.4  | -14.0 | 1.5  |   5.7   |  -9.8   |
| 汽车整车 | 600303 |  ST曙光  |  22.8  | -17.4 | 2.4  |   1.2   |  -4.8   |
| 汽车整车 | 002594 |  比亚迪  |  0.0   | 309.3 | -1.5 |   6.6   |   8.0   |
+----------+--------+----------+--------+-------+------+---------+---------+
 




 [行业>单日涨幅]
+----------+--------+----------+--------+-------+------+---------+---------+
|   行业   |  代码  |   名称   |  市值  |  pe   | 涨幅 | 3日涨幅 | 6日涨幅 |
+----------+--------+----------+--------+-------+------+---------+---------+
| 汽车整车 | 000800 | 一汽解放 | 510.1  | 28.2  | 10.0 |  22.5   |  19.9   |
| 汽车整车 | 000625 | 长安汽车 | 1426.0 |  7.9  | 10.0 |  23.8   |  19.4   |
| 汽车整车 | 600733 | 北汽蓝谷 | 386.3  | -10.1 | 10.0 |  16.4   |   7.8   |
| 汽车整车 | 601633 | 长城汽车 | 3818.0 | 58.4  | 7.3  |  15.9   |  13.4   |
| 汽车整车 | 600418 | 江淮汽车 | 290.9  | -25.1 | 7.0  |   9.9   |  10.6   |
| 汽车整车 | 000550 | 江铃汽车 | 141.6  | 18.2  | 6.6  |  10.7   |   0.0   |
| 汽车整车 | 000980 |  ST众泰  | 203.3  | -32.4 | 5.0  |  12.6   |  11.4   |
| 汽车整车 | 600686 | 金龙汽车 |  47.0  | 303.3 | 5.0  |   7.5   |  -3.0   |
| 汽车整车 | 600166 | 福田汽车 | 188.7  | 34.9  | 4.7  |   8.3   |   2.1   |
| 汽车整车 | 000957 | 中通客车 |  99.3  | -70.4 | 4.2  |   4.7   |   4.7   |
| 汽车整车 | 600066 | 宇通客车 | 185.7  | -40.1 | 4.1  |   6.2   |   0.4   |
| 汽车整车 | 000572 | 海马汽车 | 108.4  | -44.5 | 3.8  |  15.2   |  14.4   |
| 汽车整车 | 600104 | 上汽集团 | 2136.0 |  9.7  | 3.7  |   6.8   |   3.6   |
| 汽车整车 | 000868 | 安凯客车 |  39.5  | -24.7 | 3.5  |  -0.4   |  -15.4  |
| 汽车整车 | 601238 | 广汽集团 | 1798.0 | 14.9  | 2.9  |  10.2   |   8.3   |
| 汽车整车 | 600006 | 东风汽车 | 178.8  | 37.7  | 2.8  |  -1.2   |  -1.2   |
| 汽车整车 | 301039 | 中集车辆 | 216.3  | 43.4  | 2.5  |   5.3   |  -6.0   |
| 汽车整车 | 600303 |  ST曙光  |  22.8  | -17.4 | 2.4  |   1.2   |  -4.8   |
| 汽车整车 | 000951 | 中国重汽 | 147.8  | 29.8  | 1.7  |   4.4   |  -0.7   |
| 汽车整车 | 601777 | 力帆科技 | 245.7  | 120.8 | 1.7  |   7.1   |  14.0   |
| 汽车整车 | 600213 | 亚星客车 |  24.4  | -14.0 | 1.5  |   5.7   |  -9.8   |
| 汽车整车 | 002594 |  比亚迪  |  0.0   | 309.3 | -1.5 |   6.6   |   8.0   |
| 汽车整车 | 601127 | 小康股份 | 911.6  | -27.2 | -2.9 |   3.1   |  -3.2   |
+----------+--------+----------+--------+-------+------+---------+---------+
