[行业>市值]
+------------+--------+----------+-------+--------+------+---------+---------+
|    行业    |  代码  |   名称   | 市值  |   pe   | 涨幅 | 3日涨幅 | 6日涨幅 |
+------------+--------+----------+-------+--------+------+---------+---------+
| 电子化学品 | 002643 | 万润股份 | 183.9 |  19.8  | -3.3 |   4.5   |   0.1   |
| 电子化学品 | 300054 | 鼎龙股份 | 176.9 |  62.0  | -3.1 |  -1.7   |  -4.6   |
| 电子化学品 | 300346 | 南大光电 | 166.1 |  51.5  | -2.1 |   2.1   |  -2.5   |
| 电子化学品 | 688019 | 安集科技 | 151.3 |  95.5  | -5.3 |  -6.1   |  -9.6   |
| 电子化学品 | 300398 | 飞凯材料 | 112.7 |  20.3  | -0.9 |   4.6   |  -1.8   |
| 电子化学品 | 300655 | 晶瑞电材 | 99.3  |  77.7  | -1.5 |   5.7   |  -1.7   |
| 电子化学品 | 688106 | 金宏气体 | 94.3  |  60.7  | -1.7 |   3.1   |  -6.7   |
| 电子化学品 | 300236 | 上海新阳 | 93.7  | -172.3 | -1.2 |   0.3   |  -4.2   |
| 电子化学品 | 688268 | 华特气体 | 81.7  |  52.2  | -4.5 |   1.1   |  -8.9   |
| 电子化学品 | 688550 | 瑞联新材 | 73.8  |  23.1  | -3.3 |   6.4   |  -2.2   |
| 电子化学品 | 002741 | 光华科技 | 69.2  |  49.0  | 0.0  |   4.8   |   1.1   |
| 电子化学品 | 300481 | 濮阳惠成 | 68.5  |  20.4  | -0.5 |   4.4   |   2.7   |
| 电子化学品 | 603078 |  江化微  | 61.8  |  46.8  | -2.9 |   4.0   |  -0.4   |
| 电子化学品 | 300576 | 容大感光 | 53.6  | 129.5  | -0.7 |   3.5   |  -0.6   |
| 电子化学品 | 300429 | 强力新材 | 46.3  |  46.3  | -1.0 |   1.5   |  -2.9   |
| 电子化学品 | 002584 | 西陇科学 | 44.4  |  13.2  | -0.7 |   4.1   |  -0.1   |
| 电子化学品 | 603931 |  格林达  | 38.6  |  24.5  | -0.9 |   3.5   |  -8.1   |
| 电子化学品 | 688359 | XD三孚新 | 36.1  | -151.7 | 2.4  |   2.6   |  -2.3   |
| 电子化学品 | 300446 | 乐凯新材 | 25.1  | 395.8  | -2.6 |  -4.7   |  -9.5   |
| 电子化学品 | 300537 | 广信材料 | 21.7  | -47.1  | 0.6  |   2.8   |  -2.2   |
| 电子化学品 | 300637 | 扬帆新材 | 16.6  |  35.8  | -0.1 |   2.3   |  -4.2   |
+------------+--------+----------+-------+--------+------+---------+---------+
 




 [行业>单日涨幅]
+------------+--------+----------+-------+--------+------+---------+---------+
|    行业    |  代码  |   名称   | 市值  |   pe   | 涨幅 | 3日涨幅 | 6日涨幅 |
+------------+--------+----------+-------+--------+------+---------+---------+
| 电子化学品 | 688359 | XD三孚新 | 36.1  | -151.7 | 2.4  |   2.6   |  -2.3   |
| 电子化学品 | 300537 | 广信材料 | 21.7  | -47.1  | 0.6  |   2.8   |  -2.2   |
| 电子化学品 | 002741 | 光华科技 | 69.2  |  49.0  | 0.0  |   4.8   |   1.1   |
| 电子化学品 | 300637 | 扬帆新材 | 16.6  |  35.8  | -0.1 |   2.3   |  -4.2   |
| 电子化学品 | 300481 | 濮阳惠成 | 68.5  |  20.4  | -0.5 |   4.4   |   2.7   |
| 电子化学品 | 300576 | 容大感光 | 53.6  | 129.5  | -0.7 |   3.5   |  -0.6   |
| 电子化学品 | 002584 | 西陇科学 | 44.4  |  13.2  | -0.7 |   4.1   |  -0.1   |
| 电子化学品 | 603931 |  格林达  | 38.6  |  24.5  | -0.9 |   3.5   |  -8.1   |
| 电子化学品 | 300398 | 飞凯材料 | 112.7 |  20.3  | -0.9 |   4.6   |  -1.8   |
| 电子化学品 | 300429 | 强力新材 | 46.3  |  46.3  | -1.0 |   1.5   |  -2.9   |
| 电子化学品 | 300236 | 上海新阳 | 93.7  | -172.3 | -1.2 |   0.3   |  -4.2   |
| 电子化学品 | 300655 | 晶瑞电材 | 99.3  |  77.7  | -1.5 |   5.7   |  -1.7   |
| 电子化学品 | 688106 | 金宏气体 | 94.3  |  60.7  | -1.7 |   3.1   |  -6.7   |
| 电子化学品 | 300346 | 南大光电 | 166.1 |  51.5  | -2.1 |   2.1   |  -2.5   |
| 电子化学品 | 300446 | 乐凯新材 | 25.1  | 395.8  | -2.6 |  -4.7   |  -9.5   |
| 电子化学品 | 603078 |  江化微  | 61.8  |  46.8  | -2.9 |   4.0   |  -0.4   |
| 电子化学品 | 300054 | 鼎龙股份 | 176.9 |  62.0  | -3.1 |  -1.7   |  -4.6   |
| 电子化学品 | 688550 | 瑞联新材 | 73.8  |  23.1  | -3.3 |   6.4   |  -2.2   |
| 电子化学品 | 002643 | 万润股份 | 183.9 |  19.8  | -3.3 |   4.5   |   0.1   |
| 电子化学品 | 688268 | 华特气体 | 81.7  |  52.2  | -4.5 |   1.1   |  -8.9   |
| 电子化学品 | 688019 | 安集科技 | 151.3 |  95.5  | -5.3 |  -6.1   |  -9.6   |
+------------+--------+----------+-------+--------+------+---------+---------+
