[行业>市值]
+----------+--------+----------+--------+-------+------+---------+---------+
|   行业   |  代码  |   名称   |  市值  |  pe   | 涨幅 | 3日涨幅 | 6日涨幅 |
+----------+--------+----------+--------+-------+------+---------+---------+
| 石油行业 | 600938 | 中国海油 | 9718.0 |  7.1  | 4.0  |   3.5   |   9.8   |
| 石油行业 | 600028 | 中国石化 | 5133.0 |  5.7  | 1.7  |   0.7   |   2.7   |
| 石油行业 | 600256 | 广汇能源 | 768.8  |  8.7  | 1.8  |   3.7   |  15.0   |
| 石油行业 | 600688 | 上海石化 | 374.5  | 43.9  | 3.3  |   2.1   |   3.9   |
| 石油行业 | 600777 | 新潮能源 | 223.7  | 10.6  | 6.1  |  17.1   |  47.5   |
| 石油行业 | 002221 | 东华能源 | 143.6  | 33.6  | 3.9  |   6.3   |   3.7   |
| 石油行业 | 000059 | 华锦股份 | 108.6  |  9.6  | 0.4  |   2.1   |   4.3   |
| 石油行业 | 600759 |  ST洲际  |  65.0  | 20.9  | 5.1  |  15.7   |  34.1   |
| 石油行业 | 000096 | 广聚能源 |  62.5  | 166.6 | 1.8  |  12.0   |  26.5   |
| 石油行业 | 000819 | 岳阳兴长 |  48.5  | 102.8 | 6.8  |  11.6   |  31.7   |
| 石油行业 | 000698 | 沈阳化工 |  37.9  | -8.3  | 2.4  |   1.3   |  -0.4   |
| 石油行业 | 603353 | 和顺石油 |  37.6  | 45.7  | 10.0 |  12.0   |  14.8   |
| 石油行业 | 000554 | 泰山石油 |  31.5  | 277.6 | 10.1 |   4.0   |  13.5   |
| 石油行业 | 600387 |  ST海越  |  29.9  | 43.7  | 1.3  |  -0.6   |   1.8   |
| 石油行业 | 000159 | 国际实业 |  29.8  | 35.4  | 5.6  |   4.7   |   8.4   |
| 石油行业 | 000637 | 茂化实华 |  25.4  | -84.1 | 3.0  |  -0.4   |  -0.6   |
| 石油行业 | 300839 | 博汇股份 |  25.3  | 31.1  | 2.0  |  -0.1   |   4.0   |
| 石油行业 | 603798 |  康普顿  |  20.9  | 17.0  | 1.3  |   2.2   |   3.8   |
| 石油行业 | 002778 | 中晟高科 |  16.9  | 380.9 | 0.2  |   2.5   |   0.6   |
| 石油行业 | 300023 |  宝德退  |  4.0   | 17.8  | 4.2  |   5.0   |  -58.8  |
| 石油行业 | 601857 | 中国石油 |  0.0   |  7.3  | 5.4  |   7.1   |  12.9   |
+----------+--------+----------+--------+-------+------+---------+---------+
 




 [行业>单日涨幅]
+----------+--------+----------+--------+-------+------+---------+---------+
|   行业   |  代码  |   名称   |  市值  |  pe   | 涨幅 | 3日涨幅 | 6日涨幅 |
+----------+--------+----------+--------+-------+------+---------+---------+
| 石油行业 | 000554 | 泰山石油 |  31.5  | 277.6 | 10.1 |   4.0   |  13.5   |
| 石油行业 | 603353 | 和顺石油 |  37.6  | 45.7  | 10.0 |  12.0   |  14.8   |
| 石油行业 | 000819 | 岳阳兴长 |  48.5  | 102.8 | 6.8  |  11.6   |  31.7   |
| 石油行业 | 600777 | 新潮能源 | 223.7  | 10.6  | 6.1  |  17.1   |  47.5   |
| 石油行业 | 000159 | 国际实业 |  29.8  | 35.4  | 5.6  |   4.7   |   8.4   |
| 石油行业 | 601857 | 中国石油 |  0.0   |  7.3  | 5.4  |   7.1   |  12.9   |
| 石油行业 | 600759 |  ST洲际  |  65.0  | 20.9  | 5.1  |  15.7   |  34.1   |
| 石油行业 | 300023 |  宝德退  |  4.0   | 17.8  | 4.2  |   5.0   |  -58.8  |
| 石油行业 | 600938 | 中国海油 | 9718.0 |  7.1  | 4.0  |   3.5   |   9.8   |
| 石油行业 | 002221 | 东华能源 | 143.6  | 33.6  | 3.9  |   6.3   |   3.7   |
| 石油行业 | 600688 | 上海石化 | 374.5  | 43.9  | 3.3  |   2.1   |   3.9   |
| 石油行业 | 000637 | 茂化实华 |  25.4  | -84.1 | 3.0  |  -0.4   |  -0.6   |
| 石油行业 | 000698 | 沈阳化工 |  37.9  | -8.3  | 2.4  |   1.3   |  -0.4   |
| 石油行业 | 300839 | 博汇股份 |  25.3  | 31.1  | 2.0  |  -0.1   |   4.0   |
| 石油行业 | 600256 | 广汇能源 | 768.8  |  8.7  | 1.8  |   3.7   |  15.0   |
| 石油行业 | 000096 | 广聚能源 |  62.5  | 166.6 | 1.8  |  12.0   |  26.5   |
| 石油行业 | 600028 | 中国石化 | 5133.0 |  5.7  | 1.7  |   0.7   |   2.7   |
| 石油行业 | 600387 |  ST海越  |  29.9  | 43.7  | 1.3  |  -0.6   |   1.8   |
| 石油行业 | 603798 |  康普顿  |  20.9  | 17.0  | 1.3  |   2.2   |   3.8   |
| 石油行业 | 000059 | 华锦股份 | 108.6  |  9.6  | 0.4  |   2.1   |   4.3   |
| 石油行业 | 002778 | 中晟高科 |  16.9  | 380.9 | 0.2  |   2.5   |   0.6   |
+----------+--------+----------+--------+-------+------+---------+---------+
