[行业>市值]
+----------+--------+----------+-------+--------+------+---------+---------+
|   行业   |  代码  |   名称   | 市值  |   pe   | 涨幅 | 3日涨幅 | 6日涨幅 |
+----------+--------+----------+-------+--------+------+---------+---------+
| 综合行业 | 000009 | 中国宝安 | 353.1 |  53.5  | -2.8 |  -0.1   |   0.4   |
| 综合行业 | 000958 | 电投产融 | 265.4 |  21.8  | 2.5  |   5.8   |   5.3   |
| 综合行业 | 600673 |  东阳光  | 256.2 |  22.2  | -0.9 |   5.3   |   5.3   |
| 综合行业 | 600770 | 综艺股份 | 100.8 | -17.2  | -0.8 |   2.4   |  -3.6   |
| 综合行业 | 000158 | 常山北明 | 98.5  | -28.5  | 0.2  |   1.3   |   1.5   |
| 综合行业 | 000839 |  ST国安  | 83.1  | -14.2  | 1.9  |  -3.6   |   7.6   |
| 综合行业 | 000833 | 粤桂股份 | 77.0  |  54.1  | -3.4 |   6.6   |  28.3   |
| 综合行业 | 000861 | 海印股份 | 71.1  |  17.5  | -2.1 |  -2.4   |  -5.4   |
| 综合行业 | 002758 | 浙农股份 | 70.2  |  12.5  | -1.6 |  -6.1   |  -1.3   |
| 综合行业 | 000909 | 数源科技 | 66.1  | 339.1  | 3.3  |   6.4   |  10.6   |
| 综合行业 | 000803 | 北清环能 | 57.0  |  35.3  | -1.3 |   1.1   |   6.3   |
| 综合行业 | 000652 | 泰达股份 | 56.7  | 365.3  | 0.8  |   1.6   |   0.5   |
| 综合行业 | 000576 | 甘化科工 | 52.4  |  51.9  | -2.6 |   5.4   |   3.4   |
| 综合行业 | 600624 | 复旦复华 | 48.7  | 211.3  | -1.0 |  -3.7   |  -1.9   |
| 综合行业 | 600784 | 鲁银投资 | 47.9  |  20.5  | -0.4 |   2.6   |   4.7   |
| 综合行业 | 600805 | 悦达投资 | 44.2  |  13.2  | 1.8  |   2.0   |  -0.2   |
| 综合行业 | 000532 | 华金资本 | 39.8  |  71.0  | 2.5  |   4.0   |   1.9   |
| 综合行业 | 600568 |  ST中珠  | 32.1  | -195.3 | 1.3  |   0.0   |   0.0   |
| 综合行业 | 600113 | 浙江东日 | 29.8  |  16.3  | -0.6 |  -0.3   |  -3.5   |
| 综合行业 | 000409 | 云鼎科技 | 28.9  | 277.2  | 0.2  |   1.1   |  -3.2   |
| 综合行业 | 600051 | 宁波联合 | 20.2  | -90.9  | 0.0  |  -0.3   |  -3.4   |
| 综合行业 | 000632 | 三木集团 | 18.9  |  74.7  | 0.2  |  -1.9   |  -4.0   |
| 综合行业 | 002591 | 恒大高新 | 15.4  | -140.8 | -0.2 |  -5.5   |   3.2   |
| 综合行业 | 600291 | 退市西水 |  0.0  |  0.0   | 0.0  |   0.0   |   0.0   |
+----------+--------+----------+-------+--------+------+---------+---------+
 




 [行业>单日涨幅]
+----------+--------+----------+-------+--------+------+---------+---------+
|   行业   |  代码  |   名称   | 市值  |   pe   | 涨幅 | 3日涨幅 | 6日涨幅 |
+----------+--------+----------+-------+--------+------+---------+---------+
| 综合行业 | 000909 | 数源科技 | 66.1  | 339.1  | 3.3  |   6.4   |  10.6   |
| 综合行业 | 000958 | 电投产融 | 265.4 |  21.8  | 2.5  |   5.8   |   5.3   |
| 综合行业 | 000532 | 华金资本 | 39.8  |  71.0  | 2.5  |   4.0   |   1.9   |
| 综合行业 | 000839 |  ST国安  | 83.1  | -14.2  | 1.9  |  -3.6   |   7.6   |
| 综合行业 | 600805 | 悦达投资 | 44.2  |  13.2  | 1.8  |   2.0   |  -0.2   |
| 综合行业 | 600568 |  ST中珠  | 32.1  | -195.3 | 1.3  |   0.0   |   0.0   |
| 综合行业 | 000652 | 泰达股份 | 56.7  | 365.3  | 0.8  |   1.6   |   0.5   |
| 综合行业 | 000632 | 三木集团 | 18.9  |  74.7  | 0.2  |  -1.9   |  -4.0   |
| 综合行业 | 000409 | 云鼎科技 | 28.9  | 277.2  | 0.2  |   1.1   |  -3.2   |
| 综合行业 | 000158 | 常山北明 | 98.5  | -28.5  | 0.2  |   1.3   |   1.5   |
| 综合行业 | 600051 | 宁波联合 | 20.2  | -90.9  | 0.0  |  -0.3   |  -3.4   |
| 综合行业 | 600291 | 退市西水 |  0.0  |  0.0   | 0.0  |   0.0   |   0.0   |
| 综合行业 | 002591 | 恒大高新 | 15.4  | -140.8 | -0.2 |  -5.5   |   3.2   |
| 综合行业 | 600784 | 鲁银投资 | 47.9  |  20.5  | -0.4 |   2.6   |   4.7   |
| 综合行业 | 600113 | 浙江东日 | 29.8  |  16.3  | -0.6 |  -0.3   |  -3.5   |
| 综合行业 | 600770 | 综艺股份 | 100.8 | -17.2  | -0.8 |   2.4   |  -3.6   |
| 综合行业 | 600673 |  东阳光  | 256.2 |  22.2  | -0.9 |   5.3   |   5.3   |
| 综合行业 | 600624 | 复旦复华 | 48.7  | 211.3  | -1.0 |  -3.7   |  -1.9   |
| 综合行业 | 000803 | 北清环能 | 57.0  |  35.3  | -1.3 |   1.1   |   6.3   |
| 综合行业 | 002758 | 浙农股份 | 70.2  |  12.5  | -1.6 |  -6.1   |  -1.3   |
| 综合行业 | 000861 | 海印股份 | 71.1  |  17.5  | -2.1 |  -2.4   |  -5.4   |
| 综合行业 | 000576 | 甘化科工 | 52.4  |  51.9  | -2.6 |   5.4   |   3.4   |
| 综合行业 | 000009 | 中国宝安 | 353.1 |  53.5  | -2.8 |  -0.1   |   0.4   |
| 综合行业 | 000833 | 粤桂股份 | 77.0  |  54.1  | -3.4 |   6.6   |  28.3   |
+----------+--------+----------+-------+--------+------+---------+---------+
