[行业>市值]
+----------+--------+----------+--------+----------+------+---------+---------+
|   行业   |  代码  |   名称   |  市值  |    pe    | 涨幅 | 3日涨幅 | 6日涨幅 |
+----------+--------+----------+--------+----------+------+---------+---------+
| 美容护理 | 300896 |  爱美客  | 1153.0 |  102.9   | 3.0  |   0.7   |   0.4   |
| 美容护理 | 300957 |  贝泰妮  | 843.1  |  144.4   | 1.0  |   2.4   |   3.4   |
| 美容护理 | 688363 | 华熙生物 | 675.0  |   84.5   | -0.4 |  -0.9   |  -2.0   |
| 美容护理 | 603605 |  珀莱雅  | 452.7  |   71.4   | 0.4  |   2.4   |   1.5   |
| 美容护理 | 300888 | 稳健医疗 | 274.4  |   19.2   | -0.7 |   3.0   |   3.8   |
| 美容护理 | 600315 | 上海家化 | 260.2  |   32.6   | 10.0 |  15.4   |  11.5   |
| 美容护理 | 002511 | 中顺洁柔 | 154.5  |   29.0   | 2.8  |   7.5   |   3.4   |
| 美容护理 | 002243 | 力合科创 | 115.0  |   82.6   | -0.1 |   2.1   |   0.8   |
| 美容护理 | 603983 | 丸美股份 |  94.5  |   36.1   | 4.3  |   3.4   |  -0.2   |
| 美容护理 | 000523 | 广州浪奇 |  71.4  |  -139.0  | 0.9  |   5.7   |  -1.3   |
| 美容护理 | 300856 | 科思股份 |  68.1  |   29.3   | 1.3  |  15.2   |  13.1   |
| 美容护理 | 605009 | 豪悦护理 |  59.9  |   27.3   | 1.1  |   5.1   |   2.9   |
| 美容护理 | 000615 | 奥园美谷 |  53.8  |  -34.7   | -2.0 |  -3.0   |  -6.6   |
| 美容护理 | 300740 | 水羊股份 |  51.5  |   31.0   | 1.9  |   4.5   |  -1.4   |
| 美容护理 | 003006 | 百亚股份 |  46.4  |   20.9   | -4.7 |  -1.3   |  -5.9   |
| 美容护理 | 301009 | 可靠股份 |  34.0  |  434.4   | -1.5 |   0.8   |  -4.3   |
| 美容护理 | 300132 | 青松股份 |  31.9  |  -13.0   | 1.1  |   2.0   |  -1.1   |
| 美容护理 | 603630 | 拉芳家化 |  31.4  |  -306.8  | 0.3  |   0.1   |  -7.1   |
| 美容护理 | 002919 | 名臣健康 |  29.7  |  453.5   | -1.8 |  -4.4   |  -8.5   |
| 美容护理 | 001206 | 依依股份 |  28.8  |   39.4   | 1.3  |   3.9   |   0.8   |
| 美容护理 | 600249 |  两面针  |  28.2  |  -23.8   | 0.4  |   0.2   |  -2.5   |
| 美容护理 | 002094 | 青岛金王 |  25.9  |   49.0   | 10.0 |  10.0   |   9.0   |
| 美容护理 | 300886 | 华业香料 |  23.0  |   82.9   | -1.4 |   1.2   |  -1.8   |
| 美容护理 | 300955 | 嘉亨家化 |  23.0  |   34.4   | -0.8 |  -0.7   |  -4.5   |
| 美容护理 | 300658 | 延江股份 |  19.7  |   73.7   | 0.2  |  -0.6   |  -3.1   |
| 美容护理 | 300849 | 锦盛新材 |  18.2  |  205.3   | 0.9  |   5.5   |   3.9   |
| 美容护理 | 603238 | 诺邦股份 |  17.9  |   59.0   | -1.9 |  -3.2   |  -3.2   |
| 美容护理 | 603059 |  倍加洁  |  17.9  | -11867.9 | -1.3 |   1.0   |  -2.5   |
+----------+--------+----------+--------+----------+------+---------+---------+
 




 [行业>单日涨幅]
+----------+--------+----------+--------+----------+------+---------+---------+
|   行业   |  代码  |   名称   |  市值  |    pe    | 涨幅 | 3日涨幅 | 6日涨幅 |
+----------+--------+----------+--------+----------+------+---------+---------+
| 美容护理 | 600315 | 上海家化 | 260.2  |   32.6   | 10.0 |  15.4   |  11.5   |
| 美容护理 | 002094 | 青岛金王 |  25.9  |   49.0   | 10.0 |  10.0   |   9.0   |
| 美容护理 | 603983 | 丸美股份 |  94.5  |   36.1   | 4.3  |   3.4   |  -0.2   |
| 美容护理 | 300896 |  爱美客  | 1153.0 |  102.9   | 3.0  |   0.7   |   0.4   |
| 美容护理 | 002511 | 中顺洁柔 | 154.5  |   29.0   | 2.8  |   7.5   |   3.4   |
| 美容护理 | 300740 | 水羊股份 |  51.5  |   31.0   | 1.9  |   4.5   |  -1.4   |
| 美容护理 | 300856 | 科思股份 |  68.1  |   29.3   | 1.3  |  15.2   |  13.1   |
| 美容护理 | 001206 | 依依股份 |  28.8  |   39.4   | 1.3  |   3.9   |   0.8   |
| 美容护理 | 300132 | 青松股份 |  31.9  |  -13.0   | 1.1  |   2.0   |  -1.1   |
| 美容护理 | 605009 | 豪悦护理 |  59.9  |   27.3   | 1.1  |   5.1   |   2.9   |
| 美容护理 | 300957 |  贝泰妮  | 843.1  |  144.4   | 1.0  |   2.4   |   3.4   |
| 美容护理 | 000523 | 广州浪奇 |  71.4  |  -139.0  | 0.9  |   5.7   |  -1.3   |
| 美容护理 | 300849 | 锦盛新材 |  18.2  |  205.3   | 0.9  |   5.5   |   3.9   |
| 美容护理 | 603605 |  珀莱雅  | 452.7  |   71.4   | 0.4  |   2.4   |   1.5   |
| 美容护理 | 600249 |  两面针  |  28.2  |  -23.8   | 0.4  |   0.2   |  -2.5   |
| 美容护理 | 603630 | 拉芳家化 |  31.4  |  -306.8  | 0.3  |   0.1   |  -7.1   |
| 美容护理 | 300658 | 延江股份 |  19.7  |   73.7   | 0.2  |  -0.6   |  -3.1   |
| 美容护理 | 002243 | 力合科创 | 115.0  |   82.6   | -0.1 |   2.1   |   0.8   |
| 美容护理 | 688363 | 华熙生物 | 675.0  |   84.5   | -0.4 |  -0.9   |  -2.0   |
| 美容护理 | 300888 | 稳健医疗 | 274.4  |   19.2   | -0.7 |   3.0   |   3.8   |
| 美容护理 | 300955 | 嘉亨家化 |  23.0  |   34.4   | -0.8 |  -0.7   |  -4.5   |
| 美容护理 | 603059 |  倍加洁  |  17.9  | -11867.9 | -1.3 |   1.0   |  -2.5   |
| 美容护理 | 300886 | 华业香料 |  23.0  |   82.9   | -1.4 |   1.2   |  -1.8   |
| 美容护理 | 301009 | 可靠股份 |  34.0  |  434.4   | -1.5 |   0.8   |  -4.3   |
| 美容护理 | 002919 | 名臣健康 |  29.7  |  453.5   | -1.8 |  -4.4   |  -8.5   |
| 美容护理 | 603238 | 诺邦股份 |  17.9  |   59.0   | -1.9 |  -3.2   |  -3.2   |
| 美容护理 | 000615 | 奥园美谷 |  53.8  |  -34.7   | -2.0 |  -3.0   |  -6.6   |
| 美容护理 | 003006 | 百亚股份 |  46.4  |   20.9   | -4.7 |  -1.3   |  -5.9   |
+----------+--------+----------+--------+----------+------+---------+---------+
