[行业>市值]
+----------+--------+----------+-------+--------+------+---------+---------+
|   行业   |  代码  |   名称   | 市值  |   pe   | 涨幅 | 3日涨幅 | 6日涨幅 |
+----------+--------+----------+-------+--------+------+---------+---------+
| 铁路公路 | 001965 | 招商公路 | 491.2 |  11.2  | 1.9  |  -1.1   |   0.6   |
| 铁路公路 | 600377 | 宁沪高速 | 419.6 |  13.2  | 1.2  |   1.2   |   2.5   |
| 铁路公路 | 600350 | 山东高速 | 281.0 |  9.8   | 0.3  |  -2.2   |   1.6   |
| 铁路公路 | 600548 |  深高速  | 204.6 |  12.4  | 1.1  |   0.0   |  -0.3   |
| 铁路公路 | 000429 | 粤高速Ａ  | 172.5 |  10.0  | 0.5  |  -1.7   |   1.5   |
| 铁路公路 | 603032 | 德新交运 | 149.9 |  72.2  | -3.3 |   2.6   |  -1.7   |
| 铁路公路 | 600662 | 外服控股 | 142.2 |  20.5  | 0.8  |   0.8   |  -1.7   |
| 铁路公路 | 601107 | 四川成渝 | 132.4 |  13.2  | 1.4  |  -0.7   |   0.7   |
| 铁路公路 | 600012 | 皖通高速 | 125.9 |  7.8   | 1.6  |  -1.0   |  -0.1   |
| 铁路公路 | 603069 | 海汽集团 | 108.4 | -166.2 | 10.0 |  33.1   |  77.2   |
| 铁路公路 | 000828 | 东莞控股 | 106.1 |  15.6  | 3.1  |   1.6   |   1.6   |
| 铁路公路 | 600269 | 赣粤高速 | 82.2  |  6.2   | 0.9  |  -0.3   |  -0.8   |
| 铁路公路 | 600033 | 福建高速 | 78.8  |  8.8   | 1.4  |   0.0   |   0.0   |
| 铁路公路 | 600611 | 大众交通 | 75.4  |  -7.2  | 2.6  |   1.6   |   1.3   |
| 铁路公路 | 600650 | 锦江在线 | 73.2  |  3.2   | 5.2  |  18.7   |  12.0   |
| 铁路公路 | 600020 | 中原高速 | 69.4  |  12.3  | 1.0  |  -0.3   |  -1.3   |
| 铁路公路 | 000900 | 现代投资 | 66.5  |  10.3  | 1.1  |  -0.5   |  -0.5   |
| 铁路公路 | 600620 | 天宸股份 | 63.8  | -65.8  | 0.4  |  -1.4   |  -1.2   |
| 铁路公路 | 000885 | 城发环境 | 59.4  |  6.6   | 0.2  |  -0.4   |  -3.0   |
| 铁路公路 | 000755 | 山西路桥 | 58.2  |  15.1  | 0.2  |  -1.5   |  -2.7   |
| 铁路公路 | 600106 | 重庆路桥 | 55.7  |  92.2  | 2.4  |   1.7   |   1.2   |
| 铁路公路 | 600035 | 楚天高速 | 54.4  |  5.5   | 0.3  |  -0.9   |  -0.6   |
| 铁路公路 | 600368 | 五洲交通 | 46.6  |  6.5   | 2.7  |   1.7   |   1.5   |
| 铁路公路 | 601188 | 龙江交通 | 41.8  |  17.8  | 0.0  |  -1.9   |  -1.9   |
| 铁路公路 | 600834 | 申通地铁 | 41.2  |  56.7  | 0.2  |  -1.1   |  -3.4   |
| 铁路公路 | 002627 | 三峡旅游 | 40.4  |  70.9  | -1.1 |  -0.9   |  -6.2   |
| 铁路公路 | 601518 | 吉林高速 | 36.1  |  10.6  | -0.4 |   0.0   |  -3.3   |
| 铁路公路 | 000548 | 湖南投资 | 22.8  |  69.2  | 0.4  |  -0.2   |  -4.6   |
| 铁路公路 | 002357 | 富临运业 | 16.6  |  9.1   | 0.8  |   2.1   |  -3.5   |
| 铁路公路 | 600561 | 江西长运 | 14.5  | -22.6  | 0.0  |  -0.8   |  -3.2   |
+----------+--------+----------+-------+--------+------+---------+---------+
 




 [行业>单日涨幅]
+----------+--------+----------+-------+--------+------+---------+---------+
|   行业   |  代码  |   名称   | 市值  |   pe   | 涨幅 | 3日涨幅 | 6日涨幅 |
+----------+--------+----------+-------+--------+------+---------+---------+
| 铁路公路 | 603069 | 海汽集团 | 108.4 | -166.2 | 10.0 |  33.1   |  77.2   |
| 铁路公路 | 600650 | 锦江在线 | 73.2  |  3.2   | 5.2  |  18.7   |  12.0   |
| 铁路公路 | 000828 | 东莞控股 | 106.1 |  15.6  | 3.1  |   1.6   |   1.6   |
| 铁路公路 | 600368 | 五洲交通 | 46.6  |  6.5   | 2.7  |   1.7   |   1.5   |
| 铁路公路 | 600611 | 大众交通 | 75.4  |  -7.2  | 2.6  |   1.6   |   1.3   |
| 铁路公路 | 600106 | 重庆路桥 | 55.7  |  92.2  | 2.4  |   1.7   |   1.2   |
| 铁路公路 | 001965 | 招商公路 | 491.2 |  11.2  | 1.9  |  -1.1   |   0.6   |
| 铁路公路 | 600012 | 皖通高速 | 125.9 |  7.8   | 1.6  |  -1.0   |  -0.1   |
| 铁路公路 | 601107 | 四川成渝 | 132.4 |  13.2  | 1.4  |  -0.7   |   0.7   |
| 铁路公路 | 600033 | 福建高速 | 78.8  |  8.8   | 1.4  |   0.0   |   0.0   |
| 铁路公路 | 600377 | 宁沪高速 | 419.6 |  13.2  | 1.2  |   1.2   |   2.5   |
| 铁路公路 | 000900 | 现代投资 | 66.5  |  10.3  | 1.1  |  -0.5   |  -0.5   |
| 铁路公路 | 600548 |  深高速  | 204.6 |  12.4  | 1.1  |   0.0   |  -0.3   |
| 铁路公路 | 600020 | 中原高速 | 69.4  |  12.3  | 1.0  |  -0.3   |  -1.3   |
| 铁路公路 | 600269 | 赣粤高速 | 82.2  |  6.2   | 0.9  |  -0.3   |  -0.8   |
| 铁路公路 | 600662 | 外服控股 | 142.2 |  20.5  | 0.8  |   0.8   |  -1.7   |
| 铁路公路 | 002357 | 富临运业 | 16.6  |  9.1   | 0.8  |   2.1   |  -3.5   |
| 铁路公路 | 000429 | 粤高速Ａ  | 172.5 |  10.0  | 0.5  |  -1.7   |   1.5   |
| 铁路公路 | 000548 | 湖南投资 | 22.8  |  69.2  | 0.4  |  -0.2   |  -4.6   |
| 铁路公路 | 600620 | 天宸股份 | 63.8  | -65.8  | 0.4  |  -1.4   |  -1.2   |
| 铁路公路 | 600350 | 山东高速 | 281.0 |  9.8   | 0.3  |  -2.2   |   1.6   |
| 铁路公路 | 600035 | 楚天高速 | 54.4  |  5.5   | 0.3  |  -0.9   |  -0.6   |
| 铁路公路 | 000755 | 山西路桥 | 58.2  |  15.1  | 0.2  |  -1.5   |  -2.7   |
| 铁路公路 | 600834 | 申通地铁 | 41.2  |  56.7  | 0.2  |  -1.1   |  -3.4   |
| 铁路公路 | 000885 | 城发环境 | 59.4  |  6.6   | 0.2  |  -0.4   |  -3.0   |
| 铁路公路 | 601188 | 龙江交通 | 41.8  |  17.8  | 0.0  |  -1.9   |  -1.9   |
| 铁路公路 | 600561 | 江西长运 | 14.5  | -22.6  | 0.0  |  -0.8   |  -3.2   |
| 铁路公路 | 601518 | 吉林高速 | 36.1  |  10.6  | -0.4 |   0.0   |  -3.3   |
| 铁路公路 | 002627 | 三峡旅游 | 40.4  |  70.9  | -1.1 |  -0.9   |  -6.2   |
| 铁路公路 | 603032 | 德新交运 | 149.9 |  72.2  | -3.3 |   2.6   |  -1.7   |
+----------+--------+----------+-------+--------+------+---------+---------+
