[行业>市值]
+------------+--------+----------+--------+-------+------+---------+---------+
|    行业    |  代码  |   名称   |  市值  |  pe   | 涨幅 | 3日涨幅 | 6日涨幅 |
+------------+--------+----------+--------+-------+------+---------+---------+
| 非金属材料 | 603260 | 合盛硅业 | 1349.0 | 16.4  | 10.0 |  24.2   |  25.9   |
| 非金属材料 | 603688 | 石英股份 | 388.4  | 111.2 | -4.3 |   4.4   |  19.3   |
| 非金属材料 | 300861 | 美畅股份 | 377.0  | 33.1  | 0.1  |   8.7   |  11.9   |
| 非金属材料 | 603826 | 坤彩科技 | 301.6  | 282.6 | -2.4 |  -0.1   |  -2.2   |
| 非金属材料 | 600516 | 方大炭素 | 270.6  | 200.7 | -2.3 |  -0.1   |  -3.8   |
| 非金属材料 | 688281 | 华秦科技 | 257.8  | 108.7 | -1.7 |   2.8   |  -3.8   |
| 非金属材料 | 300395 |  菲利华  | 218.2  | 60.4  | -0.8 |  16.3   |  10.4   |
| 非金属材料 | 301071 | 力量钻石 | 190.7  | 47.1  | 2.5  |  10.6   |   7.1   |
| 非金属材料 | 300035 | 中科电气 | 189.6  | 36.8  | -1.6 |   2.6   |  -7.5   |
| 非金属材料 | 300409 | 道氏技术 | 141.1  | 20.6  | -0.6 |   8.9   |   2.3   |
| 非金属材料 | 603612 | 索通发展 | 137.6  | 21.8  | 4.0  |  12.7   |  19.3   |
| 非金属材料 | 688733 |  壹石通  | 136.4  | 78.2  | 0.1  |   2.0   |  -1.4   |
| 非金属材料 | 600172 | 黄河旋风 | 125.6  | 109.3 | 2.8  |   7.5   |   3.6   |
| 非金属材料 | 600330 | 天通股份 | 106.3  | 24.2  | -0.1 |  10.3   |   4.8   |
| 非金属材料 | 600783 | 鲁信创投 | 102.8  | 52.3  | 4.7  |   4.0   |   4.3   |
| 非金属材料 | 688119 | 中钢洛耐 |  99.7  | 64.1  | -3.1 |  -6.3   |  -30.1  |
| 非金属材料 | 002130 | 沃尔核材 |  71.4  | 16.7  | 0.3  |   3.4   |  -0.8   |
| 非金属材料 | 688300 | 联瑞新材 |  65.8  | 38.6  | -2.8 |  -1.2   |  -7.6   |
| 非金属材料 | 688357 | 建龙微纳 |  65.2  | 37.1  | -6.0 |  -1.1   |  -7.5   |
| 非金属材料 | 001296 | 长江材料 |  26.6  | 46.5  | 2.9  |   7.5   |   4.2   |
| 非金属材料 | 300743 | 天地数码 |  15.5  | 52.5  | -0.9 |   1.2   |   0.1   |
| 非金属材料 | 300064 |  金刚退  |  11.0  | -2.5  | 18.2 |  31.9   |  21.3   |
+------------+--------+----------+--------+-------+------+---------+---------+
 




 [行业>单日涨幅]
+------------+--------+----------+--------+-------+------+---------+---------+
|    行业    |  代码  |   名称   |  市值  |  pe   | 涨幅 | 3日涨幅 | 6日涨幅 |
+------------+--------+----------+--------+-------+------+---------+---------+
| 非金属材料 | 300064 |  金刚退  |  11.0  | -2.5  | 18.2 |  31.9   |  21.3   |
| 非金属材料 | 603260 | 合盛硅业 | 1349.0 | 16.4  | 10.0 |  24.2   |  25.9   |
| 非金属材料 | 600783 | 鲁信创投 | 102.8  | 52.3  | 4.7  |   4.0   |   4.3   |
| 非金属材料 | 603612 | 索通发展 | 137.6  | 21.8  | 4.0  |  12.7   |  19.3   |
| 非金属材料 | 001296 | 长江材料 |  26.6  | 46.5  | 2.9  |   7.5   |   4.2   |
| 非金属材料 | 600172 | 黄河旋风 | 125.6  | 109.3 | 2.8  |   7.5   |   3.6   |
| 非金属材料 | 301071 | 力量钻石 | 190.7  | 47.1  | 2.5  |  10.6   |   7.1   |
| 非金属材料 | 002130 | 沃尔核材 |  71.4  | 16.7  | 0.3  |   3.4   |  -0.8   |
| 非金属材料 | 300861 | 美畅股份 | 377.0  | 33.1  | 0.1  |   8.7   |  11.9   |
| 非金属材料 | 688733 |  壹石通  | 136.4  | 78.2  | 0.1  |   2.0   |  -1.4   |
| 非金属材料 | 600330 | 天通股份 | 106.3  | 24.2  | -0.1 |  10.3   |   4.8   |
| 非金属材料 | 300409 | 道氏技术 | 141.1  | 20.6  | -0.6 |   8.9   |   2.3   |
| 非金属材料 | 300395 |  菲利华  | 218.2  | 60.4  | -0.8 |  16.3   |  10.4   |
| 非金属材料 | 300743 | 天地数码 |  15.5  | 52.5  | -0.9 |   1.2   |   0.1   |
| 非金属材料 | 300035 | 中科电气 | 189.6  | 36.8  | -1.6 |   2.6   |  -7.5   |
| 非金属材料 | 688281 | 华秦科技 | 257.8  | 108.7 | -1.7 |   2.8   |  -3.8   |
| 非金属材料 | 600516 | 方大炭素 | 270.6  | 200.7 | -2.3 |  -0.1   |  -3.8   |
| 非金属材料 | 603826 | 坤彩科技 | 301.6  | 282.6 | -2.4 |  -0.1   |  -2.2   |
| 非金属材料 | 688300 | 联瑞新材 |  65.8  | 38.6  | -2.8 |  -1.2   |  -7.6   |
| 非金属材料 | 688119 | 中钢洛耐 |  99.7  | 64.1  | -3.1 |  -6.3   |  -30.1  |
| 非金属材料 | 603688 | 石英股份 | 388.4  | 111.2 | -4.3 |   4.4   |  19.3   |
| 非金属材料 | 688357 | 建龙微纳 |  65.2  | 37.1  | -6.0 |  -1.1   |  -7.5   |
+------------+--------+----------+--------+-------+------+---------+---------+
