[行业>市值]
+----------+--------+----------+-------+-------+------+---------+---------+
|   行业   |  代码  |   名称   | 市值  |  pe   | 涨幅 | 3日涨幅 | 6日涨幅 |
+----------+--------+----------+-------+-------+------+---------+---------+
| 专业服务 | 300012 | 华测检测 | 368.5 | 76.9  | -1.1 |  -3.8   |  -4.4   |
| 专业服务 | 003035 | 南网能源 | 250.4 | 70.0  | 2.0  |   0.8   |   3.6   |
| 专业服务 | 688133 | 泰坦科技 | 136.1 | 175.1 | -1.7 |  -3.4   |   5.1   |
| 专业服务 | 301080 | 百普赛斯 | 135.6 | 63.4  | -4.0 |  -2.6   |   1.9   |
| 专业服务 | 300887 | 谱尼测试 | 124.7 | 565.5 | 0.2  |  -1.5   |   5.9   |
| 专业服务 | 002967 | 广电计量 | 104.5 | -32.9 | -0.3 |  -3.9   |   0.6   |
| 专业服务 | 300416 | 苏试试验 | 89.3  | 77.4  | -1.8 |  -0.5   |   6.5   |
| 专业服务 | 603060 | 国检集团 | 85.9  | -76.6 | 1.4  |  -0.3   |   2.1   |
| 专业服务 | 688179 |  阿拉丁  | 70.5  | 56.9  | -1.2 |  -6.0   |  -1.9   |
| 专业服务 | 603698 | 航天工程 | 68.7  | 93.8  | 1.5  |  -2.2   |  -0.7   |
| 专业服务 | 300384 | 三联虹普 | 57.5  | 24.3  | -0.3 |  -0.6   |  -1.7   |
| 专业服务 | 300215 |  电科院  | 52.6  | 90.2  | 3.0  |   1.3   |   1.3   |
| 专业服务 | 301166 |  优宁维  | 49.9  | 57.4  | -1.7 |  -3.9   |  -0.7   |
| 专业服务 | 002878 | 元隆雅图 | 42.2  | 11.4  | -2.5 |  -4.9   |   2.7   |
| 专业服务 | 002564 | 天沃科技 | 39.6  | 528.6 | 4.8  |   5.1   |   2.5   |
| 专业服务 | 300962 | 中金辐照 | 38.4  | 32.2  | -1.2 |  -4.5   |  -3.4   |
| 专业服务 | 300938 | 信测标准 | 37.0  | 41.4  | 5.9  |  14.0   |  20.8   |
| 专业服务 | 300797 | 钢研纳克 | 34.9  | 58.6  | 2.4  |   0.9   |   0.4   |
| 专业服务 | 603776 |  永安行  | 32.3  | 65.2  | 0.6  |  -3.6   |  -6.4   |
| 专业服务 | 300572 | 安车检测 | 31.4  | 51.9  | 0.1  |  -7.2   |  -8.2   |
| 专业服务 | 301257 |  普蕊斯  | 30.9  | 79.3  | -0.2 |   1.7   |   6.1   |
| 专业服务 | 301169 | 零点有数 | 28.3  | -59.0 | 0.8  |  -2.7   |  -0.5   |
| 专业服务 | 301289 | 国缆检测 | 25.7  | 38.3  | 1.0  |  -5.0   |  -2.2   |
| 专业服务 | 603183 |  建研院  | 24.4  | -60.0 | -0.4 |  -3.8   |  -4.1   |
| 专业服务 | 301228 | 实朴检测 | 24.2  | -41.9 | 0.1  |  -2.5   |  -1.3   |
| 专业服务 | 003008 | 开普检测 | 19.8  | 36.8  | 0.6  |  -0.8   |  -0.8   |
| 专业服务 | 301306 | 西测测试 |  0.0  |  0.0  | 0.0  |   0.0   |   0.0   |
+----------+--------+----------+-------+-------+------+---------+---------+
 




 [行业>单日涨幅]
+----------+--------+----------+-------+-------+------+---------+---------+
|   行业   |  代码  |   名称   | 市值  |  pe   | 涨幅 | 3日涨幅 | 6日涨幅 |
+----------+--------+----------+-------+-------+------+---------+---------+
| 专业服务 | 300938 | 信测标准 | 37.0  | 41.4  | 5.9  |  14.0   |  20.8   |
| 专业服务 | 002564 | 天沃科技 | 39.6  | 528.6 | 4.8  |   5.1   |   2.5   |
| 专业服务 | 300215 |  电科院  | 52.6  | 90.2  | 3.0  |   1.3   |   1.3   |
| 专业服务 | 300797 | 钢研纳克 | 34.9  | 58.6  | 2.4  |   0.9   |   0.4   |
| 专业服务 | 003035 | 南网能源 | 250.4 | 70.0  | 2.0  |   0.8   |   3.6   |
| 专业服务 | 603698 | 航天工程 | 68.7  | 93.8  | 1.5  |  -2.2   |  -0.7   |
| 专业服务 | 603060 | 国检集团 | 85.9  | -76.6 | 1.4  |  -0.3   |   2.1   |
| 专业服务 | 301289 | 国缆检测 | 25.7  | 38.3  | 1.0  |  -5.0   |  -2.2   |
| 专业服务 | 301169 | 零点有数 | 28.3  | -59.0 | 0.8  |  -2.7   |  -0.5   |
| 专业服务 | 603776 |  永安行  | 32.3  | 65.2  | 0.6  |  -3.6   |  -6.4   |
| 专业服务 | 003008 | 开普检测 | 19.8  | 36.8  | 0.6  |  -0.8   |  -0.8   |
| 专业服务 | 300887 | 谱尼测试 | 124.7 | 565.5 | 0.2  |  -1.5   |   5.9   |
| 专业服务 | 300572 | 安车检测 | 31.4  | 51.9  | 0.1  |  -7.2   |  -8.2   |
| 专业服务 | 301228 | 实朴检测 | 24.2  | -41.9 | 0.1  |  -2.5   |  -1.3   |
| 专业服务 | 301306 | 西测测试 |  0.0  |  0.0  | 0.0  |   0.0   |   0.0   |
| 专业服务 | 301257 |  普蕊斯  | 30.9  | 79.3  | -0.2 |   1.7   |   6.1   |
| 专业服务 | 300384 | 三联虹普 | 57.5  | 24.3  | -0.3 |  -0.6   |  -1.7   |
| 专业服务 | 002967 | 广电计量 | 104.5 | -32.9 | -0.3 |  -3.9   |   0.6   |
| 专业服务 | 603183 |  建研院  | 24.4  | -60.0 | -0.4 |  -3.8   |  -4.1   |
| 专业服务 | 300012 | 华测检测 | 368.5 | 76.9  | -1.1 |  -3.8   |  -4.4   |
| 专业服务 | 300962 | 中金辐照 | 38.4  | 32.2  | -1.2 |  -4.5   |  -3.4   |
| 专业服务 | 688179 |  阿拉丁  | 70.5  | 56.9  | -1.2 |  -6.0   |  -1.9   |
| 专业服务 | 688133 | 泰坦科技 | 136.1 | 175.1 | -1.7 |  -3.4   |   5.1   |
| 专业服务 | 301166 |  优宁维  | 49.9  | 57.4  | -1.7 |  -3.9   |  -0.7   |
| 专业服务 | 300416 | 苏试试验 | 89.3  | 77.4  | -1.8 |  -0.5   |   6.5   |
| 专业服务 | 002878 | 元隆雅图 | 42.2  | 11.4  | -2.5 |  -4.9   |   2.7   |
| 专业服务 | 301080 | 百普赛斯 | 135.6 | 63.4  | -4.0 |  -2.6   |   1.9   |
+----------+--------+----------+-------+-------+------+---------+---------+
