[行业>市值]
+----------+--------+----------+--------+-------+------+---------+---------+
|   行业   |  代码  |   名称   |  市值  |  pe   | 涨幅 | 3日涨幅 | 6日涨幅 |
+----------+--------+----------+--------+-------+------+---------+---------+
| 化纤行业 | 600346 | 恒力石化 | 1497.0 |  8.9  | -2.1 |  -3.4   |  -3.6   |
| 化纤行业 | 002493 | 荣盛石化 | 1490.0 | 12.0  | -0.7 |  -4.2   |  -4.2   |
| 化纤行业 | 000301 | 东方盛虹 | 1001.0 | 36.4  | 0.8  |  -4.1   |   1.1   |
| 化纤行业 | 002064 | 华峰化学 | 414.4  |  7.6  | -0.2 |  -2.2   |  -1.4   |
| 化纤行业 | 601233 | XD桐昆股 | 367.9  |  6.1  | -0.9 |  -3.4   |  -1.4   |
| 化纤行业 | 000703 | 恒逸石化 | 361.1  | 12.3  | 0.0  |  -3.6   |  -5.2   |
| 化纤行业 | 688295 | 中复神鹰 | 355.9  | 75.5  | 1.1  |   1.2   |   8.6   |
| 化纤行业 | 300777 | 中简科技 | 222.0  | 61.2  | -0.8 |   1.7   |   7.0   |
| 化纤行业 | 603225 |  新凤鸣  | 170.5  | 15.0  | -0.8 |  -0.7   |  -3.3   |
| 化纤行业 | 600063 | 皖维高新 | 147.9  |  8.9  | -0.1 |  -1.7   |  -0.3   |
| 化纤行业 | 002254 | 泰和新材 | 112.2  | 19.2  | -0.9 |  -2.3   |  -1.8   |
| 化纤行业 | 000420 | 吉林化纤 | 111.0  | -56.6 | 3.4  |   8.0   |   6.2   |
| 化纤行业 | 600810 | 神马股份 |  94.2  |  6.4  | 0.1  |   0.1   |   0.5   |
| 化纤行业 | 002206 |  海利得  |  73.9  | 15.1  | 0.2  |  -0.3   |  -6.1   |
| 化纤行业 | 000949 | 新乡化纤 |  53.7  | 32.8  | 0.6  |   0.0   |   0.0   |
| 化纤行业 | 601113 | 华鼎股份 |  48.3  | -15.8 | 0.5  |   0.9   |  -2.5   |
| 化纤行业 | 000936 | 华西股份 |  47.1  | 61.0  | -0.2 |  -0.6   |  -2.4   |
| 化纤行业 | 002427 | *ST尤夫  |  41.9  | -5.9  | 5.0  |   9.0   |  18.5   |
| 化纤行业 | 600527 | 江南高纤 |  39.3  | 61.5  | -1.7 |  -2.2   |   4.6   |
| 化纤行业 | 688722 |  同益中  |  39.2  | 32.0  | 0.9  |   0.5   |   5.6   |
| 化纤行业 | 603332 | 苏州龙杰 |  39.0  | -72.6 | 0.6  |   0.9   |   9.2   |
| 化纤行业 | 301057 | 汇隆新材 |  28.5  | 57.4  | -0.9 |   0.3   |   5.2   |
| 化纤行业 | 000677 | 恒天海龙 |  26.7  | 43.0  | 1.0  |   1.3   |   2.3   |
| 化纤行业 | 000782 | 美达股份 |  24.7  | 31.0  | 0.0  |  -0.4   |  -0.8   |
| 化纤行业 | 002998 | 优彩资源 |  22.5  | 18.8  | 0.1  |  -3.0   |  -2.5   |
| 化纤行业 | 300876 | 蒙泰高新 |  21.2  | 35.0  | 1.8  |  -1.4   |  -1.7   |
| 化纤行业 | 600889 | 南京化纤 |  17.9  | -14.2 | -0.2 |  -3.4   |   2.3   |
+----------+--------+----------+--------+-------+------+---------+---------+
 




 [行业>单日涨幅]
+----------+--------+----------+--------+-------+------+---------+---------+
|   行业   |  代码  |   名称   |  市值  |  pe   | 涨幅 | 3日涨幅 | 6日涨幅 |
+----------+--------+----------+--------+-------+------+---------+---------+
| 化纤行业 | 002427 | *ST尤夫  |  41.9  | -5.9  | 5.0  |   9.0   |  18.5   |
| 化纤行业 | 000420 | 吉林化纤 | 111.0  | -56.6 | 3.4  |   8.0   |   6.2   |
| 化纤行业 | 300876 | 蒙泰高新 |  21.2  | 35.0  | 1.8  |  -1.4   |  -1.7   |
| 化纤行业 | 688295 | 中复神鹰 | 355.9  | 75.5  | 1.1  |   1.2   |   8.6   |
| 化纤行业 | 000677 | 恒天海龙 |  26.7  | 43.0  | 1.0  |   1.3   |   2.3   |
| 化纤行业 | 688722 |  同益中  |  39.2  | 32.0  | 0.9  |   0.5   |   5.6   |
| 化纤行业 | 000301 | 东方盛虹 | 1001.0 | 36.4  | 0.8  |  -4.1   |   1.1   |
| 化纤行业 | 603332 | 苏州龙杰 |  39.0  | -72.6 | 0.6  |   0.9   |   9.2   |
| 化纤行业 | 000949 | 新乡化纤 |  53.7  | 32.8  | 0.6  |   0.0   |   0.0   |
| 化纤行业 | 601113 | 华鼎股份 |  48.3  | -15.8 | 0.5  |   0.9   |  -2.5   |
| 化纤行业 | 002206 |  海利得  |  73.9  | 15.1  | 0.2  |  -0.3   |  -6.1   |
| 化纤行业 | 002998 | 优彩资源 |  22.5  | 18.8  | 0.1  |  -3.0   |  -2.5   |
| 化纤行业 | 600810 | 神马股份 |  94.2  |  6.4  | 0.1  |   0.1   |   0.5   |
| 化纤行业 | 000703 | 恒逸石化 | 361.1  | 12.3  | 0.0  |  -3.6   |  -5.2   |
| 化纤行业 | 000782 | 美达股份 |  24.7  | 31.0  | 0.0  |  -0.4   |  -0.8   |
| 化纤行业 | 600063 | 皖维高新 | 147.9  |  8.9  | -0.1 |  -1.7   |  -0.3   |
| 化纤行业 | 000936 | 华西股份 |  47.1  | 61.0  | -0.2 |  -0.6   |  -2.4   |
| 化纤行业 | 600889 | 南京化纤 |  17.9  | -14.2 | -0.2 |  -3.4   |   2.3   |
| 化纤行业 | 002064 | 华峰化学 | 414.4  |  7.6  | -0.2 |  -2.2   |  -1.4   |
| 化纤行业 | 002493 | 荣盛石化 | 1490.0 | 12.0  | -0.7 |  -4.2   |  -4.2   |
| 化纤行业 | 603225 |  新凤鸣  | 170.5  | 15.0  | -0.8 |  -0.7   |  -3.3   |
| 化纤行业 | 300777 | 中简科技 | 222.0  | 61.2  | -0.8 |   1.7   |   7.0   |
| 化纤行业 | 601233 | XD桐昆股 | 367.9  |  6.1  | -0.9 |  -3.4   |  -1.4   |
| 化纤行业 | 002254 | 泰和新材 | 112.2  | 19.2  | -0.9 |  -2.3   |  -1.8   |
| 化纤行业 | 301057 | 汇隆新材 |  28.5  | 57.4  | -0.9 |   0.3   |   5.2   |
| 化纤行业 | 600527 | 江南高纤 |  39.3  | 61.5  | -1.7 |  -2.2   |   4.6   |
| 化纤行业 | 600346 | 恒力石化 | 1497.0 |  8.9  | -2.1 |  -3.4   |  -3.6   |
+----------+--------+----------+--------+-------+------+---------+---------+
