[行业>市值]
+----------+--------+----------+-------+--------+------+---------+---------+
|   行业   |  代码  |   名称   | 市值  |   pe   | 涨幅 | 3日涨幅 | 6日涨幅 |
+----------+--------+----------+-------+--------+------+---------+---------+
| 多元金融 | 000617 | 中油资本 | 568.9 |  8.3   | -0.2 |  -3.2   |  -3.8   |
| 多元金融 | 000987 | 越秀金控 | 326.6 |  14.0  | -0.8 |  -4.3   |  -6.1   |
| 多元金融 | 600705 | XD中航产 | 291.7 | 636.6  | 0.3  |  -1.7   |  -2.0   |
| 多元金融 | 600927 | 永安期货 | 280.6 | 215.2  | -0.5 |  -3.2   |  -3.5   |
| 多元金融 | 600816 |  ST安信  | 227.0 | -11.9  | -0.7 |   0.5   |  -1.4   |
| 多元金融 | 600390 | 五矿资本 | 217.3 |  7.7   | 0.8  |  -2.2   |  -1.2   |
| 多元金融 | 002423 | 中粮资本 | 153.7 | -11.2  | 1.1  |   0.5   |  -1.8   |
| 多元金融 | 600901 | 江苏租赁 | 151.1 |  6.1   | -0.8 |  -2.1   |  -1.9   |
| 多元金融 | 000567 | 海德股份 | 141.2 |  27.7  | 0.7  |  -0.1   |   1.9   |
| 多元金融 | 000415 | 渤海租赁 | 133.0 |  -4.5  | -1.4 |  -3.6   |  -2.3   |
| 多元金融 | 000563 | 陕国投Ａ  | 120.1 |  17.1  | 0.0  |  -2.3   |  -2.6   |
| 多元金融 | 600120 | 浙江东方 | 113.2 |  70.9  | 0.8  |  -0.5   |  -2.5   |
| 多元金融 | 600643 | 爱建集团 | 92.3  |  7.8   | -0.7 |  -3.6   |  -4.0   |
| 多元金融 | 000046 | 泛海控股 | 75.9  |  -2.4  | 0.0  |  -2.0   |  -4.0   |
| 多元金融 | 002961 | 瑞达期货 | 75.1  |  19.7  | -0.1 |  -2.5   |  -3.4   |
| 多元金融 | 600053 | 九鼎投资 | 70.0  |  39.4  | 0.9  |  -1.3   |  -2.5   |
| 多元金融 | 603093 | 南华期货 | 61.7  |  54.9  | 0.1  |  -2.1   |  -3.4   |
| 多元金融 | 000666 | 经纬纺机 | 61.5  |  11.3  | 1.3  |  -0.9   |  -2.0   |
| 多元金融 | 002647 | 仁东控股 | 36.6  | -44.4  | 0.1  |  -1.8   |  -3.2   |
| 多元金融 | 600318 | 新力金融 | 36.6  | 398.1  | -0.4 |  -3.0   |  -3.4   |
| 多元金融 | 600830 | 香溢融通 | 24.9  |  51.8  | 1.1  |  -2.0   |  -3.2   |
| 多元金融 | 000416 | 民生控股 | 20.1  | -108.1 | -0.5 |  -1.8   |  -4.3   |
| 多元金融 | 001236 | 弘业期货 | 16.9  |  59.8  | 0.0  |   0.0   |   0.0   |
| 多元金融 | 600139 | *ST西源  | 15.9  | -10.8  | 4.8  |   3.9   |   5.7   |
| 多元金融 | 600599 |  ST熊猫  | 15.4  |  10.6  | 1.0  |  -1.0   |  -1.6   |
| 多元金融 | 300309 | *ST吉艾  | 15.2  |  -3.4  | -2.3 |   3.0   |   8.2   |
+----------+--------+----------+-------+--------+------+---------+---------+
 




 [行业>单日涨幅]
+----------+--------+----------+-------+--------+------+---------+---------+
|   行业   |  代码  |   名称   | 市值  |   pe   | 涨幅 | 3日涨幅 | 6日涨幅 |
+----------+--------+----------+-------+--------+------+---------+---------+
| 多元金融 | 600139 | *ST西源  | 15.9  | -10.8  | 4.8  |   3.9   |   5.7   |
| 多元金融 | 000666 | 经纬纺机 | 61.5  |  11.3  | 1.3  |  -0.9   |  -2.0   |
| 多元金融 | 600830 | 香溢融通 | 24.9  |  51.8  | 1.1  |  -2.0   |  -3.2   |
| 多元金融 | 002423 | 中粮资本 | 153.7 | -11.2  | 1.1  |   0.5   |  -1.8   |
| 多元金融 | 600599 |  ST熊猫  | 15.4  |  10.6  | 1.0  |  -1.0   |  -1.6   |
| 多元金融 | 600053 | 九鼎投资 | 70.0  |  39.4  | 0.9  |  -1.3   |  -2.5   |
| 多元金融 | 600390 | 五矿资本 | 217.3 |  7.7   | 0.8  |  -2.2   |  -1.2   |
| 多元金融 | 600120 | 浙江东方 | 113.2 |  70.9  | 0.8  |  -0.5   |  -2.5   |
| 多元金融 | 000567 | 海德股份 | 141.2 |  27.7  | 0.7  |  -0.1   |   1.9   |
| 多元金融 | 600705 | XD中航产 | 291.7 | 636.6  | 0.3  |  -1.7   |  -2.0   |
| 多元金融 | 002647 | 仁东控股 | 36.6  | -44.4  | 0.1  |  -1.8   |  -3.2   |
| 多元金融 | 603093 | 南华期货 | 61.7  |  54.9  | 0.1  |  -2.1   |  -3.4   |
| 多元金融 | 000563 | 陕国投Ａ  | 120.1 |  17.1  | 0.0  |  -2.3   |  -2.6   |
| 多元金融 | 000046 | 泛海控股 | 75.9  |  -2.4  | 0.0  |  -2.0   |  -4.0   |
| 多元金融 | 001236 | 弘业期货 | 16.9  |  59.8  | 0.0  |   0.0   |   0.0   |
| 多元金融 | 002961 | 瑞达期货 | 75.1  |  19.7  | -0.1 |  -2.5   |  -3.4   |
| 多元金融 | 000617 | 中油资本 | 568.9 |  8.3   | -0.2 |  -3.2   |  -3.8   |
| 多元金融 | 600318 | 新力金融 | 36.6  | 398.1  | -0.4 |  -3.0   |  -3.4   |
| 多元金融 | 600927 | 永安期货 | 280.6 | 215.2  | -0.5 |  -3.2   |  -3.5   |
| 多元金融 | 000416 | 民生控股 | 20.1  | -108.1 | -0.5 |  -1.8   |  -4.3   |
| 多元金融 | 600643 | 爱建集团 | 92.3  |  7.8   | -0.7 |  -3.6   |  -4.0   |
| 多元金融 | 600816 |  ST安信  | 227.0 | -11.9  | -0.7 |   0.5   |  -1.4   |
| 多元金融 | 000987 | 越秀金控 | 326.6 |  14.0  | -0.8 |  -4.3   |  -6.1   |
| 多元金融 | 600901 | 江苏租赁 | 151.1 |  6.1   | -0.8 |  -2.1   |  -1.9   |
| 多元金融 | 000415 | 渤海租赁 | 133.0 |  -4.5  | -1.4 |  -3.6   |  -2.3   |
| 多元金融 | 300309 | *ST吉艾  | 15.2  |  -3.4  | -2.3 |   3.0   |   8.2   |
+----------+--------+----------+-------+--------+------+---------+---------+
