[行业>市值]
+----------+--------+----------+-------+--------+------+---------+---------+
|   行业   |  代码  |   名称   | 市值  |   pe   | 涨幅 | 3日涨幅 | 6日涨幅 |
+----------+--------+----------+-------+--------+------+---------+---------+
| 家用轻工 | 603899 | 晨光股份 | 485.1 |  44.0  | -1.1 |  -3.6   |  -2.4   |
| 家用轻工 | 001323 | 慕思股份 | 186.8 |  37.6  | 3.3  |   0.9   |  -3.3   |
| 家用轻工 | 605099 | 共创草坪 | 106.4 |  31.2  | 3.1  |   1.3   |  -0.4   |
| 家用轻工 | 603398 | 沐邦高科 | 97.2  | -266.6 | -0.5 |  -0.2   |   0.6   |
| 家用轻工 | 002489 | 浙江永强 | 79.0  |  14.4  | -2.9 |   1.7   |   1.4   |
| 家用轻工 | 002678 | 珠江钢琴 | 77.6  |  36.5  | 0.7  |  -1.6   |  -0.9   |
| 家用轻工 | 301101 | 明月镜片 | 64.2  |  72.6  | 0.6  |  -3.6   |   0.1   |
| 家用轻工 | 603848 |  好太太  | 63.2  |  34.9  | 6.1  |  -4.0   |  -11.1  |
| 家用轻工 | 002605 | 姚记科技 | 62.2  |  16.9  | -1.4 |  -4.0   |  -7.2   |
| 家用轻工 | 002301 | 齐心集团 | 46.6  |  21.2  | -0.5 |  -3.2   |  -2.8   |
| 家用轻工 | 605299 | 舒华体育 | 45.8  |  86.3  | 3.1  |   1.8   |   3.0   |
| 家用轻工 | 300729 | 乐歌股份 | 38.7  |  53.8  | -5.3 |   0.2   |  -0.1   |
| 家用轻工 | 300651 | 金陵体育 | 32.2  | 314.7  | 2.2  |  -0.8   |  -1.3   |
| 家用轻工 | 600439 |  瑞贝卡  | 31.4  |  61.4  | -1.8 |  -0.7   |   1.8   |
| 家用轻工 | 002348 | 高乐股份 | 29.9  | -15.0  | 10.1 |  33.3   |  45.0   |
| 家用轻工 | 002575 | 群兴玩具 | 29.6  | 426.7  | 3.9  |   3.9   |   3.5   |
| 家用轻工 | 002571 | 德力股份 | 28.0  | 271.6  | 0.8  |  -1.0   |  -1.6   |
| 家用轻工 | 002615 |  哈尔斯  | 24.8  |  20.1  | -1.0 |  -1.6   |  -0.8   |
| 家用轻工 | 301004 | 嘉益股份 | 23.6  |  17.9  | 0.4  |  -0.3   |  -0.3   |
| 家用轻工 | 002103 | 广博股份 | 23.4  | -39.1  | 1.6  |   0.5   |  -0.5   |
| 家用轻工 | 300329 | 海伦钢琴 | 17.7  |  70.2  | 2.3  |   0.4   |  -0.7   |
| 家用轻工 | 300703 | 创源股份 | 17.2  | 106.7  | -4.8 |   2.2   |   3.4   |
| 家用轻工 | 300640 | 德艺文创 | 16.4  |  49.5  | -0.9 |  -1.9   |  -2.0   |
| 家用轻工 | 002899 |  英派斯  | 14.6  | 273.7  | 0.2  |  -2.5   |   0.8   |
| 家用轻工 | 002862 | 实丰文化 | 13.4  | 174.4  | -4.1 |  -1.4   |  -0.1   |
+----------+--------+----------+-------+--------+------+---------+---------+
 




 [行业>单日涨幅]
+----------+--------+----------+-------+--------+------+---------+---------+
|   行业   |  代码  |   名称   | 市值  |   pe   | 涨幅 | 3日涨幅 | 6日涨幅 |
+----------+--------+----------+-------+--------+------+---------+---------+
| 家用轻工 | 002348 | 高乐股份 | 29.9  | -15.0  | 10.1 |  33.3   |  45.0   |
| 家用轻工 | 603848 |  好太太  | 63.2  |  34.9  | 6.1  |  -4.0   |  -11.1  |
| 家用轻工 | 002575 | 群兴玩具 | 29.6  | 426.7  | 3.9  |   3.9   |   3.5   |
| 家用轻工 | 001323 | 慕思股份 | 186.8 |  37.6  | 3.3  |   0.9   |  -3.3   |
| 家用轻工 | 605299 | 舒华体育 | 45.8  |  86.3  | 3.1  |   1.8   |   3.0   |
| 家用轻工 | 605099 | 共创草坪 | 106.4 |  31.2  | 3.1  |   1.3   |  -0.4   |
| 家用轻工 | 300329 | 海伦钢琴 | 17.7  |  70.2  | 2.3  |   0.4   |  -0.7   |
| 家用轻工 | 300651 | 金陵体育 | 32.2  | 314.7  | 2.2  |  -0.8   |  -1.3   |
| 家用轻工 | 002103 | 广博股份 | 23.4  | -39.1  | 1.6  |   0.5   |  -0.5   |
| 家用轻工 | 002571 | 德力股份 | 28.0  | 271.6  | 0.8  |  -1.0   |  -1.6   |
| 家用轻工 | 002678 | 珠江钢琴 | 77.6  |  36.5  | 0.7  |  -1.6   |  -0.9   |
| 家用轻工 | 301101 | 明月镜片 | 64.2  |  72.6  | 0.6  |  -3.6   |   0.1   |
| 家用轻工 | 301004 | 嘉益股份 | 23.6  |  17.9  | 0.4  |  -0.3   |  -0.3   |
| 家用轻工 | 002899 |  英派斯  | 14.6  | 273.7  | 0.2  |  -2.5   |   0.8   |
| 家用轻工 | 002301 | 齐心集团 | 46.6  |  21.2  | -0.5 |  -3.2   |  -2.8   |
| 家用轻工 | 603398 | 沐邦高科 | 97.2  | -266.6 | -0.5 |  -0.2   |   0.6   |
| 家用轻工 | 300640 | 德艺文创 | 16.4  |  49.5  | -0.9 |  -1.9   |  -2.0   |
| 家用轻工 | 002615 |  哈尔斯  | 24.8  |  20.1  | -1.0 |  -1.6   |  -0.8   |
| 家用轻工 | 603899 | 晨光股份 | 485.1 |  44.0  | -1.1 |  -3.6   |  -2.4   |
| 家用轻工 | 002605 | 姚记科技 | 62.2  |  16.9  | -1.4 |  -4.0   |  -7.2   |
| 家用轻工 | 600439 |  瑞贝卡  | 31.4  |  61.4  | -1.8 |  -0.7   |   1.8   |
| 家用轻工 | 002489 | 浙江永强 | 79.0  |  14.4  | -2.9 |   1.7   |   1.4   |
| 家用轻工 | 002862 | 实丰文化 | 13.4  | 174.4  | -4.1 |  -1.4   |  -0.1   |
| 家用轻工 | 300703 | 创源股份 | 17.2  | 106.7  | -4.8 |   2.2   |   3.4   |
| 家用轻工 | 300729 | 乐歌股份 | 38.7  |  53.8  | -5.3 |   0.2   |  -0.1   |
+----------+--------+----------+-------+--------+------+---------+---------+
