[行业>市值]
+----------+--------+----------+--------+--------+------+---------+---------+
|   行业   |  代码  |   名称   |  市值  |   pe   | 涨幅 | 3日涨幅 | 6日涨幅 |
+----------+--------+----------+--------+--------+------+---------+---------+
| 工程机械 | 600031 | 三一重工 | 1607.0 |  25.3  | 1.3  |  -4.6   |   2.8   |
| 工程机械 | 601100 | 恒立液压 | 775.4  |  36.7  | 6.7  |  -5.7   |  -1.1   |
| 工程机械 | 000157 | 中联重科 | 547.6  |  15.1  | 0.6  |  -2.2   |   3.6   |
| 工程机械 | 000425 | 徐工机械 | 421.5  |  7.5   | 0.0  |  -2.4   |   0.0   |
| 工程机械 | 603338 | 浙江鼎力 | 241.3  |  30.8  | -1.7 |  -6.8   |  -4.0   |
| 工程机械 | 688425 | 铁建重工 | 216.5  |  14.4  | 0.5  |  -1.5   |   0.2   |
| 工程机械 | 603638 | 艾迪精密 | 165.4  |  57.2  | -2.3 |  -13.1  |  -3.1   |
| 工程机械 | 002204 | 大连重工 | 136.0  |  48.6  | 10.0 |  33.1   |  60.7   |
| 工程机械 | 603298 | 杭叉集团 | 130.6  |  17.2  | 0.0  |  -5.2   |  -2.6   |
| 工程机械 | 000528 |   柳工   | 126.9  |  12.5  | 0.0  |  -3.1   |  -0.8   |
| 工程机械 | 600761 | 安徽合力 |  88.8  |  11.4  | 1.9  |  -2.0   |   1.7   |
| 工程机械 | 000680 | 山推股份 |  82.3  |  5.7   | 2.8  |  -4.2   |   9.8   |
| 工程机械 | 600984 | 建设机械 |  77.8  | -36.1  | -0.5 |  -5.6   |  -0.5   |
| 工程机械 | 605305 | 中际联合 |  77.7  |  44.1  | 3.6  |   4.8   |   4.8   |
| 工程机械 | 002097 | 山河智能 |  74.5  | -38.0  | 0.9  |  -1.3   |   1.3   |
| 工程机械 | 601226 | 华电重工 |  61.4  | -14.1  | -3.0 |   5.8   |   5.2   |
| 工程机械 | 600375 | 汉马科技 |  60.9  |  -9.4  | 3.2  |   2.6   |  -0.8   |
| 工程机械 | 600817 | 宇通重工 |  56.6  |  16.7  | 3.1  |  -2.1   |   7.0   |
| 工程机械 | 300718 | 长盛轴承 |  52.6  |  43.5  | -2.8 |   1.4   |   8.8   |
| 工程机械 | 600815 | 厦工股份 |  52.0  | -679.8 | -0.7 |  -5.2   |   4.6   |
| 工程机械 | 603611 | 诺力股份 |  45.1  |  15.7  | 1.3  |  -3.3   |  -1.9   |
| 工程机械 | 605389 | 长龄液压 |  36.4  |  21.6  | 0.6  |  -3.5   |  -0.3   |
| 工程机械 | 301040 | 中环海陆 |  29.0  |  42.5  | 1.5  |  -2.1   |  -4.1   |
| 工程机械 | 002272 | 川润股份 |  26.5  |  68.2  | 10.0 |   3.6   |  11.6   |
| 工程机械 | 001288 | 运机集团 |  25.3  |  29.9  | -0.1 |  -0.2   |  -0.1   |
| 工程机械 | 300201 | *ST海伦  |  21.6  |  16.5  | -1.4 |   0.0   |   4.0   |
| 工程机械 | 300022 | 吉峰科技 |  17.5  | -210.2 | 1.1  |  -2.7   |  -2.3   |
+----------+--------+----------+--------+--------+------+---------+---------+
 




 [行业>单日涨幅]
+----------+--------+----------+--------+--------+------+---------+---------+
|   行业   |  代码  |   名称   |  市值  |   pe   | 涨幅 | 3日涨幅 | 6日涨幅 |
+----------+--------+----------+--------+--------+------+---------+---------+
| 工程机械 | 002204 | 大连重工 | 136.0  |  48.6  | 10.0 |  33.1   |  60.7   |
| 工程机械 | 002272 | 川润股份 |  26.5  |  68.2  | 10.0 |   3.6   |  11.6   |
| 工程机械 | 601100 | 恒立液压 | 775.4  |  36.7  | 6.7  |  -5.7   |  -1.1   |
| 工程机械 | 605305 | 中际联合 |  77.7  |  44.1  | 3.6  |   4.8   |   4.8   |
| 工程机械 | 600375 | 汉马科技 |  60.9  |  -9.4  | 3.2  |   2.6   |  -0.8   |
| 工程机械 | 600817 | 宇通重工 |  56.6  |  16.7  | 3.1  |  -2.1   |   7.0   |
| 工程机械 | 000680 | 山推股份 |  82.3  |  5.7   | 2.8  |  -4.2   |   9.8   |
| 工程机械 | 600761 | 安徽合力 |  88.8  |  11.4  | 1.9  |  -2.0   |   1.7   |
| 工程机械 | 301040 | 中环海陆 |  29.0  |  42.5  | 1.5  |  -2.1   |  -4.1   |
| 工程机械 | 600031 | 三一重工 | 1607.0 |  25.3  | 1.3  |  -4.6   |   2.8   |
| 工程机械 | 603611 | 诺力股份 |  45.1  |  15.7  | 1.3  |  -3.3   |  -1.9   |
| 工程机械 | 300022 | 吉峰科技 |  17.5  | -210.2 | 1.1  |  -2.7   |  -2.3   |
| 工程机械 | 002097 | 山河智能 |  74.5  | -38.0  | 0.9  |  -1.3   |   1.3   |
| 工程机械 | 000157 | 中联重科 | 547.6  |  15.1  | 0.6  |  -2.2   |   3.6   |
| 工程机械 | 605389 | 长龄液压 |  36.4  |  21.6  | 0.6  |  -3.5   |  -0.3   |
| 工程机械 | 688425 | 铁建重工 | 216.5  |  14.4  | 0.5  |  -1.5   |   0.2   |
| 工程机械 | 000425 | 徐工机械 | 421.5  |  7.5   | 0.0  |  -2.4   |   0.0   |
| 工程机械 | 603298 | 杭叉集团 | 130.6  |  17.2  | 0.0  |  -5.2   |  -2.6   |
| 工程机械 | 000528 |   柳工   | 126.9  |  12.5  | 0.0  |  -3.1   |  -0.8   |
| 工程机械 | 001288 | 运机集团 |  25.3  |  29.9  | -0.1 |  -0.2   |  -0.1   |
| 工程机械 | 600984 | 建设机械 |  77.8  | -36.1  | -0.5 |  -5.6   |  -0.5   |
| 工程机械 | 600815 | 厦工股份 |  52.0  | -679.8 | -0.7 |  -5.2   |   4.6   |
| 工程机械 | 300201 | *ST海伦  |  21.6  |  16.5  | -1.4 |   0.0   |   4.0   |
| 工程机械 | 603338 | 浙江鼎力 | 241.3  |  30.8  | -1.7 |  -6.8   |  -4.0   |
| 工程机械 | 603638 | 艾迪精密 | 165.4  |  57.2  | -2.3 |  -13.1  |  -3.1   |
| 工程机械 | 300718 | 长盛轴承 |  52.6  |  43.5  | -2.8 |   1.4   |   8.8   |
| 工程机械 | 601226 | 华电重工 |  61.4  | -14.1  | -3.0 |   5.8   |   5.2   |
+----------+--------+----------+--------+--------+------+---------+---------+
