[行业>市值]
+----------+--------+----------+--------+-------+------+---------+---------+
|   行业   |  代码  |   名称   |  市值  |  pe   | 涨幅 | 3日涨幅 | 6日涨幅 |
+----------+--------+----------+--------+-------+------+---------+---------+
| 汽车整车 | 601633 | 长城汽车 | 3461.0 | 53.0  | 4.8  |   3.3   |  -1.8   |
| 汽车整车 | 600104 | 上汽集团 | 2053.0 |  9.3  | 2.5  |   2.0   |  -1.9   |
| 汽车整车 | 000625 | 长安汽车 | 1884.0 | 10.4  | 8.1  |   6.2   |   3.7   |
| 汽车整车 | 601238 | 广汽集团 | 1792.0 | 14.9  | 8.4  |   9.9   |   8.6   |
| 汽车整车 | 601127 | 小康股份 | 1106.0 | -33.0 | 4.8  |  -2.0   |   3.0   |
| 汽车整车 | 000800 | 一汽解放 | 429.1  | 23.7  | 2.2  |   0.0   |  -2.9   |
| 汽车整车 | 600733 | 北汽蓝谷 | 417.2  | -10.9 | 4.2  |   6.6   |   5.3   |
| 汽车整车 | 600418 | 江淮汽车 | 413.9  | -35.6 | 8.7  |  10.1   |  19.4   |
| 汽车整车 | 601777 | 力帆科技 | 248.4  | 122.1 | 2.4  |   5.1   |  -0.5   |
| 汽车整车 | 301039 | 中集车辆 | 223.8  | 44.9  | 1.0  |   3.5   |  -1.1   |
| 汽车整车 | 600166 | 福田汽车 | 194.0  | 35.8  | 10.1 |   7.3   |   2.4   |
| 汽车整车 | 600066 | 宇通客车 | 192.8  | -41.7 | 5.5  |   2.4   |  -0.5   |
| 汽车整车 | 000550 | 江铃汽车 | 177.5  | 22.9  | 10.0 |  16.3   |  26.0   |
| 汽车整车 | 000980 |  ST众泰  | 177.4  | -28.3 | 1.4  |  -1.7   |  -2.2   |
| 汽车整车 | 000951 | 中国重汽 | 163.9  | 33.0  | 3.6  |   0.9   |   8.6   |
| 汽车整车 | 600006 | 东风汽车 | 150.8  | 31.8  | 4.0  |   3.6   |  -4.6   |
| 汽车整车 | 000957 | 中通客车 | 125.2  | -88.7 | 10.0 |  -1.0   |  -1.0   |
| 汽车整车 | 000572 | 海马汽车 | 100.7  | -41.3 | 4.1  |   3.7   |  -5.0   |
| 汽车整车 | 600686 | 金龙汽车 |  56.1  | 361.6 | 8.5  |  15.5   |   7.9   |
| 汽车整车 | 000868 | 安凯客车 |  49.4  | -30.9 | 9.9  |   7.0   |  -8.2   |
| 汽车整车 | 600213 | 亚星客车 |  30.1  | -17.2 | 5.8  |   1.2   |   0.2   |
| 汽车整车 | 600303 |  ST曙光  |  22.4  | -17.1 | 2.2  |   1.5   |  -6.0   |
| 汽车整车 | 002594 |  比亚迪  |  0.0   | 314.5 | 4.0  |   3.9   |   5.4   |
+----------+--------+----------+--------+-------+------+---------+---------+
 




 [行业>单日涨幅]
+----------+--------+----------+--------+-------+------+---------+---------+
|   行业   |  代码  |   名称   |  市值  |  pe   | 涨幅 | 3日涨幅 | 6日涨幅 |
+----------+--------+----------+--------+-------+------+---------+---------+
| 汽车整车 | 600166 | 福田汽车 | 194.0  | 35.8  | 10.1 |   7.3   |   2.4   |
| 汽车整车 | 000550 | 江铃汽车 | 177.5  | 22.9  | 10.0 |  16.3   |  26.0   |
| 汽车整车 | 000957 | 中通客车 | 125.2  | -88.7 | 10.0 |  -1.0   |  -1.0   |
| 汽车整车 | 000868 | 安凯客车 |  49.4  | -30.9 | 9.9  |   7.0   |  -8.2   |
| 汽车整车 | 600418 | 江淮汽车 | 413.9  | -35.6 | 8.7  |  10.1   |  19.4   |
| 汽车整车 | 600686 | 金龙汽车 |  56.1  | 361.6 | 8.5  |  15.5   |   7.9   |
| 汽车整车 | 601238 | 广汽集团 | 1792.0 | 14.9  | 8.4  |   9.9   |   8.6   |
| 汽车整车 | 000625 | 长安汽车 | 1884.0 | 10.4  | 8.1  |   6.2   |   3.7   |
| 汽车整车 | 600213 | 亚星客车 |  30.1  | -17.2 | 5.8  |   1.2   |   0.2   |
| 汽车整车 | 600066 | 宇通客车 | 192.8  | -41.7 | 5.5  |   2.4   |  -0.5   |
| 汽车整车 | 601127 | 小康股份 | 1106.0 | -33.0 | 4.8  |  -2.0   |   3.0   |
| 汽车整车 | 601633 | 长城汽车 | 3461.0 | 53.0  | 4.8  |   3.3   |  -1.8   |
| 汽车整车 | 600733 | 北汽蓝谷 | 417.2  | -10.9 | 4.2  |   6.6   |   5.3   |
| 汽车整车 | 000572 | 海马汽车 | 100.7  | -41.3 | 4.1  |   3.7   |  -5.0   |
| 汽车整车 | 600006 | 东风汽车 | 150.8  | 31.8  | 4.0  |   3.6   |  -4.6   |
| 汽车整车 | 002594 |  比亚迪  |  0.0   | 314.5 | 4.0  |   3.9   |   5.4   |
| 汽车整车 | 000951 | 中国重汽 | 163.9  | 33.0  | 3.6  |   0.9   |   8.6   |
| 汽车整车 | 600104 | 上汽集团 | 2053.0 |  9.3  | 2.5  |   2.0   |  -1.9   |
| 汽车整车 | 601777 | 力帆科技 | 248.4  | 122.1 | 2.4  |   5.1   |  -0.5   |
| 汽车整车 | 000800 | 一汽解放 | 429.1  | 23.7  | 2.2  |   0.0   |  -2.9   |
| 汽车整车 | 600303 |  ST曙光  |  22.4  | -17.1 | 2.2  |   1.5   |  -6.0   |
| 汽车整车 | 000980 |  ST众泰  | 177.4  | -28.3 | 1.4  |  -1.7   |  -2.2   |
| 汽车整车 | 301039 | 中集车辆 | 223.8  | 44.9  | 1.0  |   3.5   |  -1.1   |
+----------+--------+----------+--------+-------+------+---------+---------+
