[行业>市值]
+------+--------+----------+-------+--------+------+---------+---------+
| 行业 |  代码  |   名称   | 市值  |   pe   | 涨幅 | 3日涨幅 | 6日涨幅 |
+------+--------+----------+-------+--------+------+---------+---------+
| 燃气 | 600956 | 新天绿能 | 572.0 |  15.2  | -1.9 |   6.9   |  10.8   |
| 燃气 | 600803 | 新奥股份 | 516.5 |  17.1  | -1.6 |  -3.1   |  -3.0   |
| 燃气 | 601139 | 深圳燃气 | 197.3 |  21.8  | -0.1 |  -1.0   |  -1.3   |
| 燃气 | 605090 | 九丰能源 | 128.9 |  8.2   | 0.0  |  -0.8   |   1.1   |
| 燃气 | 600917 | 重庆燃气 | 118.2 |  29.3  | 0.9  |  -1.2   |   3.4   |
| 燃气 | 300332 | 天壕环境 | 110.4 |  20.9  | -0.6 |  -0.1   |  13.4   |
| 燃气 | 000968 | 蓝焰控股 | 102.6 |  9.4   | 0.1  |  -6.8   |   2.7   |
| 燃气 | 600635 | 大众公用 | 95.4  |  -7.3  | 0.9  |  -1.8   |  -2.1   |
| 燃气 | 603393 | 新天然气 | 90.5  |  11.0  | 0.0  |  -3.8   |  -0.1   |
| 燃气 | 600903 | 贵州燃气 | 88.7  | -35.8  | -1.8 |  -2.3   |  -0.4   |
| 燃气 | 002911 | 佛燃能源 | 86.4  |  28.8  | 0.3  |  -1.3   |   0.4   |
| 燃气 | 603053 | XD成都燃 | 82.9  |  10.5  | -1.7 |   0.3   |   2.6   |
| 燃气 | 002267 | 陕天然气 | 78.0  |  3.9   | 0.0  |  -0.7   |   0.3   |
| 燃气 | 600617 | 国新能源 | 65.6  |  9.4   | 0.8  |   0.0   |   1.7   |
| 燃气 | 605368 | 蓝天燃气 | 64.4  |  8.4   | 4.1  |   1.0   |   2.6   |
| 燃气 | 600681 | 百川能源 | 61.2  |  10.5  | 1.1  |   0.2   |   0.7   |
| 燃气 | 300435 | 中泰股份 | 59.9  |  24.0  | 2.9  |  -0.2   |   3.1   |
| 燃气 | 300483 | 首华燃气 | 37.1  |  21.7  | -0.9 |  -4.6   |  -3.2   |
| 燃气 | 605169 | 洪通燃气 | 34.1  |  16.0  | 0.0  |   1.4   |   7.4   |
| 燃气 | 603689 | 皖天然气 | 33.7  |  12.5  | 0.0  |  -0.6   |  -0.8   |
| 燃气 | 000407 | 胜利股份 | 32.7  |  26.5  | 0.8  |  -0.5   |   0.0   |
| 燃气 | 603706 | 东方环宇 | 31.9  |  12.7  | 0.7  |  -1.7   |  11.1   |
| 燃气 | 600333 | 长春燃气 | 30.6  | -65.5  | 0.8  |  -1.4   |   1.4   |
| 燃气 | 603318 | 水发燃气 | 29.5  |  57.1  | 1.8  |   0.3   |   0.5   |
| 燃气 | 000421 | 南京公用 | 28.1  | -53.7  | 1.9  |   0.8   |   3.9   |
| 燃气 | 002259 |  ST升达  | 21.4  | -142.9 | -2.1 |   0.7   |  -1.4   |
| 燃气 | 000593 | 德龙汇能 | 20.9  | 221.7  | 0.0  |   1.8   |   4.3   |
| 燃气 | 603080 | 新疆火炬 | 18.7  |  12.9  | 0.5  |  -1.3   |   1.6   |
| 燃气 | 002700 |  ST浩源  | 17.9  |  30.1  | 0.0  |  -1.2   |   2.4   |
| 燃气 | 000669 |  ST金鸿  | 11.4  | -47.2  | 0.0  |   1.8   |   1.8   |
+------+--------+----------+-------+--------+------+---------+---------+
 




 [行业>单日涨幅]
+------+--------+----------+-------+--------+------+---------+---------+
| 行业 |  代码  |   名称   | 市值  |   pe   | 涨幅 | 3日涨幅 | 6日涨幅 |
+------+--------+----------+-------+--------+------+---------+---------+
| 燃气 | 605368 | 蓝天燃气 | 64.4  |  8.4   | 4.1  |   1.0   |   2.6   |
| 燃气 | 300435 | 中泰股份 | 59.9  |  24.0  | 2.9  |  -0.2   |   3.1   |
| 燃气 | 000421 | 南京公用 | 28.1  | -53.7  | 1.9  |   0.8   |   3.9   |
| 燃气 | 603318 | 水发燃气 | 29.5  |  57.1  | 1.8  |   0.3   |   0.5   |
| 燃气 | 600681 | 百川能源 | 61.2  |  10.5  | 1.1  |   0.2   |   0.7   |
| 燃气 | 600917 | 重庆燃气 | 118.2 |  29.3  | 0.9  |  -1.2   |   3.4   |
| 燃气 | 600635 | 大众公用 | 95.4  |  -7.3  | 0.9  |  -1.8   |  -2.1   |
| 燃气 | 600617 | 国新能源 | 65.6  |  9.4   | 0.8  |   0.0   |   1.7   |
| 燃气 | 000407 | 胜利股份 | 32.7  |  26.5  | 0.8  |  -0.5   |   0.0   |
| 燃气 | 600333 | 长春燃气 | 30.6  | -65.5  | 0.8  |  -1.4   |   1.4   |
| 燃气 | 603706 | 东方环宇 | 31.9  |  12.7  | 0.7  |  -1.7   |  11.1   |
| 燃气 | 603080 | 新疆火炬 | 18.7  |  12.9  | 0.5  |  -1.3   |   1.6   |
| 燃气 | 002911 | 佛燃能源 | 86.4  |  28.8  | 0.3  |  -1.3   |   0.4   |
| 燃气 | 000968 | 蓝焰控股 | 102.6 |  9.4   | 0.1  |  -6.8   |   2.7   |
| 燃气 | 605090 | 九丰能源 | 128.9 |  8.2   | 0.0  |  -0.8   |   1.1   |
| 燃气 | 603393 | 新天然气 | 90.5  |  11.0  | 0.0  |  -3.8   |  -0.1   |
| 燃气 | 002267 | 陕天然气 | 78.0  |  3.9   | 0.0  |  -0.7   |   0.3   |
| 燃气 | 605169 | 洪通燃气 | 34.1  |  16.0  | 0.0  |   1.4   |   7.4   |
| 燃气 | 603689 | 皖天然气 | 33.7  |  12.5  | 0.0  |  -0.6   |  -0.8   |
| 燃气 | 000593 | 德龙汇能 | 20.9  | 221.7  | 0.0  |   1.8   |   4.3   |
| 燃气 | 002700 |  ST浩源  | 17.9  |  30.1  | 0.0  |  -1.2   |   2.4   |
| 燃气 | 000669 |  ST金鸿  | 11.4  | -47.2  | 0.0  |   1.8   |   1.8   |
| 燃气 | 601139 | 深圳燃气 | 197.3 |  21.8  | -0.1 |  -1.0   |  -1.3   |
| 燃气 | 300332 | 天壕环境 | 110.4 |  20.9  | -0.6 |  -0.1   |  13.4   |
| 燃气 | 300483 | 首华燃气 | 37.1  |  21.7  | -0.9 |  -4.6   |  -3.2   |
| 燃气 | 600803 | 新奥股份 | 516.5 |  17.1  | -1.6 |  -3.1   |  -3.0   |
| 燃气 | 603053 | XD成都燃 | 82.9  |  10.5  | -1.7 |   0.3   |   2.6   |
| 燃气 | 600903 | 贵州燃气 | 88.7  | -35.8  | -1.8 |  -2.3   |  -0.4   |
| 燃气 | 600956 | 新天绿能 | 572.0 |  15.2  | -1.9 |   6.9   |  10.8   |
| 燃气 | 002259 |  ST升达  | 21.4  | -142.9 | -2.1 |   0.7   |  -1.4   |
+------+--------+----------+-------+--------+------+---------+---------+
