[行业>市值]
+------------+--------+----------+-------+--------+------+---------+---------+
|    行业    |  代码  |   名称   | 市值  |   pe   | 涨幅 | 3日涨幅 | 6日涨幅 |
+------------+--------+----------+-------+--------+------+---------+---------+
| 电子化学品 | 300054 | 鼎龙股份 | 205.6 |  72.0  | 6.2  |   6.9   |   7.8   |
| 电子化学品 | 300346 | 南大光电 | 182.1 |  56.4  | -3.7 |  -1.4   |  -1.5   |
| 电子化学品 | 002643 | 万润股份 | 179.6 |  19.3  | 0.8  |  -4.2   |  -4.0   |
| 电子化学品 | 688019 | 安集科技 | 151.9 |  95.9  | 2.5  |   1.6   |   0.9   |
| 电子化学品 | 300398 | 飞凯材料 | 118.2 |  21.3  | 1.3  |  -1.4   |  -0.5   |
| 电子化学品 | 300655 | 晶瑞电材 | 109.9 |  86.0  | 0.5  |   0.1   |  -2.5   |
| 电子化学品 | 300236 | 上海新阳 | 104.6 | -192.2 | 0.5  |   2.6   |   1.5   |
| 电子化学品 | 688106 | 金宏气体 | 92.1  |  59.3  | 2.2  |   2.5   |  -1.0   |
| 电子化学品 | 688268 | 华特气体 | 85.6  |  54.6  | -1.1 |   4.0   |   0.3   |
| 电子化学品 | 300481 | 濮阳惠成 | 83.5  |  24.9  | 0.9  |  12.7   |  23.6   |
| 电子化学品 | 002741 | 光华科技 | 82.8  |  58.6  | 1.1  |   4.0   |   7.1   |
| 电子化学品 | 603078 |  江化微  | 68.7  |  52.0  | 0.3  |  -0.4   |  -3.5   |
| 电子化学品 | 688550 | 瑞联新材 | 66.8  |  20.9  | 0.5  |  -2.3   |  -0.8   |
| 电子化学品 | 300576 | 容大感光 | 56.6  | 136.9  | -0.5 |  -0.5   |  -4.0   |
| 电子化学品 | 002584 | 西陇科学 | 49.9  |  14.9  | -1.3 |   1.7   |   8.7   |
| 电子化学品 | 300429 | 强力新材 | 47.4  |  47.4  | -0.3 |  -2.4   |  -3.5   |
| 电子化学品 | 688359 | 三孚新科 | 41.4  | -174.1 | 1.7  |  12.8   |   7.1   |
| 电子化学品 | 603931 |  格林达  | 40.0  |  25.3  | 1.4  |   1.6   |   0.8   |
| 电子化学品 | 300446 | 乐凯新材 | 23.8  | 374.7  | 0.9  |  -1.5   |  -4.8   |
| 电子化学品 | 300537 | 广信材料 | 23.1  | -50.3  | 0.9  |  -0.1   |  -4.8   |
| 电子化学品 | 300637 | 扬帆新材 | 17.8  |  38.4  | 1.3  |  -1.4   |  -0.1   |
+------------+--------+----------+-------+--------+------+---------+---------+
 




 [行业>单日涨幅]
+------------+--------+----------+-------+--------+------+---------+---------+
|    行业    |  代码  |   名称   | 市值  |   pe   | 涨幅 | 3日涨幅 | 6日涨幅 |
+------------+--------+----------+-------+--------+------+---------+---------+
| 电子化学品 | 300054 | 鼎龙股份 | 205.6 |  72.0  | 6.2  |   6.9   |   7.8   |
| 电子化学品 | 688019 | 安集科技 | 151.9 |  95.9  | 2.5  |   1.6   |   0.9   |
| 电子化学品 | 688106 | 金宏气体 | 92.1  |  59.3  | 2.2  |   2.5   |  -1.0   |
| 电子化学品 | 688359 | 三孚新科 | 41.4  | -174.1 | 1.7  |  12.8   |   7.1   |
| 电子化学品 | 603931 |  格林达  | 40.0  |  25.3  | 1.4  |   1.6   |   0.8   |
| 电子化学品 | 300637 | 扬帆新材 | 17.8  |  38.4  | 1.3  |  -1.4   |  -0.1   |
| 电子化学品 | 300398 | 飞凯材料 | 118.2 |  21.3  | 1.3  |  -1.4   |  -0.5   |
| 电子化学品 | 002741 | 光华科技 | 82.8  |  58.6  | 1.1  |   4.0   |   7.1   |
| 电子化学品 | 300537 | 广信材料 | 23.1  | -50.3  | 0.9  |  -0.1   |  -4.8   |
| 电子化学品 | 300481 | 濮阳惠成 | 83.5  |  24.9  | 0.9  |  12.7   |  23.6   |
| 电子化学品 | 300446 | 乐凯新材 | 23.8  | 374.7  | 0.9  |  -1.5   |  -4.8   |
| 电子化学品 | 002643 | 万润股份 | 179.6 |  19.3  | 0.8  |  -4.2   |  -4.0   |
| 电子化学品 | 300655 | 晶瑞电材 | 109.9 |  86.0  | 0.5  |   0.1   |  -2.5   |
| 电子化学品 | 300236 | 上海新阳 | 104.6 | -192.2 | 0.5  |   2.6   |   1.5   |
| 电子化学品 | 688550 | 瑞联新材 | 66.8  |  20.9  | 0.5  |  -2.3   |  -0.8   |
| 电子化学品 | 603078 |  江化微  | 68.7  |  52.0  | 0.3  |  -0.4   |  -3.5   |
| 电子化学品 | 300429 | 强力新材 | 47.4  |  47.4  | -0.3 |  -2.4   |  -3.5   |
| 电子化学品 | 300576 | 容大感光 | 56.6  | 136.9  | -0.5 |  -0.5   |  -4.0   |
| 电子化学品 | 688268 | 华特气体 | 85.6  |  54.6  | -1.1 |   4.0   |   0.3   |
| 电子化学品 | 002584 | 西陇科学 | 49.9  |  14.9  | -1.3 |   1.7   |   8.7   |
| 电子化学品 | 300346 | 南大光电 | 182.1 |  56.4  | -3.7 |  -1.4   |  -1.5   |
+------------+--------+----------+-------+--------+------+---------+---------+
