[行业>市值]
+----------+--------+----------+-------+--------+------+---------+---------+
|   行业   |  代码  |   名称   | 市值  |   pe   | 涨幅 | 3日涨幅 | 6日涨幅 |
+----------+--------+----------+-------+--------+------+---------+---------+
| 电源设备 | 601727 | 上海电气 | 696.4 | 1377.4 | 1.4  |   6.9   |   8.5   |
| 电源设备 | 600875 | 东方电气 | 536.2 |  14.5  | 3.8  |   5.5   |   5.8   |
| 电源设备 | 002518 |  科士达  | 193.5 |  89.2  | 7.5  |   3.4   |  18.5   |
| 电源设备 | 300376 |  易事特  | 192.8 |  48.8  | 7.8  |   2.9   |   7.1   |
| 电源设备 | 002335 | 科华数据 | 167.2 |  42.6  | 8.5  |  12.1   |  22.9   |
| 电源设备 | 300593 |  新雷能  | 158.4 |  45.6  | 2.7  |  -0.7   |   3.5   |
| 电源设备 | 002851 | 麦格米特 | 139.8 |  47.6  | 0.0  |   8.1   |  12.7   |
| 电源设备 | 002534 | 西子洁能 | 135.9 |  84.6  | 4.0  |   9.5   |  12.8   |
| 电源设备 | 300820 | 英杰电气 | 102.2 |  47.4  | 10.5 |  12.4   |  12.4   |
| 电源设备 | 600475 | 华光环能 | 79.4  |  9.6   | 1.3  |   2.4   |   3.7   |
| 电源设备 | 002665 | 首航高科 | 79.2  | -36.7  | 3.3  |   1.0   |  -0.3   |
| 电源设备 | 300693 | 盛弘股份 | 62.4  |  67.9  | 6.9  |   2.8   |  13.8   |
| 电源设备 | 002255 | 海陆重工 | 49.7  |  38.1  | 0.8  |   0.7   |   4.8   |
| 电源设备 | 002364 | 中恒电气 | 45.2  | 199.0  | 4.6  |   1.5   |   4.7   |
| 电源设备 | 300870 |  欧陆通  | 43.2  | -36.7  | 0.5  |  -1.4   |  -5.5   |
| 电源设备 | 002366 | *ST海核  | 36.9  | -29.8  | 4.9  |   8.7   |   6.2   |
| 电源设备 | 002227 |  奥特迅  | 36.7  | -106.1 | 3.5  |   1.8   |   4.7   |
| 电源设备 | 002630 | 华西能源 | 35.0  |  -5.7  | -0.7 |  -3.6   |  -10.6  |
| 电源设备 | 300105 | 龙源技术 | 33.4  | -114.3 | 6.6  |   7.7   |  11.4   |
| 电源设备 | 600405 |  动力源  | 33.0  | -43.1  | 4.4  |   1.2   |   3.5   |
| 电源设备 | 688551 |  科威尔  | 32.0  | 107.1  | 8.1  |   5.5   |   1.8   |
| 电源设备 | 300153 | 科泰电源 | 28.3  | 150.9  | 5.5  |   3.0   |   4.7   |
| 电源设备 | 300491 | 通合科技 | 26.5  | -80.1  | 4.3  |   2.6   |   7.5   |
| 电源设备 | 300713 |  英可瑞  | 24.1  | 361.2  | 1.5  |   3.2   |   3.2   |
| 电源设备 | 600202 |  哈空调  | 20.8  |  88.1  | 4.4  |   3.4   |   3.0   |
+----------+--------+----------+-------+--------+------+---------+---------+
 




 [行业>单日涨幅]
+----------+--------+----------+-------+--------+------+---------+---------+
|   行业   |  代码  |   名称   | 市值  |   pe   | 涨幅 | 3日涨幅 | 6日涨幅 |
+----------+--------+----------+-------+--------+------+---------+---------+
| 电源设备 | 300820 | 英杰电气 | 102.2 |  47.4  | 10.5 |  12.4   |  12.4   |
| 电源设备 | 002335 | 科华数据 | 167.2 |  42.6  | 8.5  |  12.1   |  22.9   |
| 电源设备 | 688551 |  科威尔  | 32.0  | 107.1  | 8.1  |   5.5   |   1.8   |
| 电源设备 | 300376 |  易事特  | 192.8 |  48.8  | 7.8  |   2.9   |   7.1   |
| 电源设备 | 002518 |  科士达  | 193.5 |  89.2  | 7.5  |   3.4   |  18.5   |
| 电源设备 | 300693 | 盛弘股份 | 62.4  |  67.9  | 6.9  |   2.8   |  13.8   |
| 电源设备 | 300105 | 龙源技术 | 33.4  | -114.3 | 6.6  |   7.7   |  11.4   |
| 电源设备 | 300153 | 科泰电源 | 28.3  | 150.9  | 5.5  |   3.0   |   4.7   |
| 电源设备 | 002366 | *ST海核  | 36.9  | -29.8  | 4.9  |   8.7   |   6.2   |
| 电源设备 | 002364 | 中恒电气 | 45.2  | 199.0  | 4.6  |   1.5   |   4.7   |
| 电源设备 | 600202 |  哈空调  | 20.8  |  88.1  | 4.4  |   3.4   |   3.0   |
| 电源设备 | 600405 |  动力源  | 33.0  | -43.1  | 4.4  |   1.2   |   3.5   |
| 电源设备 | 300491 | 通合科技 | 26.5  | -80.1  | 4.3  |   2.6   |   7.5   |
| 电源设备 | 002534 | 西子洁能 | 135.9 |  84.6  | 4.0  |   9.5   |  12.8   |
| 电源设备 | 600875 | 东方电气 | 536.2 |  14.5  | 3.8  |   5.5   |   5.8   |
| 电源设备 | 002227 |  奥特迅  | 36.7  | -106.1 | 3.5  |   1.8   |   4.7   |
| 电源设备 | 002665 | 首航高科 | 79.2  | -36.7  | 3.3  |   1.0   |  -0.3   |
| 电源设备 | 300593 |  新雷能  | 158.4 |  45.6  | 2.7  |  -0.7   |   3.5   |
| 电源设备 | 300713 |  英可瑞  | 24.1  | 361.2  | 1.5  |   3.2   |   3.2   |
| 电源设备 | 601727 | 上海电气 | 696.4 | 1377.4 | 1.4  |   6.9   |   8.5   |
| 电源设备 | 600475 | 华光环能 | 79.4  |  9.6   | 1.3  |   2.4   |   3.7   |
| 电源设备 | 002255 | 海陆重工 | 49.7  |  38.1  | 0.8  |   0.7   |   4.8   |
| 电源设备 | 300870 |  欧陆通  | 43.2  | -36.7  | 0.5  |  -1.4   |  -5.5   |
| 电源设备 | 002851 | 麦格米特 | 139.8 |  47.6  | 0.0  |   8.1   |  12.7   |
| 电源设备 | 002630 | 华西能源 | 35.0  |  -5.7  | -0.7 |  -3.6   |  -10.6  |
+----------+--------+----------+-------+--------+------+---------+---------+
