[行业>市值]
+------+--------+----------+-------+-------+------+---------+---------+
| 行业 |  代码  |   名称   | 市值  |  pe   | 涨幅 | 3日涨幅 | 6日涨幅 |
+------+--------+----------+-------+-------+------+---------+---------+
| 电机 | 002176 | 江特电机 | 500.3 | 18.8  | 2.0  |   4.3   |  20.4   |
| 电机 | 603489 | 八方股份 | 225.0 | 31.3  | -3.9 |  -4.6   |  -6.3   |
| 电机 | 600580 | 卧龙电驱 | 189.9 | 24.0  | 2.8  |  -0.3   |   3.2   |
| 电机 | 002249 | 大洋电机 | 148.1 | 25.2  | 3.3  |   0.3   |   2.1   |
| 电机 | 603728 | 鸣志电器 | 89.7  | 57.3  | 2.4  |  -7.0   |  -1.2   |
| 电机 | 300660 | 江苏雷利 | 87.0  | 31.4  | -5.1 |  -23.6  |   9.5   |
| 电机 | 003021 | 兆威机电 | 78.6  | 86.6  | 3.0  |   1.1   |  -9.4   |
| 电机 | 002801 | 微光股份 | 75.8  | 24.5  | 6.1  |   5.3   |  14.9   |
| 电机 | 000922 | 佳电股份 | 56.9  | 18.9  | 9.9  |  10.2   |  11.6   |
| 电机 | 002892 |  科力尔  | 50.6  | 79.4  | -2.6 |  -7.1   |   5.3   |
| 电机 | 002196 | 方正电机 | 50.3  | 211.0 | 2.1  |   1.4   |   0.7   |
| 电机 | 603819 | 神力股份 | 37.6  | 32.8  | -0.6 |  -2.8   |  -1.2   |
| 电机 | 002823 | 凯中精密 | 29.1  | 36.3  | 0.5  |  -0.8   |   0.4   |
| 电机 | 603988 | 中电电机 | 25.4  | 47.2  | -0.7 |  -1.0   |  -3.0   |
| 电机 | 301023 | 江南奕帆 | 24.0  | 29.6  | 0.7  |  -4.3   |   0.8   |
| 电机 | 301226 | 祥明智能 | 23.6  | 39.1  | -0.6 |  -0.5   |   0.2   |
| 电机 | 002576 | 通达动力 | 22.7  | 56.1  | 1.8  |  -1.6   |   2.4   |
| 电机 | 300907 | 康平科技 | 19.2  | 93.1  | -2.0 |  -2.1   |  -4.2   |
| 电机 | 688395 | 正弦电气 | 17.1  | 29.9  | 0.5  |  -2.2   |  -4.0   |
| 电机 | 300626 | 华瑞股份 | 16.3  | 63.6  | 0.4  |  -0.8   |   1.9   |
| 电机 | 603320 | 迪贝电气 | 15.4  | 31.6  | 1.1  |  -0.9   |  -1.6   |
+------+--------+----------+-------+-------+------+---------+---------+
 




 [行业>单日涨幅]
+------+--------+----------+-------+-------+------+---------+---------+
| 行业 |  代码  |   名称   | 市值  |  pe   | 涨幅 | 3日涨幅 | 6日涨幅 |
+------+--------+----------+-------+-------+------+---------+---------+
| 电机 | 000922 | 佳电股份 | 56.9  | 18.9  | 9.9  |  10.2   |  11.6   |
| 电机 | 002801 | 微光股份 | 75.8  | 24.5  | 6.1  |   5.3   |  14.9   |
| 电机 | 002249 | 大洋电机 | 148.1 | 25.2  | 3.3  |   0.3   |   2.1   |
| 电机 | 003021 | 兆威机电 | 78.6  | 86.6  | 3.0  |   1.1   |  -9.4   |
| 电机 | 600580 | 卧龙电驱 | 189.9 | 24.0  | 2.8  |  -0.3   |   3.2   |
| 电机 | 603728 | 鸣志电器 | 89.7  | 57.3  | 2.4  |  -7.0   |  -1.2   |
| 电机 | 002196 | 方正电机 | 50.3  | 211.0 | 2.1  |   1.4   |   0.7   |
| 电机 | 002176 | 江特电机 | 500.3 | 18.8  | 2.0  |   4.3   |  20.4   |
| 电机 | 002576 | 通达动力 | 22.7  | 56.1  | 1.8  |  -1.6   |   2.4   |
| 电机 | 603320 | 迪贝电气 | 15.4  | 31.6  | 1.1  |  -0.9   |  -1.6   |
| 电机 | 301023 | 江南奕帆 | 24.0  | 29.6  | 0.7  |  -4.3   |   0.8   |
| 电机 | 002823 | 凯中精密 | 29.1  | 36.3  | 0.5  |  -0.8   |   0.4   |
| 电机 | 688395 | 正弦电气 | 17.1  | 29.9  | 0.5  |  -2.2   |  -4.0   |
| 电机 | 300626 | 华瑞股份 | 16.3  | 63.6  | 0.4  |  -0.8   |   1.9   |
| 电机 | 603819 | 神力股份 | 37.6  | 32.8  | -0.6 |  -2.8   |  -1.2   |
| 电机 | 301226 | 祥明智能 | 23.6  | 39.1  | -0.6 |  -0.5   |   0.2   |
| 电机 | 603988 | 中电电机 | 25.4  | 47.2  | -0.7 |  -1.0   |  -3.0   |
| 电机 | 300907 | 康平科技 | 19.2  | 93.1  | -2.0 |  -2.1   |  -4.2   |
| 电机 | 002892 |  科力尔  | 50.6  | 79.4  | -2.6 |  -7.1   |   5.3   |
| 电机 | 603489 | 八方股份 | 225.0 | 31.3  | -3.9 |  -4.6   |  -6.3   |
| 电机 | 300660 | 江苏雷利 | 87.0  | 31.4  | -5.1 |  -23.6  |   9.5   |
+------+--------+----------+-------+-------+------+---------+---------+
