[行业>市值]
+------------+--------+----------+--------+-------+------+---------+---------+
|    行业    |  代码  |   名称   |  市值  |  pe   | 涨幅 | 3日涨幅 | 6日涨幅 |
+------------+--------+----------+--------+-------+------+---------+---------+
| 非金属材料 | 603260 | 合盛硅业 | 1256.0 | 15.3  | 1.6  |  -6.1   |   1.5   |
| 非金属材料 | 603688 | 石英股份 | 541.7  | 155.0 | 1.2  |   2.1   |  22.1   |
| 非金属材料 | 300861 | 美畅股份 | 392.6  | 34.5  | 2.4  |   5.2   |   9.4   |
| 非金属材料 | 600516 | 方大炭素 | 293.1  | 217.3 | 2.7  |   0.8   |   2.0   |
| 非金属材料 | 688281 | 华秦科技 | 290.6  | 122.5 | 1.7  |   7.0   |  26.0   |
| 非金属材料 | 603826 | 坤彩科技 | 273.1  | 255.9 | -0.7 |  -1.0   |  -1.3   |
| 非金属材料 | 300395 |  菲利华  | 258.1  | 71.4  | 5.9  |   3.7   |  13.0   |
| 非金属材料 | 300035 | 中科电气 | 204.3  | 39.6  | 9.1  |   1.2   |   0.7   |
| 非金属材料 | 301071 | 力量钻石 | 203.3  | 50.2  | 4.8  |  -3.3   |  13.8   |
| 非金属材料 | 603612 | 索通发展 | 187.2  | 29.6  | 10.0 |   8.0   |  10.7   |
| 非金属材料 | 688733 |  壹石通  | 162.2  | 93.0  | 7.1  |   5.7   |  23.7   |
| 非金属材料 | 300409 | 道氏技术 | 152.7  | 22.3  | 3.3  |   0.9   |   4.5   |
| 非金属材料 | 600330 | 天通股份 | 132.6  | 30.2  | 2.4  |   7.1   |  11.8   |
| 非金属材料 | 600172 | 黄河旋风 | 127.9  | 111.4 | 0.8  |  -6.1   |   3.7   |
| 非金属材料 | 600783 | 鲁信创投 |  97.0  | 49.3  | 0.2  |  -2.7   |  -2.0   |
| 非金属材料 | 688119 | 中钢洛耐 |  91.2  | 58.7  | -1.3 |  -6.3   |  -9.3   |
| 非金属材料 | 002130 | 沃尔核材 |  80.4  | 18.8  | -1.5 |   3.4   |   6.3   |
| 非金属材料 | 688357 | 建龙微纳 |  62.0  | 35.3  | 0.6  |  -4.0   |  -6.8   |
| 非金属材料 | 688300 | 联瑞新材 |  60.0  | 35.1  | -2.5 |  -4.8   |  -10.3  |
| 非金属材料 | 001296 | 长江材料 |  25.4  | 44.2  | -0.4 |  -2.1   |  -4.5   |
| 非金属材料 | 300743 | 天地数码 |  15.5  | 52.6  | -0.3 |  -2.9   |  -1.9   |
+------------+--------+----------+--------+-------+------+---------+---------+
 




 [行业>单日涨幅]
+------------+--------+----------+--------+-------+------+---------+---------+
|    行业    |  代码  |   名称   |  市值  |  pe   | 涨幅 | 3日涨幅 | 6日涨幅 |
+------------+--------+----------+--------+-------+------+---------+---------+
| 非金属材料 | 603612 | 索通发展 | 187.2  | 29.6  | 10.0 |   8.0   |  10.7   |
| 非金属材料 | 300035 | 中科电气 | 204.3  | 39.6  | 9.1  |   1.2   |   0.7   |
| 非金属材料 | 688733 |  壹石通  | 162.2  | 93.0  | 7.1  |   5.7   |  23.7   |
| 非金属材料 | 300395 |  菲利华  | 258.1  | 71.4  | 5.9  |   3.7   |  13.0   |
| 非金属材料 | 301071 | 力量钻石 | 203.3  | 50.2  | 4.8  |  -3.3   |  13.8   |
| 非金属材料 | 300409 | 道氏技术 | 152.7  | 22.3  | 3.3  |   0.9   |   4.5   |
| 非金属材料 | 600516 | 方大炭素 | 293.1  | 217.3 | 2.7  |   0.8   |   2.0   |
| 非金属材料 | 300861 | 美畅股份 | 392.6  | 34.5  | 2.4  |   5.2   |   9.4   |
| 非金属材料 | 600330 | 天通股份 | 132.6  | 30.2  | 2.4  |   7.1   |  11.8   |
| 非金属材料 | 688281 | 华秦科技 | 290.6  | 122.5 | 1.7  |   7.0   |  26.0   |
| 非金属材料 | 603260 | 合盛硅业 | 1256.0 | 15.3  | 1.6  |  -6.1   |   1.5   |
| 非金属材料 | 603688 | 石英股份 | 541.7  | 155.0 | 1.2  |   2.1   |  22.1   |
| 非金属材料 | 600172 | 黄河旋风 | 127.9  | 111.4 | 0.8  |  -6.1   |   3.7   |
| 非金属材料 | 688357 | 建龙微纳 |  62.0  | 35.3  | 0.6  |  -4.0   |  -6.8   |
| 非金属材料 | 600783 | 鲁信创投 |  97.0  | 49.3  | 0.2  |  -2.7   |  -2.0   |
| 非金属材料 | 300743 | 天地数码 |  15.5  | 52.6  | -0.3 |  -2.9   |  -1.9   |
| 非金属材料 | 001296 | 长江材料 |  25.4  | 44.2  | -0.4 |  -2.1   |  -4.5   |
| 非金属材料 | 603826 | 坤彩科技 | 273.1  | 255.9 | -0.7 |  -1.0   |  -1.3   |
| 非金属材料 | 688119 | 中钢洛耐 |  91.2  | 58.7  | -1.3 |  -6.3   |  -9.3   |
| 非金属材料 | 002130 | 沃尔核材 |  80.4  | 18.8  | -1.5 |   3.4   |   6.3   |
| 非金属材料 | 688300 | 联瑞新材 |  60.0  | 35.1  | -2.5 |  -4.8   |  -10.3  |
+------------+--------+----------+--------+-------+------+---------+---------+
