[行业>市值]
+----------+--------+----------+-------+-------+------+---------+---------+
|   行业   |  代码  |   名称   | 市值  |  pe   | 涨幅 | 3日涨幅 | 6日涨幅 |
+----------+--------+----------+-------+-------+------+---------+---------+
| 专业服务 | 300012 | 华测检测 | 391.9 | 81.7  | 1.1  |   5.6   |   5.7   |
| 专业服务 | 003035 | 南网能源 | 247.7 | 69.2  | -0.1 |   1.6   |   3.5   |
| 专业服务 | 301080 | 百普赛斯 | 138.8 | 64.9  | -0.3 |   1.3   |   2.5   |
| 专业服务 | 688133 | 泰坦科技 | 130.5 | 167.9 | 1.3  |   2.7   |   6.7   |
| 专业服务 | 300887 | 谱尼测试 | 120.6 | 547.1 | 0.4  |   3.6   |  10.7   |
| 专业服务 | 002967 | 广电计量 | 106.4 | -33.5 | 1.6  |   4.3   |   5.6   |
| 专业服务 | 603060 | 国检集团 | 85.7  | -76.4 | -1.0 |   1.4   |  -1.2   |
| 专业服务 | 300416 | 苏试试验 | 85.1  | 73.8  | -2.4 |   2.3   |  -0.8   |
| 专业服务 | 688179 |  阿拉丁  | 76.7  | 61.8  | -2.3 |   2.9   |  -0.4   |
| 专业服务 | 603698 | 航天工程 | 69.7  | 95.1  | -0.6 |   2.9   |   1.3   |
| 专业服务 | 300384 | 三联虹普 | 58.8  | 24.8  | -1.1 |   4.1   |   0.3   |
| 专业服务 | 301166 |  优宁维  | 52.3  | 60.2  | -2.7 |   1.7   |   1.4   |
| 专业服务 | 300215 |  电科院  | 51.4  | 88.1  | -0.1 |   4.0   |   3.4   |
| 专业服务 | 002878 | 元隆雅图 | 40.5  | 11.0  | 0.2  |   0.7   |   0.9   |
| 专业服务 | 300962 | 中金辐照 | 40.5  | 35.5  | 1.8  |   5.2   |   4.4   |
| 专业服务 | 002564 | 天沃科技 | 39.3  | 525.1 | -1.5 |   3.4   |  -1.5   |
| 专业服务 | 300797 | 钢研纳克 | 34.4  | 57.8  | -0.9 |   3.5   |   2.1   |
| 专业服务 | 300572 | 安车检测 | 34.3  | 56.6  | -1.4 |   5.7   |   5.7   |
| 专业服务 | 603776 |  永安行  | 33.1  | 66.8  | -1.7 |   4.3   |   7.6   |
| 专业服务 | 300938 | 信测标准 | 31.1  | 34.7  | 1.7  |   6.2   |  10.5   |
| 专业服务 | 301257 |  普蕊斯  | 30.2  | 77.3  | 0.8  |   2.0   |   0.5   |
| 专业服务 | 301289 |  C国缆   | 29.4  | 43.8  | 1.7  |   0.8   |  45.9   |
| 专业服务 | 301169 | 零点有数 | 29.1  | -60.7 | -1.3 |  -11.1  |  -0.7   |
| 专业服务 | 603183 |  建研院  | 25.6  | -63.0 | 0.4  |   3.0   |   1.0   |
| 专业服务 | 301228 | 实朴检测 | 25.2  | -43.7 | 2.0  |   2.5   |   2.7   |
| 专业服务 | 003008 | 开普检测 | 19.7  | 36.5  | 0.8  |   3.9   |   4.6   |
+----------+--------+----------+-------+-------+------+---------+---------+
 




 [行业>单日涨幅]
+----------+--------+----------+-------+-------+------+---------+---------+
|   行业   |  代码  |   名称   | 市值  |  pe   | 涨幅 | 3日涨幅 | 6日涨幅 |
+----------+--------+----------+-------+-------+------+---------+---------+
| 专业服务 | 301228 | 实朴检测 | 25.2  | -43.7 | 2.0  |   2.5   |   2.7   |
| 专业服务 | 300962 | 中金辐照 | 40.5  | 35.5  | 1.8  |   5.2   |   4.4   |
| 专业服务 | 300938 | 信测标准 | 31.1  | 34.7  | 1.7  |   6.2   |  10.5   |
| 专业服务 | 301289 |  C国缆   | 29.4  | 43.8  | 1.7  |   0.8   |  45.9   |
| 专业服务 | 002967 | 广电计量 | 106.4 | -33.5 | 1.6  |   4.3   |   5.6   |
| 专业服务 | 688133 | 泰坦科技 | 130.5 | 167.9 | 1.3  |   2.7   |   6.7   |
| 专业服务 | 300012 | 华测检测 | 391.9 | 81.7  | 1.1  |   5.6   |   5.7   |
| 专业服务 | 301257 |  普蕊斯  | 30.2  | 77.3  | 0.8  |   2.0   |   0.5   |
| 专业服务 | 003008 | 开普检测 | 19.7  | 36.5  | 0.8  |   3.9   |   4.6   |
| 专业服务 | 300887 | 谱尼测试 | 120.6 | 547.1 | 0.4  |   3.6   |  10.7   |
| 专业服务 | 603183 |  建研院  | 25.6  | -63.0 | 0.4  |   3.0   |   1.0   |
| 专业服务 | 002878 | 元隆雅图 | 40.5  | 11.0  | 0.2  |   0.7   |   0.9   |
| 专业服务 | 003035 | 南网能源 | 247.7 | 69.2  | -0.1 |   1.6   |   3.5   |
| 专业服务 | 300215 |  电科院  | 51.4  | 88.1  | -0.1 |   4.0   |   3.4   |
| 专业服务 | 301080 | 百普赛斯 | 138.8 | 64.9  | -0.3 |   1.3   |   2.5   |
| 专业服务 | 603698 | 航天工程 | 69.7  | 95.1  | -0.6 |   2.9   |   1.3   |
| 专业服务 | 300797 | 钢研纳克 | 34.4  | 57.8  | -0.9 |   3.5   |   2.1   |
| 专业服务 | 603060 | 国检集团 | 85.7  | -76.4 | -1.0 |   1.4   |  -1.2   |
| 专业服务 | 300384 | 三联虹普 | 58.8  | 24.8  | -1.1 |   4.1   |   0.3   |
| 专业服务 | 301169 | 零点有数 | 29.1  | -60.7 | -1.3 |  -11.1  |  -0.7   |
| 专业服务 | 300572 | 安车检测 | 34.3  | 56.6  | -1.4 |   5.7   |   5.7   |
| 专业服务 | 002564 | 天沃科技 | 39.3  | 525.1 | -1.5 |   3.4   |  -1.5   |
| 专业服务 | 603776 |  永安行  | 33.1  | 66.8  | -1.7 |   4.3   |   7.6   |
| 专业服务 | 688179 |  阿拉丁  | 76.7  | 61.8  | -2.3 |   2.9   |  -0.4   |
| 专业服务 | 300416 | 苏试试验 | 85.1  | 73.8  | -2.4 |   2.3   |  -0.8   |
| 专业服务 | 301166 |  优宁维  | 52.3  | 60.2  | -2.7 |   1.7   |   1.4   |
+----------+--------+----------+-------+-------+------+---------+---------+
