[行业>市值]
+------+--------+----------+--------+------+------+---------+---------+
| 行业 |  代码  |   名称   |  市值  |  pe  | 涨幅 | 3日涨幅 | 6日涨幅 |
+------+--------+----------+--------+------+------+---------+---------+
| 保险 | 601628 | 中国人寿 | 8889.0 | 14.6 | -1.0 |   5.1   |  10.7   |
| 保险 | 601318 | 中国平安 | 8555.0 | 10.3 | 0.1  |   3.1   |   2.8   |
| 保险 | 601319 | 中国人保 | 2269.0 | 6.5  | -1.4 |   0.8   |   1.4   |
| 保险 | 601601 | 中国太保 | 2266.0 | 10.4 | 0.5  |   1.4   |   2.9   |
| 保险 | 601336 | 新华保险 | 1008.0 | 18.8 | -0.6 |   2.8   |   4.1   |
| 保险 | 000627 | 天茂集团 | 177.4  | 30.1 | -0.3 |   1.1   |   5.3   |
+------+--------+----------+--------+------+------+---------+---------+
 




 [行业>单日涨幅]
+------+--------+----------+--------+------+------+---------+---------+
| 行业 |  代码  |   名称   |  市值  |  pe  | 涨幅 | 3日涨幅 | 6日涨幅 |
+------+--------+----------+--------+------+------+---------+---------+
| 保险 | 601601 | 中国太保 | 2266.0 | 10.4 | 0.5  |   1.4   |   2.9   |
| 保险 | 601318 | 中国平安 | 8555.0 | 10.3 | 0.1  |   3.1   |   2.8   |
| 保险 | 000627 | 天茂集团 | 177.4  | 30.1 | -0.3 |   1.1   |   5.3   |
| 保险 | 601336 | 新华保险 | 1008.0 | 18.8 | -0.6 |   2.8   |   4.1   |
| 保险 | 601628 | 中国人寿 | 8889.0 | 14.6 | -1.0 |   5.1   |  10.7   |
| 保险 | 601319 | 中国人保 | 2269.0 | 6.5  | -1.4 |   0.8   |   1.4   |
+------+--------+----------+--------+------+------+---------+---------+
