[行业>市值]
+----------+--------+----------+-------+--------+------+---------+---------+
|   行业   |  代码  |   名称   | 市值  |   pe   | 涨幅 | 3日涨幅 | 6日涨幅 |
+----------+--------+----------+-------+--------+------+---------+---------+
| 包装材料 | 002191 | 劲嘉股份 | 154.3 |  12.7  | 10.0 |  11.4   |   8.4   |
| 包装材料 | 002701 |  奥瑞金  | 135.9 |  16.5  | 0.4  |   1.7   |  -2.4   |
| 包装材料 | 600210 | 紫江企业 | 104.0 |  21.4  | 2.1  |  17.9   |  11.4   |
| 包装材料 | 601515 | 东风股份 | 88.5  |  18.2  | 3.0  |   5.7   |   3.7   |
| 包装材料 | 601968 | 宝钢包装 | 84.6  |  33.0  | 0.7  |   4.5   |   0.0   |
| 包装材料 | 002303 |  美盈森  | 53.0  |  32.2  | 2.1  |   3.9   |   3.9   |
| 包装材料 | 002565 | 顺灏股份 | 52.8  | -456.6 | 9.9  |   9.9   |   1.2   |
| 包装材料 | 000812 | 陕西金叶 | 47.2  | 181.5  | 4.2  |   5.0   |  -0.3   |
| 包装材料 | 301062 | 上海艾录 | 46.9  |  36.9  | 0.2  |   7.0   |   4.0   |
| 包装材料 | 002752 | 昇兴股份 | 46.3  |  24.6  | 1.7  |   3.5   |   3.7   |
| 包装材料 | 600836 | 上海易连 | 45.4  | 520.7  | 0.0  |   5.0   |  -6.8   |
| 包装材料 | 002735 | 王子新材 | 44.0  |  27.0  | -0.3 |  -2.4   |  -2.4   |
| 包装材料 | 002228 | 合兴包装 | 43.0  |  20.5  | 0.6  |   1.8   |   1.5   |
| 包装材料 | 002014 | 永新股份 | 40.9  |  15.7  | -0.6 |   1.4   |   0.9   |
| 包装材料 | 000659 | 珠海中富 | 39.9  | -51.2  | -0.6 |   1.0   |  -0.6   |
| 包装材料 | 002969 | 嘉美包装 | 39.0  | 166.1  | -0.2 |   1.2   |  -3.6   |
| 包装材料 | 603687 |  大胜达  | 38.4  |  39.4  | 0.6  |   2.6   |  -0.7   |
| 包装材料 | 002951 | 金时科技 | 34.7  | 904.9  | 3.4  |   5.9   |   5.5   |
| 包装材料 | 300501 | 海顺新材 | 29.2  |  28.7  | 1.6  |   5.6   |   5.0   |
| 包装材料 | 002799 | 环球印务 | 28.4  |  25.9  | -0.7 |   0.9   |  -3.6   |
| 包装材料 | 002599 | 盛通股份 | 27.7  | -27.9  | 0.4  |  -0.6   |   4.1   |
| 包装材料 | 002846 | 英联股份 | 20.8  | -97.7  | 1.7  |  -4.3   |   7.6   |
| 包装材料 | 002787 | 华源控股 | 18.2  | 141.9  | -1.0 |   2.5   |   5.5   |
| 包装材料 | 603022 |  新通联  | 17.6  |  55.1  | -0.5 |   0.8   |  -1.9   |
| 包装材料 | 003003 | 天元股份 | 16.1  | 1383.5 | 1.1  |   3.3   |   2.0   |
+----------+--------+----------+-------+--------+------+---------+---------+
 




 [行业>单日涨幅]
+----------+--------+----------+-------+--------+------+---------+---------+
|   行业   |  代码  |   名称   | 市值  |   pe   | 涨幅 | 3日涨幅 | 6日涨幅 |
+----------+--------+----------+-------+--------+------+---------+---------+
| 包装材料 | 002191 | 劲嘉股份 | 154.3 |  12.7  | 10.0 |  11.4   |   8.4   |
| 包装材料 | 002565 | 顺灏股份 | 52.8  | -456.6 | 9.9  |   9.9   |   1.2   |
| 包装材料 | 000812 | 陕西金叶 | 47.2  | 181.5  | 4.2  |   5.0   |  -0.3   |
| 包装材料 | 002951 | 金时科技 | 34.7  | 904.9  | 3.4  |   5.9   |   5.5   |
| 包装材料 | 601515 | 东风股份 | 88.5  |  18.2  | 3.0  |   5.7   |   3.7   |
| 包装材料 | 600210 | 紫江企业 | 104.0 |  21.4  | 2.1  |  17.9   |  11.4   |
| 包装材料 | 002303 |  美盈森  | 53.0  |  32.2  | 2.1  |   3.9   |   3.9   |
| 包装材料 | 002752 | 昇兴股份 | 46.3  |  24.6  | 1.7  |   3.5   |   3.7   |
| 包装材料 | 002846 | 英联股份 | 20.8  | -97.7  | 1.7  |  -4.3   |   7.6   |
| 包装材料 | 300501 | 海顺新材 | 29.2  |  28.7  | 1.6  |   5.6   |   5.0   |
| 包装材料 | 003003 | 天元股份 | 16.1  | 1383.5 | 1.1  |   3.3   |   2.0   |
| 包装材料 | 601968 | 宝钢包装 | 84.6  |  33.0  | 0.7  |   4.5   |   0.0   |
| 包装材料 | 002228 | 合兴包装 | 43.0  |  20.5  | 0.6  |   1.8   |   1.5   |
| 包装材料 | 603687 |  大胜达  | 38.4  |  39.4  | 0.6  |   2.6   |  -0.7   |
| 包装材料 | 002599 | 盛通股份 | 27.7  | -27.9  | 0.4  |  -0.6   |   4.1   |
| 包装材料 | 002701 |  奥瑞金  | 135.9 |  16.5  | 0.4  |   1.7   |  -2.4   |
| 包装材料 | 301062 | 上海艾录 | 46.9  |  36.9  | 0.2  |   7.0   |   4.0   |
| 包装材料 | 600836 | 上海易连 | 45.4  | 520.7  | 0.0  |   5.0   |  -6.8   |
| 包装材料 | 002969 | 嘉美包装 | 39.0  | 166.1  | -0.2 |   1.2   |  -3.6   |
| 包装材料 | 002735 | 王子新材 | 44.0  |  27.0  | -0.3 |  -2.4   |  -2.4   |
| 包装材料 | 603022 |  新通联  | 17.6  |  55.1  | -0.5 |   0.8   |  -1.9   |
| 包装材料 | 002014 | 永新股份 | 40.9  |  15.7  | -0.6 |   1.4   |   0.9   |
| 包装材料 | 000659 | 珠海中富 | 39.9  | -51.2  | -0.6 |   1.0   |  -0.6   |
| 包装材料 | 002799 | 环球印务 | 28.4  |  25.9  | -0.7 |   0.9   |  -3.6   |
| 包装材料 | 002787 | 华源控股 | 18.2  | 141.9  | -1.0 |   2.5   |   5.5   |
+----------+--------+----------+-------+--------+------+---------+---------+
