[行业>市值]
+----------+--------+----------+--------+-------+------+---------+---------+
|   行业   |  代码  |   名称   |  市值  |  pe   | 涨幅 | 3日涨幅 | 6日涨幅 |
+----------+--------+----------+--------+-------+------+---------+---------+
| 化肥行业 | 000792 | 盐湖股份 | 1629.0 | 11.6  | 2.1  |   3.7   |  -1.1   |
| 化肥行业 | 600096 |  云天化  | 551.9  |  8.4  | 2.2  |  -0.8   |  -4.9   |
| 化肥行业 | 000408 | 藏格矿业 | 526.0  | 16.1  | 1.4  |   3.0   |  -3.1   |
| 化肥行业 | 600141 | 兴发集团 | 459.4  |  6.7  | 1.3  |   1.5   |  -4.5   |
| 化肥行业 | 002312 | 川发龙蟒 | 302.2  | 27.7  | 4.0  |  21.1   |  24.4   |
| 化肥行业 | 000893 | 亚钾国际 | 262.3  | 23.4  | 0.2  |  -3.3   |  -7.8   |
| 化肥行业 | 000902 |  新洋丰  | 224.2  | 13.8  | 1.5  |   2.8   |  -3.6   |
| 化肥行业 | 002895 | 川恒股份 | 163.8  | 39.3  | -0.7 |  -0.2   |  -8.4   |
| 化肥行业 | 002539 | 云图控股 | 160.6  |  8.6  | -1.2 |   3.0   |  -4.3   |
| 化肥行业 | 603938 | 三孚股份 | 137.2  | 22.8  | -4.2 |  -3.2   |  -11.0  |
| 化肥行业 | 002556 | 辉隆股份 | 108.8  | 13.0  | 0.2  |  -0.2   |  -5.1   |
| 化肥行业 | 600691 | 阳煤化工 |  98.1  | 26.5  | -0.7 |   3.2   |  -1.4   |
| 化肥行业 | 002274 | 华昌化工 |  95.6  |  9.8  | 1.4  |   3.1   |  -2.5   |
| 化肥行业 | 002538 |  司尔特  |  89.0  | 14.4  | 0.1  |   0.7   |  -4.8   |
| 化肥行业 | 000912 |  泸天化  |  83.9  | 15.0  | 0.4  |   1.3   |  -4.0   |
| 化肥行业 | 600078 | *ST澄星  |  75.3  | 27.9  | -1.1 |   8.8   |   3.5   |
| 化肥行业 | 002588 |  史丹利  |  73.9  | 12.3  | 0.6  |   1.8   |  -5.0   |
| 化肥行业 | 002470 |  ST金正  |  70.7  | -67.8 | -1.8 |  -4.4   |  -4.9   |
| 化肥行业 | 300505 |  川金诺  |  61.7  | 25.8  | 3.4  |   2.4   |  -0.3   |
| 化肥行业 | 002170 | 芭田股份 |  56.3  | 64.8  | -1.4 |   5.7   |   4.1   |
| 化肥行业 | 000731 | 四川美丰 |  53.8  |  7.5  | 1.1  |   3.3   |  -3.7   |
| 化肥行业 | 600470 | 六国化工 |  39.7  | 14.9  | 0.1  |   2.6   |  -6.2   |
| 化肥行业 | 002999 | 天禾股份 |  25.6  | 45.7  | 0.1  |   0.8   |  -0.1   |
| 化肥行业 | 300387 | 富邦股份 |  20.0  | 37.0  | 0.3  |   2.8   |  -0.9   |
| 化肥行业 | 000611 |  天首退  |  4.5   | -14.1 | -7.3 |  -7.3   |  12.1   |
+----------+--------+----------+--------+-------+------+---------+---------+
 




 [行业>单日涨幅]
+----------+--------+----------+--------+-------+------+---------+---------+
|   行业   |  代码  |   名称   |  市值  |  pe   | 涨幅 | 3日涨幅 | 6日涨幅 |
+----------+--------+----------+--------+-------+------+---------+---------+
| 化肥行业 | 002312 | 川发龙蟒 | 302.2  | 27.7  | 4.0  |  21.1   |  24.4   |
| 化肥行业 | 300505 |  川金诺  |  61.7  | 25.8  | 3.4  |   2.4   |  -0.3   |
| 化肥行业 | 600096 |  云天化  | 551.9  |  8.4  | 2.2  |  -0.8   |  -4.9   |
| 化肥行业 | 000792 | 盐湖股份 | 1629.0 | 11.6  | 2.1  |   3.7   |  -1.1   |
| 化肥行业 | 000902 |  新洋丰  | 224.2  | 13.8  | 1.5  |   2.8   |  -3.6   |
| 化肥行业 | 002274 | 华昌化工 |  95.6  |  9.8  | 1.4  |   3.1   |  -2.5   |
| 化肥行业 | 000408 | 藏格矿业 | 526.0  | 16.1  | 1.4  |   3.0   |  -3.1   |
| 化肥行业 | 600141 | 兴发集团 | 459.4  |  6.7  | 1.3  |   1.5   |  -4.5   |
| 化肥行业 | 000731 | 四川美丰 |  53.8  |  7.5  | 1.1  |   3.3   |  -3.7   |
| 化肥行业 | 002588 |  史丹利  |  73.9  | 12.3  | 0.6  |   1.8   |  -5.0   |
| 化肥行业 | 000912 |  泸天化  |  83.9  | 15.0  | 0.4  |   1.3   |  -4.0   |
| 化肥行业 | 300387 | 富邦股份 |  20.0  | 37.0  | 0.3  |   2.8   |  -0.9   |
| 化肥行业 | 002556 | 辉隆股份 | 108.8  | 13.0  | 0.2  |  -0.2   |  -5.1   |
| 化肥行业 | 000893 | 亚钾国际 | 262.3  | 23.4  | 0.2  |  -3.3   |  -7.8   |
| 化肥行业 | 002999 | 天禾股份 |  25.6  | 45.7  | 0.1  |   0.8   |  -0.1   |
| 化肥行业 | 600470 | 六国化工 |  39.7  | 14.9  | 0.1  |   2.6   |  -6.2   |
| 化肥行业 | 002538 |  司尔特  |  89.0  | 14.4  | 0.1  |   0.7   |  -4.8   |
| 化肥行业 | 600691 | 阳煤化工 |  98.1  | 26.5  | -0.7 |   3.2   |  -1.4   |
| 化肥行业 | 002895 | 川恒股份 | 163.8  | 39.3  | -0.7 |  -0.2   |  -8.4   |
| 化肥行业 | 600078 | *ST澄星  |  75.3  | 27.9  | -1.1 |   8.8   |   3.5   |
| 化肥行业 | 002539 | 云图控股 | 160.6  |  8.6  | -1.2 |   3.0   |  -4.3   |
| 化肥行业 | 002170 | 芭田股份 |  56.3  | 64.8  | -1.4 |   5.7   |   4.1   |
| 化肥行业 | 002470 |  ST金正  |  70.7  | -67.8 | -1.8 |  -4.4   |  -4.9   |
| 化肥行业 | 603938 | 三孚股份 | 137.2  | 22.8  | -4.2 |  -3.2   |  -11.0  |
| 化肥行业 | 000611 |  天首退  |  4.5   | -14.1 | -7.3 |  -7.3   |  12.1   |
+----------+--------+----------+--------+-------+------+---------+---------+
