[行业>市值]
+----------+--------+----------+-------+--------+------+---------+---------+
|   行业   |  代码  |   名称   | 市值  |   pe   | 涨幅 | 3日涨幅 | 6日涨幅 |
+----------+--------+----------+-------+--------+------+---------+---------+
| 家用轻工 | 603899 | 晨光股份 | 474.6 |  43.0  | 0.8  |   2.0   |   0.5   |
| 家用轻工 | 001323 | 慕思股份 | 192.7 |  38.8  | -5.6 |  23.8   |  23.8   |
| 家用轻工 | 605099 | 共创草坪 | 112.5 |  33.0  | -1.3 |  -0.9   |   3.5   |
| 家用轻工 | 603398 | 沐邦高科 | 99.0  | -271.6 | 2.6  |   9.2   |  11.5   |
| 家用轻工 | 002489 | 浙江永强 | 87.7  |  16.0  | -0.2 |   1.8   |  -2.2   |
| 家用轻工 | 002678 | 珠江钢琴 | 79.0  |  37.2  | 0.0  |   2.5   |   0.2   |
| 家用轻工 | 603848 |  好太太  | 72.6  |  40.1  | 7.6  |  16.9   |  15.1   |
| 家用轻工 | 002605 | 姚记科技 | 68.2  |  18.6  | -0.7 |  -1.9   |   2.0   |
| 家用轻工 | 301101 | 明月镜片 | 60.2  |  68.1  | -0.8 |   3.8   |  -8.3   |
| 家用轻工 | 002301 | 齐心集团 | 46.8  |  21.3  | 0.9  |   2.9   |   6.3   |
| 家用轻工 | 605299 | 舒华体育 | 46.0  |  86.5  | 3.5  |   9.3   |   7.4   |
| 家用轻工 | 300729 | 乐歌股份 | 39.1  |  54.3  | -1.5 |  -0.5   |   3.7   |
| 家用轻工 | 300651 | 金陵体育 | 33.5  | 327.9  | -0.9 |   3.5   |   2.2   |
| 家用轻工 | 002571 | 德力股份 | 32.0  | 309.9  | 10.0 |  19.6   |  14.9   |
| 家用轻工 | 600439 |  瑞贝卡  | 30.8  |  60.2  | 1.1  |   1.9   |   1.5   |
| 家用轻工 | 002575 | 群兴玩具 | 28.6  | 413.3  | -1.7 |   0.9   |   0.2   |
| 家用轻工 | 002615 |  哈尔斯  | 25.4  |  20.6  | 3.0  |  10.6   |  11.6   |
| 家用轻工 | 301004 | 嘉益股份 | 25.1  |  19.0  | 0.7  |   7.7   |  10.3   |
| 家用轻工 | 002103 | 广博股份 | 23.6  | -39.4  | -0.2 |   0.5   |  -0.2   |
| 家用轻工 | 002348 | 高乐股份 | 20.3  | -10.2  | 1.4  |   4.9   |   6.5   |
| 家用轻工 | 300329 | 海伦钢琴 | 18.0  |  71.2  | 0.7  |   1.4   |   0.3   |
| 家用轻工 | 300703 | 创源股份 | 16.8  | 104.3  | -1.7 |   2.1   |   0.6   |
| 家用轻工 | 300640 | 德艺文创 | 16.5  |  50.0  | 1.2  |   2.7   |   4.1   |
| 家用轻工 | 002899 |  英派斯  | 14.4  | 270.3  | -0.9 |   1.5   |   1.8   |
| 家用轻工 | 002862 | 实丰文化 | 13.4  | 173.3  | 1.3  |   2.2   |   4.3   |
+----------+--------+----------+-------+--------+------+---------+---------+
 




 [行业>单日涨幅]
+----------+--------+----------+-------+--------+------+---------+---------+
|   行业   |  代码  |   名称   | 市值  |   pe   | 涨幅 | 3日涨幅 | 6日涨幅 |
+----------+--------+----------+-------+--------+------+---------+---------+
| 家用轻工 | 002571 | 德力股份 | 32.0  | 309.9  | 10.0 |  19.6   |  14.9   |
| 家用轻工 | 603848 |  好太太  | 72.6  |  40.1  | 7.6  |  16.9   |  15.1   |
| 家用轻工 | 605299 | 舒华体育 | 46.0  |  86.5  | 3.5  |   9.3   |   7.4   |
| 家用轻工 | 002615 |  哈尔斯  | 25.4  |  20.6  | 3.0  |  10.6   |  11.6   |
| 家用轻工 | 603398 | 沐邦高科 | 99.0  | -271.6 | 2.6  |   9.2   |  11.5   |
| 家用轻工 | 002348 | 高乐股份 | 20.3  | -10.2  | 1.4  |   4.9   |   6.5   |
| 家用轻工 | 002862 | 实丰文化 | 13.4  | 173.3  | 1.3  |   2.2   |   4.3   |
| 家用轻工 | 300640 | 德艺文创 | 16.5  |  50.0  | 1.2  |   2.7   |   4.1   |
| 家用轻工 | 600439 |  瑞贝卡  | 30.8  |  60.2  | 1.1  |   1.9   |   1.5   |
| 家用轻工 | 002301 | 齐心集团 | 46.8  |  21.3  | 0.9  |   2.9   |   6.3   |
| 家用轻工 | 603899 | 晨光股份 | 474.6 |  43.0  | 0.8  |   2.0   |   0.5   |
| 家用轻工 | 300329 | 海伦钢琴 | 18.0  |  71.2  | 0.7  |   1.4   |   0.3   |
| 家用轻工 | 301004 | 嘉益股份 | 25.1  |  19.0  | 0.7  |   7.7   |  10.3   |
| 家用轻工 | 002678 | 珠江钢琴 | 79.0  |  37.2  | 0.0  |   2.5   |   0.2   |
| 家用轻工 | 002103 | 广博股份 | 23.6  | -39.4  | -0.2 |   0.5   |  -0.2   |
| 家用轻工 | 002489 | 浙江永强 | 87.7  |  16.0  | -0.2 |   1.8   |  -2.2   |
| 家用轻工 | 002605 | 姚记科技 | 68.2  |  18.6  | -0.7 |  -1.9   |   2.0   |
| 家用轻工 | 301101 | 明月镜片 | 60.2  |  68.1  | -0.8 |   3.8   |  -8.3   |
| 家用轻工 | 300651 | 金陵体育 | 33.5  | 327.9  | -0.9 |   3.5   |   2.2   |
| 家用轻工 | 002899 |  英派斯  | 14.4  | 270.3  | -0.9 |   1.5   |   1.8   |
| 家用轻工 | 605099 | 共创草坪 | 112.5 |  33.0  | -1.3 |  -0.9   |   3.5   |
| 家用轻工 | 300729 | 乐歌股份 | 39.1  |  54.3  | -1.5 |  -0.5   |   3.7   |
| 家用轻工 | 002575 | 群兴玩具 | 28.6  | 413.3  | -1.7 |   0.9   |   0.2   |
| 家用轻工 | 300703 | 创源股份 | 16.8  | 104.3  | -1.7 |   2.1   |   0.6   |
| 家用轻工 | 001323 | 慕思股份 | 192.7 |  38.8  | -5.6 |  23.8   |  23.8   |
+----------+--------+----------+-------+--------+------+---------+---------+
