[行业>市值]
+----------+--------+----------+--------+--------+------+---------+---------+
|   行业   |  代码  |   名称   |  市值  |   pe   | 涨幅 | 3日涨幅 | 6日涨幅 |
+----------+--------+----------+--------+--------+------+---------+---------+
| 工程机械 | 600031 | 三一重工 | 1577.0 |  24.8  | 2.5  |   3.1   |   3.2   |
| 工程机械 | 601100 | 恒立液压 | 782.6  |  37.0  | 3.8  |   8.6   |   5.2   |
| 工程机械 | 000157 | 中联重科 | 528.5  |  14.6  | 2.0  |   2.4   |   0.8   |
| 工程机械 | 000425 | 徐工机械 | 419.9  |  7.5   | 0.6  |   1.3   |  -0.6   |
| 工程机械 | 603338 | 浙江鼎力 | 250.9  |  32.1  | 2.3  |   2.8   |   3.0   |
| 工程机械 | 688425 | 铁建重工 | 218.7  |  14.5  | 0.2  |  -0.7   |  -4.2   |
| 工程机械 | 603638 | 艾迪精密 | 173.6  |  60.0  | 2.6  |   9.7   |   4.6   |
| 工程机械 | 603298 | 杭叉集团 | 133.2  |  17.5  | 2.8  |   7.7   |  10.8   |
| 工程机械 | 000528 |   柳工   | 127.5  |  12.5  | 0.3  |   1.9   |   0.0   |
| 工程机械 | 002204 | 大连重工 |  88.5  |  31.6  | -5.0 |  -10.7  |  19.0   |
| 工程机械 | 600761 | 安徽合力 |  83.3  |  10.7  | 8.5  |  10.2   |   8.5   |
| 工程机械 | 605305 | 中际联合 |  80.3  |  45.5  | -1.3 |   8.4   |   8.6   |
| 工程机械 | 600984 | 建设机械 |  76.8  | -35.6  | 3.9  |   6.5   |   4.1   |
| 工程机械 | 000680 | 山推股份 |  75.5  |  5.2   | 4.4  |   4.1   |  -0.4   |
| 工程机械 | 002097 | 山河智能 |  73.5  | -37.5  | 2.1  |   4.6   |   3.0   |
| 工程机械 | 600375 | 汉马科技 |  65.4  | -10.1  | -2.5 |   2.4   |   1.7   |
| 工程机械 | 601226 | 华电重工 |  59.0  | -13.5  | 0.4  |   1.4   |   0.4   |
| 工程机械 | 600817 | 宇通重工 |  53.4  |  15.7  | 0.1  |   3.0   |   1.9   |
| 工程机械 | 600815 | 厦工股份 |  50.2  | -656.6 | 0.7  |   1.1   |  -0.3   |
| 工程机械 | 603611 | 诺力股份 |  46.2  |  16.0  | 0.6  |  -0.1   |   5.7   |
| 工程机械 | 300718 | 长盛轴承 |  44.0  |  36.3  | 1.2  |   7.7   |  11.8   |
| 工程机械 | 605389 | 长龄液压 |  36.8  |  21.8  | 0.1  |   0.7   |   6.2   |
| 工程机械 | 301040 | 中环海陆 |  31.6  |  46.3  | 0.7  |   7.9   |   8.6   |
| 工程机械 | 002272 | 川润股份 |  24.8  |  63.7  | 0.0  |   4.4   |   3.5   |
| 工程机械 | 001288 | 运机集团 |  24.1  |  28.5  | 2.2  |   4.0   |   4.6   |
| 工程机械 | 300201 | *ST海伦  |  20.9  |  16.0  | -1.5 |  -1.9   |  -4.3   |
| 工程机械 | 300022 | 吉峰科技 |  18.3  | -219.4 | 0.2  |   1.9   |  -1.4   |
+----------+--------+----------+--------+--------+------+---------+---------+
 




 [行业>单日涨幅]
+----------+--------+----------+--------+--------+------+---------+---------+
|   行业   |  代码  |   名称   |  市值  |   pe   | 涨幅 | 3日涨幅 | 6日涨幅 |
+----------+--------+----------+--------+--------+------+---------+---------+
| 工程机械 | 600761 | 安徽合力 |  83.3  |  10.7  | 8.5  |  10.2   |   8.5   |
| 工程机械 | 000680 | 山推股份 |  75.5  |  5.2   | 4.4  |   4.1   |  -0.4   |
| 工程机械 | 600984 | 建设机械 |  76.8  | -35.6  | 3.9  |   6.5   |   4.1   |
| 工程机械 | 601100 | 恒立液压 | 782.6  |  37.0  | 3.8  |   8.6   |   5.2   |
| 工程机械 | 603298 | 杭叉集团 | 133.2  |  17.5  | 2.8  |   7.7   |  10.8   |
| 工程机械 | 603638 | 艾迪精密 | 173.6  |  60.0  | 2.6  |   9.7   |   4.6   |
| 工程机械 | 600031 | 三一重工 | 1577.0 |  24.8  | 2.5  |   3.1   |   3.2   |
| 工程机械 | 603338 | 浙江鼎力 | 250.9  |  32.1  | 2.3  |   2.8   |   3.0   |
| 工程机械 | 001288 | 运机集团 |  24.1  |  28.5  | 2.2  |   4.0   |   4.6   |
| 工程机械 | 002097 | 山河智能 |  73.5  | -37.5  | 2.1  |   4.6   |   3.0   |
| 工程机械 | 000157 | 中联重科 | 528.5  |  14.6  | 2.0  |   2.4   |   0.8   |
| 工程机械 | 300718 | 长盛轴承 |  44.0  |  36.3  | 1.2  |   7.7   |  11.8   |
| 工程机械 | 600815 | 厦工股份 |  50.2  | -656.6 | 0.7  |   1.1   |  -0.3   |
| 工程机械 | 301040 | 中环海陆 |  31.6  |  46.3  | 0.7  |   7.9   |   8.6   |
| 工程机械 | 603611 | 诺力股份 |  46.2  |  16.0  | 0.6  |  -0.1   |   5.7   |
| 工程机械 | 000425 | 徐工机械 | 419.9  |  7.5   | 0.6  |   1.3   |  -0.6   |
| 工程机械 | 601226 | 华电重工 |  59.0  | -13.5  | 0.4  |   1.4   |   0.4   |
| 工程机械 | 000528 |   柳工   | 127.5  |  12.5  | 0.3  |   1.9   |   0.0   |
| 工程机械 | 688425 | 铁建重工 | 218.7  |  14.5  | 0.2  |  -0.7   |  -4.2   |
| 工程机械 | 300022 | 吉峰科技 |  18.3  | -219.4 | 0.2  |   1.9   |  -1.4   |
| 工程机械 | 605389 | 长龄液压 |  36.8  |  21.8  | 0.1  |   0.7   |   6.2   |
| 工程机械 | 600817 | 宇通重工 |  53.4  |  15.7  | 0.1  |   3.0   |   1.9   |
| 工程机械 | 002272 | 川润股份 |  24.8  |  63.7  | 0.0  |   4.4   |   3.5   |
| 工程机械 | 605305 | 中际联合 |  80.3  |  45.5  | -1.3 |   8.4   |   8.6   |
| 工程机械 | 300201 | *ST海伦  |  20.9  |  16.0  | -1.5 |  -1.9   |  -4.3   |
| 工程机械 | 600375 | 汉马科技 |  65.4  | -10.1  | -2.5 |   2.4   |   1.7   |
| 工程机械 | 002204 | 大连重工 |  88.5  |  31.6  | -5.0 |  -10.7  |  19.0   |
+----------+--------+----------+--------+--------+------+---------+---------+
