[行业>市值]
+----------+--------+----------+-------+--------+------+---------+---------+
|   行业   |  代码  |   名称   | 市值  |   pe   | 涨幅 | 3日涨幅 | 6日涨幅 |
+----------+--------+----------+-------+--------+------+---------+---------+
| 橡胶制品 | 601966 | 玲珑轮胎 | 385.2 | -104.8 | -2.7 |   9.5   |   7.1   |
| 橡胶制品 | 601058 | 赛轮轮胎 | 363.9 |  28.3  | -0.9 |   4.8   |  -5.9   |
| 橡胶制品 | 000887 | 中鼎股份 | 261.5 |  26.1  | -1.7 |   9.8   |   3.4   |
| 橡胶制品 | 002984 |  森麒麟  | 217.6 |  23.3  | -2.4 |   5.0   |  -0.7   |
| 橡胶制品 | 601118 | 海南橡胶 | 201.1 | -177.6 | -0.2 |   0.9   |  -0.6   |
| 橡胶制品 | 603650 | 彤程新材 | 183.0 |  63.5  | -3.4 |  12.0   |   5.2   |
| 橡胶制品 | 603033 | 三维股份 | 181.5 |  93.2  | 1.5  |   8.9   |   9.2   |
| 橡胶制品 | 300767 | 震安科技 | 142.9 | 109.8  | 0.5  |  -2.4   |  -7.0   |
| 橡胶制品 | 300587 | 天铁股份 | 125.6 |  27.1  | 6.7  |  16.4   |   9.1   |
| 橡胶制品 | 002068 | 黑猫股份 | 112.1 | -268.9 | -0.3 |  -0.1   |  -3.4   |
| 橡胶制品 | 601163 | 三角轮胎 | 95.4  |  40.8  | 0.0  |   3.4   |   2.0   |
| 橡胶制品 | 300320 | 海达股份 | 87.4  |  54.2  | -0.5 |   6.9   |   8.0   |
| 橡胶制品 | 605183 | 确成股份 | 81.7  |  24.4  | 4.4  |   9.3   |   6.3   |
| 橡胶制品 | 000589 | 贵州轮胎 | 53.4  |  23.7  | -2.5 |   0.7   |   9.4   |
| 橡胶制品 | 601500 | 通用股份 | 48.7  | 164.1  | -1.1 |   1.8   |   3.7   |
| 橡胶制品 | 600182 | S*ST佳通 | 45.9  | 285.6  | 1.7  |   8.1   |   5.7   |
| 橡胶制品 | 300121 | 阳谷华泰 | 40.7  |  9.0   | 0.7  |   4.7   |  -0.2   |
| 橡胶制品 | 002753 | 永东股份 | 40.6  |  96.2  | 10.0 |  14.7   |  42.9   |
| 橡胶制品 | 300731 | 科创新源 | 37.5  | -84.1  | 8.1  |  34.0   |  49.5   |
| 橡胶制品 | 300547 | 川环科技 | 37.2  |  44.1  | 4.2  |   6.5   |   7.0   |
| 橡胶制品 | 002224 |  三力士  | 35.5  | -164.0 | 1.0  |  10.2   |   8.0   |
| 橡胶制品 | 000599 | 青岛双星 | 33.2  |  -5.7  | -0.7 |   0.5   |  -0.7   |
| 橡胶制品 | 600469 | 风神股份 | 33.2  | -20.1  | -0.2 |   1.3   |  -2.6   |
| 橡胶制品 | 001207 | 联科科技 | 31.6  |  33.2  | 3.1  |   3.4   |   5.1   |
| 橡胶制品 | 002442 | 龙星化工 | 28.0  |  61.4  | 0.5  |   5.7   |   9.0   |
| 橡胶制品 | 002381 | 双箭股份 | 26.1  |  20.1  | 0.6  |   3.4   |   2.4   |
| 橡胶制品 | 301233 | 盛帮股份 | 16.0  |  27.2  | 0.0  |   0.0   |   0.0   |
+----------+--------+----------+-------+--------+------+---------+---------+
 




 [行业>单日涨幅]
+----------+--------+----------+-------+--------+------+---------+---------+
|   行业   |  代码  |   名称   | 市值  |   pe   | 涨幅 | 3日涨幅 | 6日涨幅 |
+----------+--------+----------+-------+--------+------+---------+---------+
| 橡胶制品 | 002753 | 永东股份 | 40.6  |  96.2  | 10.0 |  14.7   |  42.9   |
| 橡胶制品 | 300731 | 科创新源 | 37.5  | -84.1  | 8.1  |  34.0   |  49.5   |
| 橡胶制品 | 300587 | 天铁股份 | 125.6 |  27.1  | 6.7  |  16.4   |   9.1   |
| 橡胶制品 | 605183 | 确成股份 | 81.7  |  24.4  | 4.4  |   9.3   |   6.3   |
| 橡胶制品 | 300547 | 川环科技 | 37.2  |  44.1  | 4.2  |   6.5   |   7.0   |
| 橡胶制品 | 001207 | 联科科技 | 31.6  |  33.2  | 3.1  |   3.4   |   5.1   |
| 橡胶制品 | 600182 | S*ST佳通 | 45.9  | 285.6  | 1.7  |   8.1   |   5.7   |
| 橡胶制品 | 603033 | 三维股份 | 181.5 |  93.2  | 1.5  |   8.9   |   9.2   |
| 橡胶制品 | 002224 |  三力士  | 35.5  | -164.0 | 1.0  |  10.2   |   8.0   |
| 橡胶制品 | 300121 | 阳谷华泰 | 40.7  |  9.0   | 0.7  |   4.7   |  -0.2   |
| 橡胶制品 | 002381 | 双箭股份 | 26.1  |  20.1  | 0.6  |   3.4   |   2.4   |
| 橡胶制品 | 300767 | 震安科技 | 142.9 | 109.8  | 0.5  |  -2.4   |  -7.0   |
| 橡胶制品 | 002442 | 龙星化工 | 28.0  |  61.4  | 0.5  |   5.7   |   9.0   |
| 橡胶制品 | 601163 | 三角轮胎 | 95.4  |  40.8  | 0.0  |   3.4   |   2.0   |
| 橡胶制品 | 301233 | 盛帮股份 | 16.0  |  27.2  | 0.0  |   0.0   |   0.0   |
| 橡胶制品 | 601118 | 海南橡胶 | 201.1 | -177.6 | -0.2 |   0.9   |  -0.6   |
| 橡胶制品 | 600469 | 风神股份 | 33.2  | -20.1  | -0.2 |   1.3   |  -2.6   |
| 橡胶制品 | 002068 | 黑猫股份 | 112.1 | -268.9 | -0.3 |  -0.1   |  -3.4   |
| 橡胶制品 | 300320 | 海达股份 | 87.4  |  54.2  | -0.5 |   6.9   |   8.0   |
| 橡胶制品 | 000599 | 青岛双星 | 33.2  |  -5.7  | -0.7 |   0.5   |  -0.7   |
| 橡胶制品 | 601058 | 赛轮轮胎 | 363.9 |  28.3  | -0.9 |   4.8   |  -5.9   |
| 橡胶制品 | 601500 | 通用股份 | 48.7  | 164.1  | -1.1 |   1.8   |   3.7   |
| 橡胶制品 | 000887 | 中鼎股份 | 261.5 |  26.1  | -1.7 |   9.8   |   3.4   |
| 橡胶制品 | 002984 |  森麒麟  | 217.6 |  23.3  | -2.4 |   5.0   |  -0.7   |
| 橡胶制品 | 000589 | 贵州轮胎 | 53.4  |  23.7  | -2.5 |   0.7   |   9.4   |
| 橡胶制品 | 601966 | 玲珑轮胎 | 385.2 | -104.8 | -2.7 |   9.5   |   7.1   |
| 橡胶制品 | 603650 | 彤程新材 | 183.0 |  63.5  | -3.4 |  12.0   |   5.2   |
+----------+--------+----------+-------+--------+------+---------+---------+
