[行业>市值]
+----------+--------+----------+--------+-------+------+---------+---------+
|   行业   |  代码  |   名称   |  市值  |  pe   | 涨幅 | 3日涨幅 | 6日涨幅 |
+----------+--------+----------+--------+-------+------+---------+---------+
| 汽车整车 | 601633 | 长城汽车 | 3795.0 | 58.1  | 2.6  |   7.8   |   4.7   |
| 汽车整车 | 600104 | 上汽集团 | 2151.0 |  9.8  | 1.2  |   4.8   |   2.9   |
| 汽车整车 | 601238 | 广汽集团 | 1860.0 | 15.5  | 1.8  |   9.3   |   4.3   |
| 汽车整车 | 000625 | 长安汽车 | 1836.0 | 10.1  | 8.8  |  23.2   |  28.7   |
| 汽车整车 | 601127 | 小康股份 | 1119.0 | -33.4 | -3.3 |  17.0   |  10.6   |
| 汽车整车 | 000800 | 一汽解放 | 447.7  | 24.8  | 1.3  |   3.1   |  -4.1   |
| 汽车整车 | 600733 | 北汽蓝谷 | 429.2  | -11.2 | 0.1  |  11.3   |   8.8   |
| 汽车整车 | 600418 | 江淮汽车 | 323.7  | -27.9 | 8.6  |  14.7   |   9.4   |
| 汽车整车 | 601777 | 力帆科技 | 258.3  | 127.0 | 0.3  |  12.6   |   9.5   |
| 汽车整车 | 301039 | 中集车辆 | 243.5  | 48.9  | 5.0  |   6.1   |  15.4   |
| 汽车整车 | 600066 | 宇通客车 | 199.5  | -43.1 | 0.0  |   1.4   |  10.4   |
| 汽车整车 | 600166 | 福田汽车 | 194.6  | 35.9  | 0.0  |   5.3   |   6.5   |
| 汽车整车 | 000980 |  ST众泰  | 182.5  | -29.1 | -1.4 |  -3.7   |  -5.3   |
| 汽车整车 | 600006 | 东风汽车 | 159.6  | 33.6  | 1.7  |   4.9   |   0.5   |
| 汽车整车 | 000951 | 中国重汽 | 156.0  | 31.4  | -0.7 |   2.7   |   6.2   |
| 汽车整车 | 000550 | 江铃汽车 | 151.7  | 19.6  | 3.8  |  11.8   |  13.7   |
| 汽车整车 | 000957 | 中通客车 | 126.4  | -89.6 | 0.0  |   0.0   |  12.3   |
| 汽车整车 | 000572 | 海马汽车 | 106.9  | -43.9 | 3.8  |   5.3   |   5.3   |
| 汽车整车 | 600686 | 金龙汽车 |  54.5  | 351.4 | 7.3  |  12.1   |  18.6   |
| 汽车整车 | 000868 | 安凯客车 |  54.3  | -34.0 | 9.9  |  33.0   |  41.7   |
| 汽车整车 | 600213 | 亚星客车 |  29.9  | -17.1 | 10.0 |  21.2   |  22.8   |
| 汽车整车 | 600303 |  ST曙光  |  24.5  | -18.7 | 3.7  |   8.4   |  11.0   |
| 汽车整车 | 002594 |  比亚迪  |  0.0   | 314.8 | -0.4 |   2.9   |   3.5   |
+----------+--------+----------+--------+-------+------+---------+---------+
 




 [行业>单日涨幅]
+----------+--------+----------+--------+-------+------+---------+---------+
|   行业   |  代码  |   名称   |  市值  |  pe   | 涨幅 | 3日涨幅 | 6日涨幅 |
+----------+--------+----------+--------+-------+------+---------+---------+
| 汽车整车 | 600213 | 亚星客车 |  29.9  | -17.1 | 10.0 |  21.2   |  22.8   |
| 汽车整车 | 000868 | 安凯客车 |  54.3  | -34.0 | 9.9  |  33.0   |  41.7   |
| 汽车整车 | 000625 | 长安汽车 | 1836.0 | 10.1  | 8.8  |  23.2   |  28.7   |
| 汽车整车 | 600418 | 江淮汽车 | 323.7  | -27.9 | 8.6  |  14.7   |   9.4   |
| 汽车整车 | 600686 | 金龙汽车 |  54.5  | 351.4 | 7.3  |  12.1   |  18.6   |
| 汽车整车 | 301039 | 中集车辆 | 243.5  | 48.9  | 5.0  |   6.1   |  15.4   |
| 汽车整车 | 000572 | 海马汽车 | 106.9  | -43.9 | 3.8  |   5.3   |   5.3   |
| 汽车整车 | 000550 | 江铃汽车 | 151.7  | 19.6  | 3.8  |  11.8   |  13.7   |
| 汽车整车 | 600303 |  ST曙光  |  24.5  | -18.7 | 3.7  |   8.4   |  11.0   |
| 汽车整车 | 601633 | 长城汽车 | 3795.0 | 58.1  | 2.6  |   7.8   |   4.7   |
| 汽车整车 | 601238 | 广汽集团 | 1860.0 | 15.5  | 1.8  |   9.3   |   4.3   |
| 汽车整车 | 600006 | 东风汽车 | 159.6  | 33.6  | 1.7  |   4.9   |   0.5   |
| 汽车整车 | 000800 | 一汽解放 | 447.7  | 24.8  | 1.3  |   3.1   |  -4.1   |
| 汽车整车 | 600104 | 上汽集团 | 2151.0 |  9.8  | 1.2  |   4.8   |   2.9   |
| 汽车整车 | 601777 | 力帆科技 | 258.3  | 127.0 | 0.3  |  12.6   |   9.5   |
| 汽车整车 | 600733 | 北汽蓝谷 | 429.2  | -11.2 | 0.1  |  11.3   |   8.8   |
| 汽车整车 | 600066 | 宇通客车 | 199.5  | -43.1 | 0.0  |   1.4   |  10.4   |
| 汽车整车 | 600166 | 福田汽车 | 194.6  | 35.9  | 0.0  |   5.3   |   6.5   |
| 汽车整车 | 000957 | 中通客车 | 126.4  | -89.6 | 0.0  |   0.0   |  12.3   |
| 汽车整车 | 002594 |  比亚迪  |  0.0   | 314.8 | -0.4 |   2.9   |   3.5   |
| 汽车整车 | 000951 | 中国重汽 | 156.0  | 31.4  | -0.7 |   2.7   |   6.2   |
| 汽车整车 | 000980 |  ST众泰  | 182.5  | -29.1 | -1.4 |  -3.7   |  -5.3   |
| 汽车整车 | 601127 | 小康股份 | 1119.0 | -33.4 | -3.3 |  17.0   |  10.6   |
+----------+--------+----------+--------+-------+------+---------+---------+
