[行业>市值]
+------------+--------+----------+-------+--------+------+---------+---------+
|    行业    |  代码  |   名称   | 市值  |   pe   | 涨幅 | 3日涨幅 | 6日涨幅 |
+------------+--------+----------+-------+--------+------+---------+---------+
| 电子化学品 | 002643 | 万润股份 | 194.6 |  20.9  | -0.2 |   5.7   |   5.0   |
| 电子化学品 | 300054 | 鼎龙股份 | 189.4 |  66.3  | 0.7  |   5.9   |   5.8   |
| 电子化学品 | 300346 | 南大光电 | 176.4 |  54.7  | 1.2  |   4.7   |   1.5   |
| 电子化学品 | 688019 | 安集科技 | 152.2 |  96.1  | -1.3 |  -0.3   |  -7.4   |
| 电子化学品 | 300398 | 飞凯材料 | 120.8 |  21.8  | 0.4  |   5.2   |   4.3   |
| 电子化学品 | 300655 | 晶瑞电材 | 109.5 |  85.6  | 5.3  |  14.1   |   7.8   |
| 电子化学品 | 300236 | 上海新阳 | 100.1 | -184.0 | 0.9  |   3.9   |   0.4   |
| 电子化学品 | 688106 | 金宏气体 | 95.5  |  61.5  | -0.7 |   5.6   |   1.1   |
| 电子化学品 | 688268 | 华特气体 | 89.5  |  57.1  | 1.1  |  12.4   |   7.1   |
| 电子化学品 | 002741 | 光华科技 | 76.9  |  54.5  | 3.6  |   6.9   |  11.6   |
| 电子化学品 | 688550 | 瑞联新材 | 70.6  |  22.1  | 0.0  |   7.3   |  -0.8   |
| 电子化学品 | 300481 | 濮阳惠成 | 69.3  |  20.7  | -0.3 |   3.9   |  -0.4   |
| 电子化学品 | 603078 |  江化微  | 69.1  |  52.3  | 3.0  |   4.2   |   3.0   |
| 电子化学品 | 300576 | 容大感光 | 57.6  | 139.3  | 1.7  |   4.6   |   3.1   |
| 电子化学品 | 300429 | 强力新材 | 48.4  |  48.4  | 0.2  |   4.6   |   3.6   |
| 电子化学品 | 002584 | 西陇科学 | 47.0  |  14.0  | 4.0  |   7.5   |   6.3   |
| 电子化学品 | 688359 | 三孚新科 | 39.4  | -165.6 | 4.3  |   9.8   |   7.8   |
| 电子化学品 | 603931 |  格林达  | 39.4  |  24.9  | 0.6  |   3.2   |   1.3   |
| 电子化学品 | 300446 | 乐凯新材 | 25.0  | 393.9  | 0.8  |   3.5   |  -0.1   |
| 电子化学品 | 300537 | 广信材料 | 22.7  | -49.4  | 0.3  |   4.2   |   4.0   |
| 电子化学品 | 300637 | 扬帆新材 | 17.6  |  37.9  | 0.3  |   5.2   |   5.2   |
+------------+--------+----------+-------+--------+------+---------+---------+
 




 [行业>单日涨幅]
+------------+--------+----------+-------+--------+------+---------+---------+
|    行业    |  代码  |   名称   | 市值  |   pe   | 涨幅 | 3日涨幅 | 6日涨幅 |
+------------+--------+----------+-------+--------+------+---------+---------+
| 电子化学品 | 300655 | 晶瑞电材 | 109.5 |  85.6  | 5.3  |  14.1   |   7.8   |
| 电子化学品 | 688359 | 三孚新科 | 39.4  | -165.6 | 4.3  |   9.8   |   7.8   |
| 电子化学品 | 002584 | 西陇科学 | 47.0  |  14.0  | 4.0  |   7.5   |   6.3   |
| 电子化学品 | 002741 | 光华科技 | 76.9  |  54.5  | 3.6  |   6.9   |  11.6   |
| 电子化学品 | 603078 |  江化微  | 69.1  |  52.3  | 3.0  |   4.2   |   3.0   |
| 电子化学品 | 300576 | 容大感光 | 57.6  | 139.3  | 1.7  |   4.6   |   3.1   |
| 电子化学品 | 300346 | 南大光电 | 176.4 |  54.7  | 1.2  |   4.7   |   1.5   |
| 电子化学品 | 688268 | 华特气体 | 89.5  |  57.1  | 1.1  |  12.4   |   7.1   |
| 电子化学品 | 300236 | 上海新阳 | 100.1 | -184.0 | 0.9  |   3.9   |   0.4   |
| 电子化学品 | 300446 | 乐凯新材 | 25.0  | 393.9  | 0.8  |   3.5   |  -0.1   |
| 电子化学品 | 300054 | 鼎龙股份 | 189.4 |  66.3  | 0.7  |   5.9   |   5.8   |
| 电子化学品 | 603931 |  格林达  | 39.4  |  24.9  | 0.6  |   3.2   |   1.3   |
| 电子化学品 | 300398 | 飞凯材料 | 120.8 |  21.8  | 0.4  |   5.2   |   4.3   |
| 电子化学品 | 300637 | 扬帆新材 | 17.6  |  37.9  | 0.3  |   5.2   |   5.2   |
| 电子化学品 | 300537 | 广信材料 | 22.7  | -49.4  | 0.3  |   4.2   |   4.0   |
| 电子化学品 | 300429 | 强力新材 | 48.4  |  48.4  | 0.2  |   4.6   |   3.6   |
| 电子化学品 | 688550 | 瑞联新材 | 70.6  |  22.1  | 0.0  |   7.3   |  -0.8   |
| 电子化学品 | 002643 | 万润股份 | 194.6 |  20.9  | -0.2 |   5.7   |   5.0   |
| 电子化学品 | 300481 | 濮阳惠成 | 69.3  |  20.7  | -0.3 |   3.9   |  -0.4   |
| 电子化学品 | 688106 | 金宏气体 | 95.5  |  61.5  | -0.7 |   5.6   |   1.1   |
| 电子化学品 | 688019 | 安集科技 | 152.2 |  96.1  | -1.3 |  -0.3   |  -7.4   |
+------------+--------+----------+-------+--------+------+---------+---------+
