[行业>市值]
+------+--------+----------+-------+-------+------+---------+---------+
| 行业 |  代码  |   名称   | 市值  |  pe   | 涨幅 | 3日涨幅 | 6日涨幅 |
+------+--------+----------+-------+-------+------+---------+---------+
| 电机 | 002176 | 江特电机 | 444.0 | 16.7  | 2.5  |   3.5   |   0.7   |
| 电机 | 603489 | 八方股份 | 249.0 | 34.7  | 0.1  |   8.7   |  -0.1   |
| 电机 | 600580 | 卧龙电驱 | 194.1 | 24.5  | 2.4  |   7.7   |   9.4   |
| 电机 | 002249 | 大洋电机 | 149.3 | 25.4  | -1.7 |   2.3   |   4.5   |
| 电机 | 603728 | 鸣志电器 | 98.0  | 62.6  | 10.0 |  24.0   |  48.6   |
| 电机 | 003021 | 兆威机电 | 86.6  | 95.4  | 6.5  |   8.8   |   4.5   |
| 电机 | 300660 | 江苏雷利 | 81.5  | 29.4  | 9.3  |  -4.2   |  32.7   |
| 电机 | 002801 | 微光股份 | 69.1  | 22.4  | 0.2  |   8.9   |  12.2   |
| 电机 | 000922 | 佳电股份 | 51.9  | 17.2  | 0.2  |   5.1   |   6.5   |
| 电机 | 002196 | 方正电机 | 51.5  | 215.8 | -0.9 |   6.4   |   5.4   |
| 电机 | 002892 |  科力尔  | 44.7  | 70.1  | 8.0  |  11.3   |  10.6   |
| 电机 | 603819 | 神力股份 | 38.7  | 33.7  | 0.1  |  -0.8   |  -6.1   |
| 电机 | 002823 | 凯中精密 | 29.8  | 37.1  | 1.2  |   4.5   |   8.6   |
| 电机 | 603988 | 中电电机 | 26.8  | 49.9  | -2.2 |  -1.0   |   7.5   |
| 电机 | 301023 | 江南奕帆 | 25.4  | 31.3  | 4.6  |   3.0   |  16.0   |
| 电机 | 301226 | 祥明智能 | 24.5  | 40.6  | -1.6 |   3.5   |   1.5   |
| 电机 | 002576 | 通达动力 | 24.3  | 60.0  | -2.0 |   0.5   |  10.3   |
| 电机 | 300907 | 康平科技 | 20.4  | 98.9  | -0.5 |   5.2   |   7.4   |
| 电机 | 688395 | 正弦电气 | 17.7  | 31.0  | 0.3  |   5.4   |   4.7   |
| 电机 | 300626 | 华瑞股份 | 16.1  | 62.9  | -0.2 |  -0.1   |   4.7   |
| 电机 | 603320 | 迪贝电气 | 15.8  | 32.4  | 0.6  |   3.9   |   3.0   |
+------+--------+----------+-------+-------+------+---------+---------+
 




 [行业>单日涨幅]
+------+--------+----------+-------+-------+------+---------+---------+
| 行业 |  代码  |   名称   | 市值  |  pe   | 涨幅 | 3日涨幅 | 6日涨幅 |
+------+--------+----------+-------+-------+------+---------+---------+
| 电机 | 603728 | 鸣志电器 | 98.0  | 62.6  | 10.0 |  24.0   |  48.6   |
| 电机 | 300660 | 江苏雷利 | 81.5  | 29.4  | 9.3  |  -4.2   |  32.7   |
| 电机 | 002892 |  科力尔  | 44.7  | 70.1  | 8.0  |  11.3   |  10.6   |
| 电机 | 003021 | 兆威机电 | 86.6  | 95.4  | 6.5  |   8.8   |   4.5   |
| 电机 | 301023 | 江南奕帆 | 25.4  | 31.3  | 4.6  |   3.0   |  16.0   |
| 电机 | 002176 | 江特电机 | 444.0 | 16.7  | 2.5  |   3.5   |   0.7   |
| 电机 | 600580 | 卧龙电驱 | 194.1 | 24.5  | 2.4  |   7.7   |   9.4   |
| 电机 | 002823 | 凯中精密 | 29.8  | 37.1  | 1.2  |   4.5   |   8.6   |
| 电机 | 603320 | 迪贝电气 | 15.8  | 32.4  | 0.6  |   3.9   |   3.0   |
| 电机 | 688395 | 正弦电气 | 17.7  | 31.0  | 0.3  |   5.4   |   4.7   |
| 电机 | 000922 | 佳电股份 | 51.9  | 17.2  | 0.2  |   5.1   |   6.5   |
| 电机 | 002801 | 微光股份 | 69.1  | 22.4  | 0.2  |   8.9   |  12.2   |
| 电机 | 603819 | 神力股份 | 38.7  | 33.7  | 0.1  |  -0.8   |  -6.1   |
| 电机 | 603489 | 八方股份 | 249.0 | 34.7  | 0.1  |   8.7   |  -0.1   |
| 电机 | 300626 | 华瑞股份 | 16.1  | 62.9  | -0.2 |  -0.1   |   4.7   |
| 电机 | 300907 | 康平科技 | 20.4  | 98.9  | -0.5 |   5.2   |   7.4   |
| 电机 | 002196 | 方正电机 | 51.5  | 215.8 | -0.9 |   6.4   |   5.4   |
| 电机 | 301226 | 祥明智能 | 24.5  | 40.6  | -1.6 |   3.5   |   1.5   |
| 电机 | 002249 | 大洋电机 | 149.3 | 25.4  | -1.7 |   2.3   |   4.5   |
| 电机 | 002576 | 通达动力 | 24.3  | 60.0  | -2.0 |   0.5   |  10.3   |
| 电机 | 603988 | 中电电机 | 26.8  | 49.9  | -2.2 |  -1.0   |   7.5   |
+------+--------+----------+-------+-------+------+---------+---------+
