[行业>市值]
+----------+--------+----------+--------+-------+------+---------+---------+
|   行业   |  代码  |   名称   |  市值  |  pe   | 涨幅 | 3日涨幅 | 6日涨幅 |
+----------+--------+----------+--------+-------+------+---------+---------+
| 石油行业 | 601857 | 中国石油 | 9865.0 |  6.3  | 0.9  |   1.3   |  -7.5   |
| 石油行业 | 600938 | 中国海油 | 8394.0 |  6.1  | 3.5  |   5.1   |  -5.5   |
| 石油行业 | 600028 | 中国石化 | 4964.0 |  5.5  | 0.5  |   1.7   |  -0.5   |
| 石油行业 | 600256 | XD广汇能 | 644.1  |  7.3  | 6.0  |   5.5   |  -1.3   |
| 石油行业 | 600688 | 上海石化 | 346.4  | 40.6  | -0.3 |  -0.6   |  -4.5   |
| 石油行业 | 600777 | 新潮能源 | 170.7  |  8.1  | 2.0  |   2.0   |  -9.1   |
| 石油行业 | 002221 | 东华能源 | 145.9  | 34.2  | 2.5  |   2.7   |   3.1   |
| 石油行业 | 000059 | 华锦股份 |  96.0  |  8.4  | 0.8  |  -0.2   |  -4.2   |
| 石油行业 | 600759 |  ST洲际  |  54.1  | 17.4  | -1.2 |  -2.5   |  -9.8   |
| 石油行业 | 000096 | 广聚能源 |  50.4  | 134.4 | -0.6 |  -0.8   |  -10.5  |
| 石油行业 | 000819 | 岳阳兴长 |  41.5  | 88.0  | 0.9  |   2.6   |  -9.9   |
| 石油行业 | 000698 | 沈阳化工 |  36.0  | -7.9  | 0.2  |   1.4   |  -1.4   |
| 石油行业 | 603353 | 和顺石油 |  32.8  | 39.8  | 1.0  |  -1.1   |  -7.1   |
| 石油行业 | 000159 | 国际实业 |  30.9  | 36.7  | -0.5 |   9.6   |   7.9   |
| 石油行业 | 600387 |  ST海越  |  30.3  | 44.4  | 0.9  |   3.7   |   1.8   |
| 石油行业 | 000554 | 泰山石油 |  26.0  | 228.5 | 0.8  |   1.5   |  -8.9   |
| 石油行业 | 000637 | 茂化实华 |  24.1  | -80.0 | 0.2  |  -3.5   |  -10.4  |
| 石油行业 | 300839 | 博汇股份 |  23.8  | 29.2  | 0.3  |   3.5   |  -0.7   |
| 石油行业 | 603798 |  康普顿  |  20.2  | 16.5  | 1.1  |   2.0   |   0.5   |
| 石油行业 | 002778 | 中晟高科 |  16.3  | 367.1 | -0.6 |   2.8   |   0.2   |
| 石油行业 | 300023 |  宝德退  |  3.9   | 17.5  | -3.1 |  -7.5   |   3.4   |
+----------+--------+----------+--------+-------+------+---------+---------+
 




 [行业>单日涨幅]
+----------+--------+----------+--------+-------+------+---------+---------+
|   行业   |  代码  |   名称   |  市值  |  pe   | 涨幅 | 3日涨幅 | 6日涨幅 |
+----------+--------+----------+--------+-------+------+---------+---------+
| 石油行业 | 600256 | XD广汇能 | 644.1  |  7.3  | 6.0  |   5.5   |  -1.3   |
| 石油行业 | 600938 | 中国海油 | 8394.0 |  6.1  | 3.5  |   5.1   |  -5.5   |
| 石油行业 | 002221 | 东华能源 | 145.9  | 34.2  | 2.5  |   2.7   |   3.1   |
| 石油行业 | 600777 | 新潮能源 | 170.7  |  8.1  | 2.0  |   2.0   |  -9.1   |
| 石油行业 | 603798 |  康普顿  |  20.2  | 16.5  | 1.1  |   2.0   |   0.5   |
| 石油行业 | 603353 | 和顺石油 |  32.8  | 39.8  | 1.0  |  -1.1   |  -7.1   |
| 石油行业 | 000819 | 岳阳兴长 |  41.5  | 88.0  | 0.9  |   2.6   |  -9.9   |
| 石油行业 | 601857 | 中国石油 | 9865.0 |  6.3  | 0.9  |   1.3   |  -7.5   |
| 石油行业 | 600387 |  ST海越  |  30.3  | 44.4  | 0.9  |   3.7   |   1.8   |
| 石油行业 | 000059 | 华锦股份 |  96.0  |  8.4  | 0.8  |  -0.2   |  -4.2   |
| 石油行业 | 000554 | 泰山石油 |  26.0  | 228.5 | 0.8  |   1.5   |  -8.9   |
| 石油行业 | 600028 | 中国石化 | 4964.0 |  5.5  | 0.5  |   1.7   |  -0.5   |
| 石油行业 | 300839 | 博汇股份 |  23.8  | 29.2  | 0.3  |   3.5   |  -0.7   |
| 石油行业 | 000698 | 沈阳化工 |  36.0  | -7.9  | 0.2  |   1.4   |  -1.4   |
| 石油行业 | 000637 | 茂化实华 |  24.1  | -80.0 | 0.2  |  -3.5   |  -10.4  |
| 石油行业 | 600688 | 上海石化 | 346.4  | 40.6  | -0.3 |  -0.6   |  -4.5   |
| 石油行业 | 000159 | 国际实业 |  30.9  | 36.7  | -0.5 |   9.6   |   7.9   |
| 石油行业 | 002778 | 中晟高科 |  16.3  | 367.1 | -0.6 |   2.8   |   0.2   |
| 石油行业 | 000096 | 广聚能源 |  50.4  | 134.4 | -0.6 |  -0.8   |  -10.5  |
| 石油行业 | 600759 |  ST洲际  |  54.1  | 17.4  | -1.2 |  -2.5   |  -9.8   |
| 石油行业 | 300023 |  宝德退  |  3.9   | 17.5  | -3.1 |  -7.5   |   3.4   |
+----------+--------+----------+--------+-------+------+---------+---------+
