[行业>市值]
+----------+--------+----------+-------+--------+------+---------+---------+
|   行业   |  代码  |   名称   | 市值  |   pe   | 涨幅 | 3日涨幅 | 6日涨幅 |
+----------+--------+----------+-------+--------+------+---------+---------+
| 综合行业 | 000009 | 中国宝安 | 358.0 |  54.2  | -1.8 |   0.9   |  -4.6   |
| 综合行业 | 600673 |  东阳光  | 268.2 |  23.3  | -1.3 |   1.1   |   2.1   |
| 综合行业 | 000958 | 电投产融 | 250.9 |  20.6  | -1.7 |   1.1   |  -1.7   |
| 综合行业 | 600770 | 综艺股份 | 103.1 | -17.6  | 0.1  |  -0.2   |   1.5   |
| 综合行业 | 000158 | 常山北明 | 96.6  | -27.9  | -0.8 |   2.9   |   0.0   |
| 综合行业 | 000839 |  ST国安  | 83.9  | -14.3  | 0.0  |   0.5   |   3.4   |
| 综合行业 | 000861 | 海印股份 | 70.3  |  17.3  | -1.1 |   1.8   |   3.0   |
| 综合行业 | 002758 | 浙农股份 | 68.0  |  12.2  | -0.2 |   2.1   |   0.1   |
| 综合行业 | 000652 | 泰达股份 | 59.6  | 384.3  | -1.5 |   6.0   |   5.8   |
| 综合行业 | 000833 | 粤桂股份 | 59.4  |  41.7  | 1.4  |  -5.5   |  -6.4   |
| 综合行业 | 000803 | 北清环能 | 55.1  |  34.1  | -1.8 |  -0.1   |  -2.5   |
| 综合行业 | 000576 | 甘化科工 | 50.3  |  49.9  | -0.2 |   1.8   |  -1.8   |
| 综合行业 | 600624 | 复旦复华 | 47.9  | 208.1  | -0.8 |   2.9   |   0.9   |
| 综合行业 | 600784 | 鲁银投资 | 47.8  |  20.4  | -2.9 |   1.6   |   4.6   |
| 综合行业 | 000909 | 数源科技 | 44.3  | 227.3  | -4.1 |  -1.4   |  -8.4   |
| 综合行业 | 600805 | 悦达投资 | 42.8  |  12.8  | 0.6  |   3.1   |   1.4   |
| 综合行业 | 000532 | 华金资本 | 41.7  |  74.5  | -1.8 |   2.0   |   0.0   |
| 综合行业 | 600568 |  ST中珠  | 31.9  | -194.1 | -1.2 |  -3.0   |  -4.8   |
| 综合行业 | 600113 | 浙江东日 | 29.8  |  16.3  | 1.3  |   2.8   |  -0.3   |
| 综合行业 | 000409 | 云鼎科技 | 28.0  | 268.8  | 0.2  |   1.7   |  -1.1   |
| 综合行业 | 600051 | 宁波联合 | 20.9  | -93.7  | 2.3  |   3.2   |   2.8   |
| 综合行业 | 000632 | 三木集团 | 19.6  |  77.8  | 1.4  |   2.4   |   3.9   |
| 综合行业 | 002591 | 恒大高新 | 15.2  | -139.1 | -0.2 |   1.6   |   0.4   |
+----------+--------+----------+-------+--------+------+---------+---------+
 




 [行业>单日涨幅]
+----------+--------+----------+-------+--------+------+---------+---------+
|   行业   |  代码  |   名称   | 市值  |   pe   | 涨幅 | 3日涨幅 | 6日涨幅 |
+----------+--------+----------+-------+--------+------+---------+---------+
| 综合行业 | 600051 | 宁波联合 | 20.9  | -93.7  | 2.3  |   3.2   |   2.8   |
| 综合行业 | 000632 | 三木集团 | 19.6  |  77.8  | 1.4  |   2.4   |   3.9   |
| 综合行业 | 000833 | 粤桂股份 | 59.4  |  41.7  | 1.4  |  -5.5   |  -6.4   |
| 综合行业 | 600113 | 浙江东日 | 29.8  |  16.3  | 1.3  |   2.8   |  -0.3   |
| 综合行业 | 600805 | 悦达投资 | 42.8  |  12.8  | 0.6  |   3.1   |   1.4   |
| 综合行业 | 000409 | 云鼎科技 | 28.0  | 268.8  | 0.2  |   1.7   |  -1.1   |
| 综合行业 | 600770 | 综艺股份 | 103.1 | -17.6  | 0.1  |  -0.2   |   1.5   |
| 综合行业 | 000839 |  ST国安  | 83.9  | -14.3  | 0.0  |   0.5   |   3.4   |
| 综合行业 | 000576 | 甘化科工 | 50.3  |  49.9  | -0.2 |   1.8   |  -1.8   |
| 综合行业 | 002591 | 恒大高新 | 15.2  | -139.1 | -0.2 |   1.6   |   0.4   |
| 综合行业 | 002758 | 浙农股份 | 68.0  |  12.2  | -0.2 |   2.1   |   0.1   |
| 综合行业 | 000158 | 常山北明 | 96.6  | -27.9  | -0.8 |   2.9   |   0.0   |
| 综合行业 | 600624 | 复旦复华 | 47.9  | 208.1  | -0.8 |   2.9   |   0.9   |
| 综合行业 | 000861 | 海印股份 | 70.3  |  17.3  | -1.1 |   1.8   |   3.0   |
| 综合行业 | 600568 |  ST中珠  | 31.9  | -194.1 | -1.2 |  -3.0   |  -4.8   |
| 综合行业 | 600673 |  东阳光  | 268.2 |  23.3  | -1.3 |   1.1   |   2.1   |
| 综合行业 | 000652 | 泰达股份 | 59.6  | 384.3  | -1.5 |   6.0   |   5.8   |
| 综合行业 | 000958 | 电投产融 | 250.9 |  20.6  | -1.7 |   1.1   |  -1.7   |
| 综合行业 | 000009 | 中国宝安 | 358.0 |  54.2  | -1.8 |   0.9   |  -4.6   |
| 综合行业 | 000532 | 华金资本 | 41.7  |  74.5  | -1.8 |   2.0   |   0.0   |
| 综合行业 | 000803 | 北清环能 | 55.1  |  34.1  | -1.8 |  -0.1   |  -2.5   |
| 综合行业 | 600784 | 鲁银投资 | 47.8  |  20.4  | -2.9 |   1.6   |   4.6   |
| 综合行业 | 000909 | 数源科技 | 44.3  | 227.3  | -4.1 |  -1.4   |  -8.4   |
+----------+--------+----------+-------+--------+------+---------+---------+
