[行业>市值]
+----------+--------+----------+--------+----------+------+---------+---------+
|   行业   |  代码  |   名称   |  市值  |    pe    | 涨幅 | 3日涨幅 | 6日涨幅 |
+----------+--------+----------+--------+----------+------+---------+---------+
| 美容护理 | 300896 |  爱美客  | 1266.0 |  113.0   | 3.7  |   6.9   |   5.4   |
| 美容护理 | 300957 |  贝泰妮  | 943.9  |  161.7   | 2.6  |   7.5   |   4.1   |
| 美容护理 | 688363 | 华熙生物 | 678.3  |   84.9   | 3.5  |  -3.3   |  -4.9   |
| 美容护理 | 603605 |  珀莱雅  | 450.4  |   71.1   | 2.1  |   4.7   |  -0.9   |
| 美容护理 | 300888 | 稳健医疗 | 277.0  |   19.4   | 3.8  |   4.7   |   0.4   |
| 美容护理 | 600315 | 上海家化 | 254.7  |   31.9   | 0.0  |   2.2   |  -0.5   |
| 美容护理 | 002511 | 中顺洁柔 | 159.9  |   30.0   | -0.7 |   5.1   |   3.3   |
| 美容护理 | 002243 | 力合科创 | 128.3  |   92.1   | -3.7 |   8.3   |   9.2   |
| 美容护理 | 603983 | 丸美股份 | 108.5  |   41.4   | 4.2  |   3.9   |   7.8   |
| 美容护理 | 300856 | 科思股份 |  64.0  |   27.6   | -5.1 |  -7.9   |  -8.1   |
| 美容护理 | 000523 | 广州浪奇 |  62.1  |  -120.8  | -0.8 |  -1.5   |  -3.8   |
| 美容护理 | 605009 | 豪悦护理 |  59.8  |   27.2   | 0.8  |   2.1   |  -0.3   |
| 美容护理 | 000615 | 奥园美谷 |  55.7  |  -35.9   | 1.3  |   3.3   |   1.9   |
| 美容护理 | 300740 | 水羊股份 |  53.2  |   32.0   | 2.7  |   4.8   |   2.0   |
| 美容护理 | 003006 | 百亚股份 |  52.0  |   23.4   | 1.9  |   2.6   |  -5.0   |
| 美容护理 | 300132 | 青松股份 |  35.4  |  -14.5   | 1.0  |   1.3   |   8.6   |
| 美容护理 | 301009 | 可靠股份 |  34.2  |  437.1   | 0.5  |   0.9   |  -2.3   |
| 美容护理 | 603630 | 拉芳家化 |  31.6  |  -309.0  | -1.2 |   0.7   |  -1.1   |
| 美容护理 | 002919 | 名臣健康 |  31.4  |  478.8   | 1.2  |   7.4   |   5.0   |
| 美容护理 | 001206 | 依依股份 |  29.0  |   39.5   | 0.0  |   1.4   |   0.0   |
| 美容护理 | 600249 |  两面针  |  27.8  |  -23.5   | 0.2  |   1.8   |  -1.2   |
| 美容护理 | 002094 | 青岛金王 |  26.1  |   49.3   | 1.3  |  -2.8   |  -9.6   |
| 美容护理 | 300955 | 嘉亨家化 |  24.2  |   36.1   | -0.1 |   2.6   |   3.5   |
| 美容护理 | 300886 | 华业香料 |  23.8  |   85.6   | 8.3  |   9.4   |   8.1   |
| 美容护理 | 300658 | 延江股份 |  20.3  |   75.7   | 1.7  |   1.7   |   3.6   |
| 美容护理 | 603238 | 诺邦股份 |  18.7  |   61.6   | 1.6  |   3.5   |   5.0   |
| 美容护理 | 603059 |  倍加洁  |  18.6  | -12338.3 | 0.7  |   3.3   |   3.5   |
| 美容护理 | 300849 | 锦盛新材 |  17.8  |  200.9   | -0.4 |   1.2   |   2.1   |
+----------+--------+----------+--------+----------+------+---------+---------+
 




 [行业>单日涨幅]
+----------+--------+----------+--------+----------+------+---------+---------+
|   行业   |  代码  |   名称   |  市值  |    pe    | 涨幅 | 3日涨幅 | 6日涨幅 |
+----------+--------+----------+--------+----------+------+---------+---------+
| 美容护理 | 300886 | 华业香料 |  23.8  |   85.6   | 8.3  |   9.4   |   8.1   |
| 美容护理 | 603983 | 丸美股份 | 108.5  |   41.4   | 4.2  |   3.9   |   7.8   |
| 美容护理 | 300888 | 稳健医疗 | 277.0  |   19.4   | 3.8  |   4.7   |   0.4   |
| 美容护理 | 300896 |  爱美客  | 1266.0 |  113.0   | 3.7  |   6.9   |   5.4   |
| 美容护理 | 688363 | 华熙生物 | 678.3  |   84.9   | 3.5  |  -3.3   |  -4.9   |
| 美容护理 | 300740 | 水羊股份 |  53.2  |   32.0   | 2.7  |   4.8   |   2.0   |
| 美容护理 | 300957 |  贝泰妮  | 943.9  |  161.7   | 2.6  |   7.5   |   4.1   |
| 美容护理 | 603605 |  珀莱雅  | 450.4  |   71.1   | 2.1  |   4.7   |  -0.9   |
| 美容护理 | 003006 | 百亚股份 |  52.0  |   23.4   | 1.9  |   2.6   |  -5.0   |
| 美容护理 | 300658 | 延江股份 |  20.3  |   75.7   | 1.7  |   1.7   |   3.6   |
| 美容护理 | 603238 | 诺邦股份 |  18.7  |   61.6   | 1.6  |   3.5   |   5.0   |
| 美容护理 | 002094 | 青岛金王 |  26.1  |   49.3   | 1.3  |  -2.8   |  -9.6   |
| 美容护理 | 000615 | 奥园美谷 |  55.7  |  -35.9   | 1.3  |   3.3   |   1.9   |
| 美容护理 | 002919 | 名臣健康 |  31.4  |  478.8   | 1.2  |   7.4   |   5.0   |
| 美容护理 | 300132 | 青松股份 |  35.4  |  -14.5   | 1.0  |   1.3   |   8.6   |
| 美容护理 | 605009 | 豪悦护理 |  59.8  |   27.2   | 0.8  |   2.1   |  -0.3   |
| 美容护理 | 603059 |  倍加洁  |  18.6  | -12338.3 | 0.7  |   3.3   |   3.5   |
| 美容护理 | 301009 | 可靠股份 |  34.2  |  437.1   | 0.5  |   0.9   |  -2.3   |
| 美容护理 | 600249 |  两面针  |  27.8  |  -23.5   | 0.2  |   1.8   |  -1.2   |
| 美容护理 | 600315 | 上海家化 | 254.7  |   31.9   | 0.0  |   2.2   |  -0.5   |
| 美容护理 | 001206 | 依依股份 |  29.0  |   39.5   | 0.0  |   1.4   |   0.0   |
| 美容护理 | 300955 | 嘉亨家化 |  24.2  |   36.1   | -0.1 |   2.6   |   3.5   |
| 美容护理 | 300849 | 锦盛新材 |  17.8  |  200.9   | -0.4 |   1.2   |   2.1   |
| 美容护理 | 002511 | 中顺洁柔 | 159.9  |   30.0   | -0.7 |   5.1   |   3.3   |
| 美容护理 | 000523 | 广州浪奇 |  62.1  |  -120.8  | -0.8 |  -1.5   |  -3.8   |
| 美容护理 | 603630 | 拉芳家化 |  31.6  |  -309.0  | -1.2 |   0.7   |  -1.1   |
| 美容护理 | 002243 | 力合科创 | 128.3  |   92.1   | -3.7 |   8.3   |   9.2   |
| 美容护理 | 300856 | 科思股份 |  64.0  |   27.6   | -5.1 |  -7.9   |  -8.1   |
+----------+--------+----------+--------+----------+------+---------+---------+
