[行业>市值]
+----------+--------+----------+-------+--------+------+---------+---------+
|   行业   |  代码  |   名称   | 市值  |   pe   | 涨幅 | 3日涨幅 | 6日涨幅 |
+----------+--------+----------+-------+--------+------+---------+---------+
| 铁路公路 | 001965 | 招商公路 | 461.5 |  10.6  | 0.0  |  -0.5   |  -5.9   |
| 铁路公路 | 600377 | 宁沪高速 | 423.2 |  13.3  | 0.2  |   0.6   |   1.6   |
| 铁路公路 | 600350 | 山东高速 | 253.1 |  8.8   | 0.2  |  -0.2   |  -0.8   |
| 铁路公路 | 600548 |  深高速  | 205.9 |  12.5  | 0.1  |   1.4   |   1.4   |
| 铁路公路 | 000429 | 粤高速Ａ  | 170.0 |  9.9   | 0.2  |   0.6   |  -1.8   |
| 铁路公路 | 600662 | 外服控股 | 151.6 |  21.9  | 2.5  |   7.4   |   7.4   |
| 铁路公路 | 603032 | 德新交运 | 146.2 |  70.5  | 6.7  |   3.9   |  -8.0   |
| 铁路公路 | 603069 | 海汽集团 | 131.5 | -201.7 | 0.0  |  10.0   |   7.8   |
| 铁路公路 | 601107 | 四川成渝 | 121.7 |  12.1  | -1.0 |  -1.7   |  -2.9   |
| 铁路公路 | 600012 | 皖通高速 | 121.2 |  7.5   | -0.1 |  -0.1   |  -1.8   |
| 铁路公路 | 000828 | 东莞控股 | 105.2 |  15.5  | -0.4 |   0.3   |  -0.5   |
| 铁路公路 | 600269 | 赣粤高速 | 80.8  |  6.1   | 0.0  |   0.6   |  -0.9   |
| 铁路公路 | 600033 | 福建高速 | 80.1  |  8.9   | 0.7  |   2.5   |   2.1   |
| 铁路公路 | 600611 | 大众交通 | 75.2  |  -7.2  | 0.0  |   0.3   |  -0.3   |
| 铁路公路 | 600620 | 天宸股份 | 70.1  | -72.3  | 1.9  |  12.7   |   9.6   |
| 铁路公路 | 600020 | 中原高速 | 69.7  |  12.3  | 0.0  |   1.0   |   0.0   |
| 铁路公路 | 600650 | 锦江在线 | 68.7  |  3.0   | -1.3 |  -0.2   |  -4.5   |
| 铁路公路 | 000900 | 现代投资 | 63.6  |  9.9   | 0.0  |   0.2   |  -3.0   |
| 铁路公路 | 000885 | 城发环境 | 58.4  |  6.5   | 0.0  |   1.2   |   0.4   |
| 铁路公路 | 000755 | 山西路桥 | 57.1  |  14.8  | 0.3  |   0.3   |  -0.3   |
| 铁路公路 | 600106 | 重庆路桥 | 55.1  |  91.3  | 1.5  |   1.5   |   3.7   |
| 铁路公路 | 600035 | 楚天高速 | 52.3  |  5.3   | 0.9  |   2.2   |   0.9   |
| 铁路公路 | 002627 | 三峡旅游 | 44.0  |  77.2  | -0.5 |   5.1   |   7.0   |
| 铁路公路 | 600368 | XD五洲交 | 42.9  |  6.0   | -0.5 |  -0.8   |  -2.1   |
| 铁路公路 | 600834 | 申通地铁 | 42.9  |  59.0  | -0.9 |   2.4   |   4.5   |
| 铁路公路 | 601188 | 龙江交通 | 40.8  |  17.3  | 0.0  |  -2.2   |  -1.6   |
| 铁路公路 | 601518 | 吉林高速 | 35.1  |  10.3  | -0.8 |   0.1   |  -1.4   |
| 铁路公路 | 000548 | 湖南投资 | 22.3  |  67.9  | -0.2 |  -0.7   |  -0.7   |
| 铁路公路 | 002357 | 富临运业 | 17.7  |  9.6   | -0.7 |   5.0   |   5.4   |
| 铁路公路 | 600561 | 江西长运 | 15.1  | -23.5  | 0.8  |   1.7   |   5.3   |
+----------+--------+----------+-------+--------+------+---------+---------+
 




 [行业>单日涨幅]
+----------+--------+----------+-------+--------+------+---------+---------+
|   行业   |  代码  |   名称   | 市值  |   pe   | 涨幅 | 3日涨幅 | 6日涨幅 |
+----------+--------+----------+-------+--------+------+---------+---------+
| 铁路公路 | 603032 | 德新交运 | 146.2 |  70.5  | 6.7  |   3.9   |  -8.0   |
| 铁路公路 | 600662 | 外服控股 | 151.6 |  21.9  | 2.5  |   7.4   |   7.4   |
| 铁路公路 | 600620 | 天宸股份 | 70.1  | -72.3  | 1.9  |  12.7   |   9.6   |
| 铁路公路 | 600106 | 重庆路桥 | 55.1  |  91.3  | 1.5  |   1.5   |   3.7   |
| 铁路公路 | 600035 | 楚天高速 | 52.3  |  5.3   | 0.9  |   2.2   |   0.9   |
| 铁路公路 | 600561 | 江西长运 | 15.1  | -23.5  | 0.8  |   1.7   |   5.3   |
| 铁路公路 | 600033 | 福建高速 | 80.1  |  8.9   | 0.7  |   2.5   |   2.1   |
| 铁路公路 | 000755 | 山西路桥 | 57.1  |  14.8  | 0.3  |   0.3   |  -0.3   |
| 铁路公路 | 000429 | 粤高速Ａ  | 170.0 |  9.9   | 0.2  |   0.6   |  -1.8   |
| 铁路公路 | 600377 | 宁沪高速 | 423.2 |  13.3  | 0.2  |   0.6   |   1.6   |
| 铁路公路 | 600350 | 山东高速 | 253.1 |  8.8   | 0.2  |  -0.2   |  -0.8   |
| 铁路公路 | 600548 |  深高速  | 205.9 |  12.5  | 0.1  |   1.4   |   1.4   |
| 铁路公路 | 001965 | 招商公路 | 461.5 |  10.6  | 0.0  |  -0.5   |  -5.9   |
| 铁路公路 | 603069 | 海汽集团 | 131.5 | -201.7 | 0.0  |  10.0   |   7.8   |
| 铁路公路 | 600269 | 赣粤高速 | 80.8  |  6.1   | 0.0  |   0.6   |  -0.9   |
| 铁路公路 | 600611 | 大众交通 | 75.2  |  -7.2  | 0.0  |   0.3   |  -0.3   |
| 铁路公路 | 600020 | 中原高速 | 69.7  |  12.3  | 0.0  |   1.0   |   0.0   |
| 铁路公路 | 000900 | 现代投资 | 63.6  |  9.9   | 0.0  |   0.2   |  -3.0   |
| 铁路公路 | 000885 | 城发环境 | 58.4  |  6.5   | 0.0  |   1.2   |   0.4   |
| 铁路公路 | 601188 | 龙江交通 | 40.8  |  17.3  | 0.0  |  -2.2   |  -1.6   |
| 铁路公路 | 600012 | 皖通高速 | 121.2 |  7.5   | -0.1 |  -0.1   |  -1.8   |
| 铁路公路 | 000548 | 湖南投资 | 22.3  |  67.9  | -0.2 |  -0.7   |  -0.7   |
| 铁路公路 | 000828 | 东莞控股 | 105.2 |  15.5  | -0.4 |   0.3   |  -0.5   |
| 铁路公路 | 002627 | 三峡旅游 | 44.0  |  77.2  | -0.5 |   5.1   |   7.0   |
| 铁路公路 | 600368 | XD五洲交 | 42.9  |  6.0   | -0.5 |  -0.8   |  -2.1   |
| 铁路公路 | 002357 | 富临运业 | 17.7  |  9.6   | -0.7 |   5.0   |   5.4   |
| 铁路公路 | 601518 | 吉林高速 | 35.1  |  10.3  | -0.8 |   0.1   |  -1.4   |
| 铁路公路 | 600834 | 申通地铁 | 42.9  |  59.0  | -0.9 |   2.4   |   4.5   |
| 铁路公路 | 601107 | 四川成渝 | 121.7 |  12.1  | -1.0 |  -1.7   |  -2.9   |
| 铁路公路 | 600650 | 锦江在线 | 68.7  |  3.0   | -1.3 |  -0.2   |  -4.5   |
+----------+--------+----------+-------+--------+------+---------+---------+
