[行业>市值]
+------------+--------+----------+--------+-------+-------+---------+---------+
|    行业    |  代码  |   名称   |  市值  |  pe   | 涨幅  | 3日涨幅 | 6日涨幅 |
+------------+--------+----------+--------+-------+-------+---------+---------+
| 非金属材料 | 603260 | 合盛硅业 | 1294.0 | 15.8  | -3.0  |   0.9   |  -7.0   |
| 非金属材料 | 603688 | 石英股份 | 487.3  | 139.4 |  9.7  |  15.0   |  23.3   |
| 非金属材料 | 300861 | 美畅股份 | 386.6  | 34.0  | -1.8  |   1.4   |   2.2   |
| 非金属材料 | 600516 | 方大炭素 | 287.0  | 212.8 |  0.7  |   3.3   |  -0.4   |
| 非金属材料 | 603826 | 坤彩科技 | 266.2  | 249.4 | -2.3  |  -6.7   |  -12.7  |
| 非金属材料 | 688281 | 华秦科技 | 237.2  | 100.0 | -10.8 |  -9.5   |  -9.2   |
| 非金属材料 | 300395 |  菲利华  | 234.4  | 64.9  |  2.8  |  13.9   |   9.6   |
| 非金属材料 | 300035 | 中科电气 | 209.0  | 40.5  | -2.7  |   3.2   |   1.8   |
| 非金属材料 | 301071 | 力量钻石 | 202.2  | 50.0  |  0.8  |   0.4   |   0.9   |
| 非金属材料 | 603612 | 索通发展 | 170.4  | 26.9  | -2.0  |   5.7   |  17.6   |
| 非金属材料 | 300409 | 道氏技术 | 157.4  | 22.9  |  0.8  |   7.2   |   3.0   |
| 非金属材料 | 688733 |  壹石通  | 145.8  | 83.6  | -0.3  |   9.2   |   5.3   |
| 非金属材料 | 600172 | 黄河旋风 | 132.1  | 115.0 |  0.8  |   2.4   |   2.1   |
| 非金属材料 | 600330 | 天通股份 | 129.3  | 29.5  |  4.6  |  14.7   |  11.2   |
| 非金属材料 | 688119 | 中钢洛耐 | 101.9  | 65.5  | -1.0  |   3.8   |   3.8   |
| 非金属材料 | 600783 | 鲁信创投 | 101.5  | 51.6  | -5.0  |  -0.7   |   0.4   |
| 非金属材料 | 002130 | 沃尔核材 |  75.8  | 17.8  | -0.2  |   3.6   |   4.5   |
| 非金属材料 | 688357 | 建龙微纳 |  70.5  | 40.2  |  1.3  |   6.5   |   0.7   |
| 非金属材料 | 688300 | 联瑞新材 |  69.0  | 40.4  |  2.3  |  11.9   |   1.6   |
| 非金属材料 | 001296 | 长江材料 |  27.1  | 47.4  | 10.0  |   9.9   |   6.7   |
| 非金属材料 | 300743 | 天地数码 |  15.9  | 54.0  |  0.7  |   3.0   |   1.0   |
| 非金属材料 | 300064 |  金刚退  |  0.0   |  0.0  |  0.0  |   0.0   |   0.0   |
+------------+--------+----------+--------+-------+-------+---------+---------+
 




 [行业>单日涨幅]
+------------+--------+----------+--------+-------+-------+---------+---------+
|    行业    |  代码  |   名称   |  市值  |  pe   | 涨幅  | 3日涨幅 | 6日涨幅 |
+------------+--------+----------+--------+-------+-------+---------+---------+
| 非金属材料 | 001296 | 长江材料 |  27.1  | 47.4  | 10.0  |   9.9   |   6.7   |
| 非金属材料 | 603688 | 石英股份 | 487.3  | 139.4 |  9.7  |  15.0   |  23.3   |
| 非金属材料 | 600330 | 天通股份 | 129.3  | 29.5  |  4.6  |  14.7   |  11.2   |
| 非金属材料 | 300395 |  菲利华  | 234.4  | 64.9  |  2.8  |  13.9   |   9.6   |
| 非金属材料 | 688300 | 联瑞新材 |  69.0  | 40.4  |  2.3  |  11.9   |   1.6   |
| 非金属材料 | 688357 | 建龙微纳 |  70.5  | 40.2  |  1.3  |   6.5   |   0.7   |
| 非金属材料 | 301071 | 力量钻石 | 202.2  | 50.0  |  0.8  |   0.4   |   0.9   |
| 非金属材料 | 300409 | 道氏技术 | 157.4  | 22.9  |  0.8  |   7.2   |   3.0   |
| 非金属材料 | 600172 | 黄河旋风 | 132.1  | 115.0 |  0.8  |   2.4   |   2.1   |
| 非金属材料 | 300743 | 天地数码 |  15.9  | 54.0  |  0.7  |   3.0   |   1.0   |
| 非金属材料 | 600516 | 方大炭素 | 287.0  | 212.8 |  0.7  |   3.3   |  -0.4   |
| 非金属材料 | 300064 |  金刚退  |  0.0   |  0.0  |  0.0  |   0.0   |   0.0   |
| 非金属材料 | 002130 | 沃尔核材 |  75.8  | 17.8  | -0.2  |   3.6   |   4.5   |
| 非金属材料 | 688733 |  壹石通  | 145.8  | 83.6  | -0.3  |   9.2   |   5.3   |
| 非金属材料 | 688119 | 中钢洛耐 | 101.9  | 65.5  | -1.0  |   3.8   |   3.8   |
| 非金属材料 | 300861 | 美畅股份 | 386.6  | 34.0  | -1.8  |   1.4   |   2.2   |
| 非金属材料 | 603612 | 索通发展 | 170.4  | 26.9  | -2.0  |   5.7   |  17.6   |
| 非金属材料 | 603826 | 坤彩科技 | 266.2  | 249.4 | -2.3  |  -6.7   |  -12.7  |
| 非金属材料 | 300035 | 中科电气 | 209.0  | 40.5  | -2.7  |   3.2   |   1.8   |
| 非金属材料 | 603260 | 合盛硅业 | 1294.0 | 15.8  | -3.0  |   0.9   |  -7.0   |
| 非金属材料 | 600783 | 鲁信创投 | 101.5  | 51.6  | -5.0  |  -0.7   |   0.4   |
| 非金属材料 | 688281 | 华秦科技 | 237.2  | 100.0 | -10.8 |  -9.5   |  -9.2   |
+------------+--------+----------+--------+-------+-------+---------+---------+
