[行业>市值]
+----------+--------+----------+-------+-------+------+---------+---------+
|   行业   |  代码  |   名称   | 市值  |  pe   | 涨幅 | 3日涨幅 | 6日涨幅 |
+----------+--------+----------+-------+-------+------+---------+---------+
| 专业服务 | 300012 | 华测检测 | 363.7 | 75.9  | -2.3 |  -4.5   |  -3.6   |
| 专业服务 | 003035 | 南网能源 | 239.4 | 66.9  | -1.1 |  -2.8   |  -0.2   |
| 专业服务 | 301080 | 百普赛斯 | 126.4 | 59.1  | -0.8 |   4.5   |   4.4   |
| 专业服务 | 688133 | 泰坦科技 | 110.6 | 142.2 | -0.4 |  -0.7   |  -7.5   |
| 专业服务 | 300887 | 谱尼测试 | 104.3 | 473.1 | -0.2 |  -2.9   |  -4.0   |
| 专业服务 | 002967 | 广电计量 | 101.2 | -31.8 | -0.7 |   2.8   |  -2.3   |
| 专业服务 | 603060 | 国检集团 | 86.1  | -76.7 | -1.2 |  -0.2   |   2.3   |
| 专业服务 | 300416 | 苏试试验 | 84.8  | 73.5  | -2.0 |  -3.5   |  -1.2   |
| 专业服务 | 688179 |  阿拉丁  | 75.8  | 61.1  | -0.3 |   0.9   |   1.4   |
| 专业服务 | 603698 | 航天工程 | 69.2  | 94.5  | -1.1 |  -1.8   |  -1.4   |
| 专业服务 | 300384 | 三联虹普 | 60.0  | 25.3  | 3.1  |   4.6   |  10.4   |
| 专业服务 | 301166 |  优宁维  | 51.2  | 58.9  | 0.4  |  -2.0   |  -9.4   |
| 专业服务 | 300215 |  电科院  | 48.2  | 82.7  | 0.0  |  -1.1   |  -3.2   |
| 专业服务 | 002564 | 天沃科技 | 39.6  | 528.6 | -4.0 |  -7.0   |  -9.5   |
| 专业服务 | 300962 | 中金辐照 | 38.4  | 33.7  | -0.1 |   0.1   |  -2.3   |
| 专业服务 | 002878 | 元隆雅图 | 38.3  | 10.3  | 0.7  |  -3.9   |  -6.1   |
| 专业服务 | 300797 | 钢研纳克 | 33.3  | 55.9  | 0.1  |   0.7   |  -1.4   |
| 专业服务 | 300572 | 安车检测 | 32.0  | 52.8  | -0.1 |  -3.9   |  -2.7   |
| 专业服务 | 603776 |  永安行  | 30.5  | 61.7  | -1.1 |  -0.5   |  -0.2   |
| 专业服务 | 301257 |  普蕊斯  | 29.5  | 75.5  | 1.1  |  -1.8   |  -8.7   |
| 专业服务 | 301169 | 零点有数 | 29.1  | -60.6 | 5.8  |   9.7   |   7.0   |
| 专业服务 | 300938 | 信测标准 | 28.1  | 31.4  | 0.4  |  -1.5   |  -9.5   |
| 专业服务 | 301228 | 实朴检测 | 24.8  | -42.9 | 0.1  |  -1.9   |  -6.1   |
| 专业服务 | 603183 |  建研院  | 24.4  | -60.0 | -0.4 |  -0.4   |  -6.3   |
| 专业服务 | 003008 | 开普检测 | 18.6  | 34.5  | -0.2 |  -0.8   |  -4.0   |
| 专业服务 | 301289 | 国缆检测 | 15.1  | 22.5  | 0.0  |   0.0   |   0.0   |
+----------+--------+----------+-------+-------+------+---------+---------+
 




 [行业>单日涨幅]
+----------+--------+----------+-------+-------+------+---------+---------+
|   行业   |  代码  |   名称   | 市值  |  pe   | 涨幅 | 3日涨幅 | 6日涨幅 |
+----------+--------+----------+-------+-------+------+---------+---------+
| 专业服务 | 301169 | 零点有数 | 29.1  | -60.6 | 5.8  |   9.7   |   7.0   |
| 专业服务 | 300384 | 三联虹普 | 60.0  | 25.3  | 3.1  |   4.6   |  10.4   |
| 专业服务 | 301257 |  普蕊斯  | 29.5  | 75.5  | 1.1  |  -1.8   |  -8.7   |
| 专业服务 | 002878 | 元隆雅图 | 38.3  | 10.3  | 0.7  |  -3.9   |  -6.1   |
| 专业服务 | 301166 |  优宁维  | 51.2  | 58.9  | 0.4  |  -2.0   |  -9.4   |
| 专业服务 | 300938 | 信测标准 | 28.1  | 31.4  | 0.4  |  -1.5   |  -9.5   |
| 专业服务 | 301228 | 实朴检测 | 24.8  | -42.9 | 0.1  |  -1.9   |  -6.1   |
| 专业服务 | 300797 | 钢研纳克 | 33.3  | 55.9  | 0.1  |   0.7   |  -1.4   |
| 专业服务 | 300215 |  电科院  | 48.2  | 82.7  | 0.0  |  -1.1   |  -3.2   |
| 专业服务 | 301289 | 国缆检测 | 15.1  | 22.5  | 0.0  |   0.0   |   0.0   |
| 专业服务 | 300962 | 中金辐照 | 38.4  | 33.7  | -0.1 |   0.1   |  -2.3   |
| 专业服务 | 300572 | 安车检测 | 32.0  | 52.8  | -0.1 |  -3.9   |  -2.7   |
| 专业服务 | 300887 | 谱尼测试 | 104.3 | 473.1 | -0.2 |  -2.9   |  -4.0   |
| 专业服务 | 003008 | 开普检测 | 18.6  | 34.5  | -0.2 |  -0.8   |  -4.0   |
| 专业服务 | 688179 |  阿拉丁  | 75.8  | 61.1  | -0.3 |   0.9   |   1.4   |
| 专业服务 | 688133 | 泰坦科技 | 110.6 | 142.2 | -0.4 |  -0.7   |  -7.5   |
| 专业服务 | 603183 |  建研院  | 24.4  | -60.0 | -0.4 |  -0.4   |  -6.3   |
| 专业服务 | 002967 | 广电计量 | 101.2 | -31.8 | -0.7 |   2.8   |  -2.3   |
| 专业服务 | 301080 | 百普赛斯 | 126.4 | 59.1  | -0.8 |   4.5   |   4.4   |
| 专业服务 | 603776 |  永安行  | 30.5  | 61.7  | -1.1 |  -0.5   |  -0.2   |
| 专业服务 | 603698 | 航天工程 | 69.2  | 94.5  | -1.1 |  -1.8   |  -1.4   |
| 专业服务 | 003035 | 南网能源 | 239.4 | 66.9  | -1.1 |  -2.8   |  -0.2   |
| 专业服务 | 603060 | 国检集团 | 86.1  | -76.7 | -1.2 |  -0.2   |   2.3   |
| 专业服务 | 300416 | 苏试试验 | 84.8  | 73.5  | -2.0 |  -3.5   |  -1.2   |
| 专业服务 | 300012 | 华测检测 | 363.7 | 75.9  | -2.3 |  -4.5   |  -3.6   |
| 专业服务 | 002564 | 天沃科技 | 39.6  | 528.6 | -4.0 |  -7.0   |  -9.5   |
+----------+--------+----------+-------+-------+------+---------+---------+
