[行业>市值]
+----------+--------+----------+--------+-------+------+---------+---------+
|   行业   |  代码  |   名称   |  市值  |  pe   | 涨幅 | 3日涨幅 | 6日涨幅 |
+----------+--------+----------+--------+-------+------+---------+---------+
| 化纤行业 | 002493 | 荣盛石化 | 1695.0 | 13.6  | -0.4 |   2.6   |   7.7   |
| 化纤行业 | 600346 | 恒力石化 | 1656.0 |  9.8  | -1.1 |   1.6   |   4.1   |
| 化纤行业 | 000301 | 东方盛虹 | 1101.0 | 40.0  | -4.4 |   6.3   |  18.5   |
| 化纤行业 | 000703 | 恒逸石化 | 427.1  | 14.6  | -3.9 |   2.4   |  10.0   |
| 化纤行业 | 601233 | 桐昆股份 | 417.1  |  6.9  | -1.8 |   0.2   |   1.3   |
| 化纤行业 | 002064 | 华峰化学 | 403.0  |  7.4  | -0.5 |  -0.1   |  -0.2   |
| 化纤行业 | 688295 | 中复神鹰 | 336.4  | 71.4  | -2.0 |   4.7   |   2.5   |
| 化纤行业 | 300777 | 中简科技 | 195.2  | 53.8  | -0.7 |  -3.4   |  -5.9   |
| 化纤行业 | 603225 |  新凤鸣  | 174.2  | 15.3  | -1.5 |  -1.7   |  -3.3   |
| 化纤行业 | 600063 | 皖维高新 | 142.5  |  8.6  | -3.5 |  -2.5   |   5.0   |
| 化纤行业 | 002254 | 泰和新材 | 105.7  | 18.1  | 0.8  |   2.0   |   2.9   |
| 化纤行业 | 000420 | 吉林化纤 | 105.6  | -53.9 | -1.8 |   4.7   |  12.5   |
| 化纤行业 | 600810 | 神马股份 |  98.9  |  6.7  | -0.8 |   0.5   |   1.7   |
| 化纤行业 | 002206 | 海 利 得 |  80.6  | 16.4  | -1.5 |   6.0   |   1.1   |
| 化纤行业 | 000949 | 新乡化纤 |  55.3  | 33.8  | -1.1 |   0.5   |   1.9   |
| 化纤行业 | 601113 |  ST华鼎  |  49.5  | -16.2 | 0.5  |  -0.9   |   2.6   |
| 化纤行业 | 000936 | 华西股份 |  48.6  | 63.0  | 1.1  |   3.0   |   4.0   |
| 化纤行业 | 600527 | 江南高纤 |  36.7  | 57.4  | 0.0  |   0.0   |  -0.9   |
| 化纤行业 | 002427 | *ST尤夫  |  35.6  | -5.0  | -3.2 |  -4.9   |  -5.5   |
| 化纤行业 | 603332 | 苏州龙杰 |  34.0  | -63.3 | -0.6 |  -0.9   |  -0.2   |
| 化纤行业 | 688722 |  同益中  |  33.1  | 27.1  | -0.7 |  -1.3   |  -1.3   |
| 化纤行业 | 301057 | 汇隆新材 |  26.6  | 53.6  | 2.2  |   2.6   |   3.1   |
| 化纤行业 | 002172 | 澳洋健康 |  26.0  | 20.0  | -0.6 |  -1.8   |  -3.2   |
| 化纤行业 | 000677 | 恒天海龙 |  25.8  | 41.5  | 0.3  |   0.3   |  -1.6   |
| 化纤行业 | 000782 | 美达股份 |  24.3  | 30.5  | -0.9 |  -1.5   |  -1.3   |
| 化纤行业 | 002998 | 优彩资源 |  23.7  | 19.8  | -0.8 |  -0.1   |  -1.5   |
| 化纤行业 | 300876 | 蒙泰高新 |  21.6  | 35.6  | -1.6 |  -0.6   |  -3.7   |
| 化纤行业 | 600889 | 南京化纤 |  17.4  | -13.8 | -0.6 |   0.2   |  -0.8   |
+----------+--------+----------+--------+-------+------+---------+---------+
 




 [行业>单日涨幅]
+----------+--------+----------+--------+-------+------+---------+---------+
|   行业   |  代码  |   名称   |  市值  |  pe   | 涨幅 | 3日涨幅 | 6日涨幅 |
+----------+--------+----------+--------+-------+------+---------+---------+
| 化纤行业 | 301057 | 汇隆新材 |  26.6  | 53.6  | 2.2  |   2.6   |   3.1   |
| 化纤行业 | 000936 | 华西股份 |  48.6  | 63.0  | 1.1  |   3.0   |   4.0   |
| 化纤行业 | 002254 | 泰和新材 | 105.7  | 18.1  | 0.8  |   2.0   |   2.9   |
| 化纤行业 | 601113 |  ST华鼎  |  49.5  | -16.2 | 0.5  |  -0.9   |   2.6   |
| 化纤行业 | 000677 | 恒天海龙 |  25.8  | 41.5  | 0.3  |   0.3   |  -1.6   |
| 化纤行业 | 600527 | 江南高纤 |  36.7  | 57.4  | 0.0  |   0.0   |  -0.9   |
| 化纤行业 | 002493 | 荣盛石化 | 1695.0 | 13.6  | -0.4 |   2.6   |   7.7   |
| 化纤行业 | 002064 | 华峰化学 | 403.0  |  7.4  | -0.5 |  -0.1   |  -0.2   |
| 化纤行业 | 002172 | 澳洋健康 |  26.0  | 20.0  | -0.6 |  -1.8   |  -3.2   |
| 化纤行业 | 603332 | 苏州龙杰 |  34.0  | -63.3 | -0.6 |  -0.9   |  -0.2   |
| 化纤行业 | 600889 | 南京化纤 |  17.4  | -13.8 | -0.6 |   0.2   |  -0.8   |
| 化纤行业 | 300777 | 中简科技 | 195.2  | 53.8  | -0.7 |  -3.4   |  -5.9   |
| 化纤行业 | 688722 |  同益中  |  33.1  | 27.1  | -0.7 |  -1.3   |  -1.3   |
| 化纤行业 | 002998 | 优彩资源 |  23.7  | 19.8  | -0.8 |  -0.1   |  -1.5   |
| 化纤行业 | 600810 | 神马股份 |  98.9  |  6.7  | -0.8 |   0.5   |   1.7   |
| 化纤行业 | 000782 | 美达股份 |  24.3  | 30.5  | -0.9 |  -1.5   |  -1.3   |
| 化纤行业 | 000949 | 新乡化纤 |  55.3  | 33.8  | -1.1 |   0.5   |   1.9   |
| 化纤行业 | 600346 | 恒力石化 | 1656.0 |  9.8  | -1.1 |   1.6   |   4.1   |
| 化纤行业 | 603225 |  新凤鸣  | 174.2  | 15.3  | -1.5 |  -1.7   |  -3.3   |
| 化纤行业 | 002206 | 海 利 得 |  80.6  | 16.4  | -1.5 |   6.0   |   1.1   |
| 化纤行业 | 300876 | 蒙泰高新 |  21.6  | 35.6  | -1.6 |  -0.6   |  -3.7   |
| 化纤行业 | 601233 | 桐昆股份 | 417.1  |  6.9  | -1.8 |   0.2   |   1.3   |
| 化纤行业 | 000420 | 吉林化纤 | 105.6  | -53.9 | -1.8 |   4.7   |  12.5   |
| 化纤行业 | 688295 | 中复神鹰 | 336.4  | 71.4  | -2.0 |   4.7   |   2.5   |
| 化纤行业 | 002427 | *ST尤夫  |  35.6  | -5.0  | -3.2 |  -4.9   |  -5.5   |
| 化纤行业 | 600063 | 皖维高新 | 142.5  |  8.6  | -3.5 |  -2.5   |   5.0   |
| 化纤行业 | 000703 | 恒逸石化 | 427.1  | 14.6  | -3.9 |   2.4   |  10.0   |
| 化纤行业 | 000301 | 东方盛虹 | 1101.0 | 40.0  | -4.4 |   6.3   |  18.5   |
+----------+--------+----------+--------+-------+------+---------+---------+
