[行业>市值]
+----------+--------+----------+--------+-------+------+---------+---------+
|   行业   |  代码  |   名称   |  市值  |  pe   | 涨幅 | 3日涨幅 | 6日涨幅 |
+----------+--------+----------+--------+-------+------+---------+---------+
| 化肥行业 | 000792 | 盐湖股份 | 1668.0 | 11.9  | -0.6 |  -4.2   |  -1.5   |
| 化肥行业 | 600096 |  云天化  | 574.3  |  8.7  | -9.7 |  -0.2   |  11.6   |
| 化肥行业 | 000408 | 藏格矿业 | 520.0  | 16.0  | -1.9 |  -0.8   |   4.2   |
| 化肥行业 | 600141 | 兴发集团 | 478.7  |  7.0  | -7.4 |   0.1   |   8.1   |
| 化肥行业 | 000893 | 亚钾国际 | 279.8  | 25.0  | -3.8 |  -3.5   |   6.8   |
| 化肥行业 | 002312 | 川发龙蟒 | 238.9  | 21.9  | -4.7 |   4.5   |  13.5   |
| 化肥行业 | 000902 |  新洋丰  | 233.4  | 14.3  | -4.1 |  -2.5   |   5.1   |
| 化肥行业 | 002895 | 川恒股份 | 170.7  | 41.0  | -7.5 |  -10.8  |  -4.3   |
| 化肥行业 | 002539 | 云图控股 | 169.3  |  9.1  | -6.3 |  -7.2   |   2.3   |
| 化肥行业 | 603938 | 三孚股份 | 156.3  | 26.0  | -7.6 |   5.7   |  25.2   |
| 化肥行业 | 002556 | 辉隆股份 | 116.4  | 13.9  | 0.0  |   0.7   |   2.2   |
| 化肥行业 | 600691 | 阳煤化工 | 102.2  | 27.6  | -2.9 |   2.4   |   7.8   |
| 化肥行业 | 002274 | 华昌化工 |  99.3  | 10.2  | -3.2 |  -5.2   |  -0.6   |
| 化肥行业 | 002538 |  司尔特  |  92.4  | 15.0  | -3.1 |   6.2   |  21.7   |
| 化肥行业 | 000912 |  泸天化  |  89.1  | 15.9  | -2.7 |  -2.4   |   2.0   |
| 化肥行业 | 002588 |  史丹利  |  79.7  | 13.3  | -3.0 |  -3.1   |  -1.0   |
| 化肥行业 | 002470 |  ST金正  |  75.9  | -72.8 | -0.9 |  -2.1   |  -1.7   |
| 化肥行业 | 600078 | *ST澄星  |  72.3  | 26.8  | -4.5 |  -6.6   |  -7.4   |
| 化肥行业 | 300505 |  川金诺  |  60.7  | 25.4  | -6.1 |  -2.0   |   6.1   |
| 化肥行业 | 000731 | 四川美丰 |  57.5  |  8.1  | -3.0 |   0.2   |   4.6   |
| 化肥行业 | 002170 | 芭田股份 |  53.1  | 61.1  | -2.9 |  -0.7   |   6.0   |
| 化肥行业 | 600470 | 六国化工 |  42.3  | 15.9  | -4.5 |  -6.3   |   2.1   |
| 化肥行业 | 002999 | 天禾股份 |  26.5  | 47.5  | -3.0 |  -8.5   |  -2.0   |
| 化肥行业 | 300387 | 富邦股份 |  20.3  | 37.7  | -2.4 |  -2.6   |  -3.8   |
| 化肥行业 | 000611 |  天首退  |  3.3   | -10.4 | -1.0 |   4.0   |  -3.7   |
+----------+--------+----------+--------+-------+------+---------+---------+
 




 [行业>单日涨幅]
+----------+--------+----------+--------+-------+------+---------+---------+
|   行业   |  代码  |   名称   |  市值  |  pe   | 涨幅 | 3日涨幅 | 6日涨幅 |
+----------+--------+----------+--------+-------+------+---------+---------+
| 化肥行业 | 002556 | 辉隆股份 | 116.4  | 13.9  | 0.0  |   0.7   |   2.2   |
| 化肥行业 | 000792 | 盐湖股份 | 1668.0 | 11.9  | -0.6 |  -4.2   |  -1.5   |
| 化肥行业 | 002470 |  ST金正  |  75.9  | -72.8 | -0.9 |  -2.1   |  -1.7   |
| 化肥行业 | 000611 |  天首退  |  3.3   | -10.4 | -1.0 |   4.0   |  -3.7   |
| 化肥行业 | 000408 | 藏格矿业 | 520.0  | 16.0  | -1.9 |  -0.8   |   4.2   |
| 化肥行业 | 300387 | 富邦股份 |  20.3  | 37.7  | -2.4 |  -2.6   |  -3.8   |
| 化肥行业 | 000912 |  泸天化  |  89.1  | 15.9  | -2.7 |  -2.4   |   2.0   |
| 化肥行业 | 002170 | 芭田股份 |  53.1  | 61.1  | -2.9 |  -0.7   |   6.0   |
| 化肥行业 | 600691 | 阳煤化工 | 102.2  | 27.6  | -2.9 |   2.4   |   7.8   |
| 化肥行业 | 002588 |  史丹利  |  79.7  | 13.3  | -3.0 |  -3.1   |  -1.0   |
| 化肥行业 | 000731 | 四川美丰 |  57.5  |  8.1  | -3.0 |   0.2   |   4.6   |
| 化肥行业 | 002999 | 天禾股份 |  26.5  | 47.5  | -3.0 |  -8.5   |  -2.0   |
| 化肥行业 | 002538 |  司尔特  |  92.4  | 15.0  | -3.1 |   6.2   |  21.7   |
| 化肥行业 | 002274 | 华昌化工 |  99.3  | 10.2  | -3.2 |  -5.2   |  -0.6   |
| 化肥行业 | 000893 | 亚钾国际 | 279.8  | 25.0  | -3.8 |  -3.5   |   6.8   |
| 化肥行业 | 000902 |  新洋丰  | 233.4  | 14.3  | -4.1 |  -2.5   |   5.1   |
| 化肥行业 | 600470 | 六国化工 |  42.3  | 15.9  | -4.5 |  -6.3   |   2.1   |
| 化肥行业 | 600078 | *ST澄星  |  72.3  | 26.8  | -4.5 |  -6.6   |  -7.4   |
| 化肥行业 | 002312 | 川发龙蟒 | 238.9  | 21.9  | -4.7 |   4.5   |  13.5   |
| 化肥行业 | 300505 |  川金诺  |  60.7  | 25.4  | -6.1 |  -2.0   |   6.1   |
| 化肥行业 | 002539 | 云图控股 | 169.3  |  9.1  | -6.3 |  -7.2   |   2.3   |
| 化肥行业 | 600141 | 兴发集团 | 478.7  |  7.0  | -7.4 |   0.1   |   8.1   |
| 化肥行业 | 002895 | 川恒股份 | 170.7  | 41.0  | -7.5 |  -10.8  |  -4.3   |
| 化肥行业 | 603938 | 三孚股份 | 156.3  | 26.0  | -7.6 |   5.7   |  25.2   |
| 化肥行业 | 600096 |  云天化  | 574.3  |  8.7  | -9.7 |  -0.2   |  11.6   |
+----------+--------+----------+--------+-------+------+---------+---------+
