[行业>市值]
+----------+--------+----------+-------+--------+------+---------+---------+
|   行业   |  代码  |   名称   | 市值  |   pe   | 涨幅 | 3日涨幅 | 6日涨幅 |
+----------+--------+----------+-------+--------+------+---------+---------+
| 多元金融 | 000617 | 中油资本 | 639.7 |  9.3   | 1.8  |   3.3   |   5.2   |
| 多元金融 | 000987 | 越秀金控 | 349.0 |  14.9  | 9.9  |  14.5   |  18.1   |
| 多元金融 | 600705 | 中航产融 | 324.7 | 708.6  | 2.0  |   3.4   |   6.4   |
| 多元金融 | 600927 | 永安期货 | 318.5 | 244.3  | 1.2  |   9.5   |  11.3   |
| 多元金融 | 600816 |  ST安信  | 234.6 | -12.3  | 0.9  |  -1.6   |   1.7   |
| 多元金融 | 600390 | 五矿资本 | 234.3 |  8.3   | 4.0  |   4.2   |   8.1   |
| 多元金融 | 002423 | 中粮资本 | 166.1 | -12.1  | 2.0  |   2.3   |   1.8   |
| 多元金融 | 600901 | 江苏租赁 | 155.3 |  6.3   | 0.4  |   3.2   |   5.0   |
| 多元金融 | 000567 | 海德股份 | 142.3 |  27.9  | -3.4 |   0.3   |   1.5   |
| 多元金融 | 000415 | 渤海租赁 | 139.2 |  -4.7  | 2.7  |   3.7   |   5.1   |
| 多元金融 | 000563 | 陕国投Ａ  | 132.4 |  18.8  | 5.7  |   7.4   |  10.2   |
| 多元金融 | 600120 | 浙江东方 | 117.9 |  73.8  | 1.2  |   3.3   |   4.4   |
| 多元金融 | 600643 | 爱建集团 | 104.1 |  8.7   | 2.7  |   3.5   |   5.8   |
| 多元金融 | 002961 | 瑞达期货 | 81.9  |  21.5  | 3.7  |   7.2   |   9.1   |
| 多元金融 | 000046 | 泛海控股 | 80.0  |  -2.5  | 3.4  |   5.5   |   3.4   |
| 多元金融 | 600053 | 九鼎投资 | 78.3  |  44.1  | 3.7  |   3.6   |   6.9   |
| 多元金融 | 603093 | 南华期货 | 69.2  |  61.6  | 2.6  |   7.4   |   9.1   |
| 多元金融 | 000666 | 经纬纺机 | 63.4  |  11.7  | 0.1  |   3.6   |   2.7   |
| 多元金融 | 600318 | 新力金融 | 44.2  | 481.9  | 4.3  |  13.1   |  21.2   |
| 多元金融 | 002647 | 仁东控股 | 38.6  | -46.8  | 2.7  |   1.9   |   3.5   |
| 多元金融 | 600830 | 香溢融通 | 28.1  |  58.6  | 2.0  |   3.0   |   1.5   |
| 多元金融 | 000416 | 民生控股 | 21.3  | -114.7 | 4.2  |   9.3   |  10.8   |
| 多元金融 | 600599 |  ST熊猫  | 16.9  |  11.7  | -2.4 |  -1.9   |  -1.6   |
| 多元金融 | 300309 | *ST吉艾  | 16.5  |  -3.7  | -2.1 |   0.0   |   8.8   |
| 多元金融 | 600139 | *ST西源  | 13.8  |  -9.4  | 0.0  |  -0.9   |  -0.5   |
| 多元金融 | 600093 | 退市易见 |  5.2  |  -1.1  | 4.5  |  15.0   |  12.2   |
+----------+--------+----------+-------+--------+------+---------+---------+
 




 [行业>单日涨幅]
+----------+--------+----------+-------+--------+------+---------+---------+
|   行业   |  代码  |   名称   | 市值  |   pe   | 涨幅 | 3日涨幅 | 6日涨幅 |
+----------+--------+----------+-------+--------+------+---------+---------+
| 多元金融 | 000987 | 越秀金控 | 349.0 |  14.9  | 9.9  |  14.5   |  18.1   |
| 多元金融 | 000563 | 陕国投Ａ  | 132.4 |  18.8  | 5.7  |   7.4   |  10.2   |
| 多元金融 | 600093 | 退市易见 |  5.2  |  -1.1  | 4.5  |  15.0   |  12.2   |
| 多元金融 | 600318 | 新力金融 | 44.2  | 481.9  | 4.3  |  13.1   |  21.2   |
| 多元金融 | 000416 | 民生控股 | 21.3  | -114.7 | 4.2  |   9.3   |  10.8   |
| 多元金融 | 600390 | 五矿资本 | 234.3 |  8.3   | 4.0  |   4.2   |   8.1   |
| 多元金融 | 600053 | 九鼎投资 | 78.3  |  44.1  | 3.7  |   3.6   |   6.9   |
| 多元金融 | 002961 | 瑞达期货 | 81.9  |  21.5  | 3.7  |   7.2   |   9.1   |
| 多元金融 | 000046 | 泛海控股 | 80.0  |  -2.5  | 3.4  |   5.5   |   3.4   |
| 多元金融 | 000415 | 渤海租赁 | 139.2 |  -4.7  | 2.7  |   3.7   |   5.1   |
| 多元金融 | 600643 | 爱建集团 | 104.1 |  8.7   | 2.7  |   3.5   |   5.8   |
| 多元金融 | 002647 | 仁东控股 | 38.6  | -46.8  | 2.7  |   1.9   |   3.5   |
| 多元金融 | 603093 | 南华期货 | 69.2  |  61.6  | 2.6  |   7.4   |   9.1   |
| 多元金融 | 002423 | 中粮资本 | 166.1 | -12.1  | 2.0  |   2.3   |   1.8   |
| 多元金融 | 600830 | 香溢融通 | 28.1  |  58.6  | 2.0  |   3.0   |   1.5   |
| 多元金融 | 600705 | 中航产融 | 324.7 | 708.6  | 2.0  |   3.4   |   6.4   |
| 多元金融 | 000617 | 中油资本 | 639.7 |  9.3   | 1.8  |   3.3   |   5.2   |
| 多元金融 | 600120 | 浙江东方 | 117.9 |  73.8  | 1.2  |   3.3   |   4.4   |
| 多元金融 | 600927 | 永安期货 | 318.5 | 244.3  | 1.2  |   9.5   |  11.3   |
| 多元金融 | 600816 |  ST安信  | 234.6 | -12.3  | 0.9  |  -1.6   |   1.7   |
| 多元金融 | 600901 | 江苏租赁 | 155.3 |  6.3   | 0.4  |   3.2   |   5.0   |
| 多元金融 | 000666 | 经纬纺机 | 63.4  |  11.7  | 0.1  |   3.6   |   2.7   |
| 多元金融 | 600139 | *ST西源  | 13.8  |  -9.4  | 0.0  |  -0.9   |  -0.5   |
| 多元金融 | 300309 | *ST吉艾  | 16.5  |  -3.7  | -2.1 |   0.0   |   8.8   |
| 多元金融 | 600599 |  ST熊猫  | 16.9  |  11.7  | -2.4 |  -1.9   |  -1.6   |
| 多元金融 | 000567 | 海德股份 | 142.3 |  27.9  | -3.4 |   0.3   |   1.5   |
+----------+--------+----------+-------+--------+------+---------+---------+
