[行业>市值]
+----------+--------+----------+--------+--------+------+---------+---------+
|   行业   |  代码  |   名称   |  市值  |   pe   | 涨幅 | 3日涨幅 | 6日涨幅 |
+----------+--------+----------+--------+--------+------+---------+---------+
| 工程机械 | 600031 | 三一重工 | 1554.0 |  24.4  | 0.3  |   8.9   |   7.3   |
| 工程机械 | 601100 | 恒立液压 | 764.4  |  36.2  | 1.1  |   9.2   |   9.2   |
| 工程机械 | 000157 | 中联重科 | 533.7  |  14.7  | 0.8  |   2.8   |   1.6   |
| 工程机械 | 000425 | 徐工机械 | 420.7  |  7.5   | 0.4  |   1.9   |   1.3   |
| 工程机械 | 603338 | 浙江鼎力 | 249.0  |  31.8  | 4.6  |   4.8   |   2.5   |
| 工程机械 | 688425 | 铁建重工 | 230.9  |  15.3  | 2.4  |   0.5   |   0.9   |
| 工程机械 | 603638 | 艾迪精密 | 160.1  |  55.3  | 0.8  |   1.3   |   0.1   |
| 工程机械 | 000528 | 柳    工 | 127.9  |  12.6  | -0.5 |   1.9   |   2.5   |
| 工程机械 | 603298 | 杭叉集团 | 113.5  |  14.9  | 0.6  |  -3.0   |  -4.9   |
| 工程机械 | 600761 | 安徽合力 |  77.9  |  10.1  | -0.2 |   0.4   |   2.2   |
| 工程机械 | 600984 | 建设机械 |  75.0  | -34.8  | 3.2  |   4.6   |   3.7   |
| 工程机械 | 002204 | 大连重工 |  74.7  |  26.7  | -1.0 |  -0.3   |  -2.5   |
| 工程机械 | 000680 | 山推股份 |  74.0  |  5.1   | -2.4 |   1.9   |   1.6   |
| 工程机械 | 002097 | 山河智能 |  71.3  | -36.4  | -0.8 |   0.1   |   0.0   |
| 工程机械 | 605305 | 中际联合 |  64.8  |  36.8  | -2.4 |  -4.9   |  -4.0   |
| 工程机械 | 600375 | 汉马科技 |  62.0  |  -9.6  | 10.0 |  19.2   |  21.5   |
| 工程机械 | 601226 | 华电重工 |  56.8  | -13.0  | -0.6 |  -2.6   |  -4.7   |
| 工程机械 | 600817 | 宇通重工 |  51.4  |  15.1  | -1.8 |   5.0   |   0.2   |
| 工程机械 | 600815 | 厦工股份 |  50.7  | -663.5 | -1.0 |  -0.3   |  -3.0   |
| 工程机械 | 603611 | 诺力股份 |  42.4  |  14.7  | -0.6 |   0.1   |   0.8   |
| 工程机械 | 300718 | 长盛轴承 |  38.6  |  31.9  | 0.0  |   0.9   |  -0.3   |
| 工程机械 | 605389 | 长龄液压 |  34.1  |  20.2  | 1.1  |  -0.7   |  -2.8   |
| 工程机械 | 301040 | 中环海陆 |  27.4  |  40.2  | -3.0 |  -4.5   |  -10.7  |
| 工程机械 | 002272 | 川润股份 |  24.1  |  62.1  | -4.2 |  -5.5   |   4.5   |
| 工程机械 | 001288 | 运机集团 |  22.8  |  27.0  | 0.3  |  -0.1   |  -3.1   |
| 工程机械 | 300201 | *ST海伦  |  21.1  |  16.2  | 1.0  |  -2.4   |  -5.6   |
| 工程机械 | 300022 | 吉峰科技 |  18.8  | -224.8 | -0.4 |   0.8   |  -1.4   |
+----------+--------+----------+--------+--------+------+---------+---------+
 




 [行业>单日涨幅]
+----------+--------+----------+--------+--------+------+---------+---------+
|   行业   |  代码  |   名称   |  市值  |   pe   | 涨幅 | 3日涨幅 | 6日涨幅 |
+----------+--------+----------+--------+--------+------+---------+---------+
| 工程机械 | 600375 | 汉马科技 |  62.0  |  -9.6  | 10.0 |  19.2   |  21.5   |
| 工程机械 | 603338 | 浙江鼎力 | 249.0  |  31.8  | 4.6  |   4.8   |   2.5   |
| 工程机械 | 600984 | 建设机械 |  75.0  | -34.8  | 3.2  |   4.6   |   3.7   |
| 工程机械 | 688425 | 铁建重工 | 230.9  |  15.3  | 2.4  |   0.5   |   0.9   |
| 工程机械 | 601100 | 恒立液压 | 764.4  |  36.2  | 1.1  |   9.2   |   9.2   |
| 工程机械 | 605389 | 长龄液压 |  34.1  |  20.2  | 1.1  |  -0.7   |  -2.8   |
| 工程机械 | 300201 | *ST海伦  |  21.1  |  16.2  | 1.0  |  -2.4   |  -5.6   |
| 工程机械 | 000157 | 中联重科 | 533.7  |  14.7  | 0.8  |   2.8   |   1.6   |
| 工程机械 | 603638 | 艾迪精密 | 160.1  |  55.3  | 0.8  |   1.3   |   0.1   |
| 工程机械 | 603298 | 杭叉集团 | 113.5  |  14.9  | 0.6  |  -3.0   |  -4.9   |
| 工程机械 | 000425 | 徐工机械 | 420.7  |  7.5   | 0.4  |   1.9   |   1.3   |
| 工程机械 | 001288 | 运机集团 |  22.8  |  27.0  | 0.3  |  -0.1   |  -3.1   |
| 工程机械 | 600031 | 三一重工 | 1554.0 |  24.4  | 0.3  |   8.9   |   7.3   |
| 工程机械 | 300718 | 长盛轴承 |  38.6  |  31.9  | 0.0  |   0.9   |  -0.3   |
| 工程机械 | 600761 | 安徽合力 |  77.9  |  10.1  | -0.2 |   0.4   |   2.2   |
| 工程机械 | 300022 | 吉峰科技 |  18.8  | -224.8 | -0.4 |   0.8   |  -1.4   |
| 工程机械 | 000528 | 柳    工 | 127.9  |  12.6  | -0.5 |   1.9   |   2.5   |
| 工程机械 | 601226 | 华电重工 |  56.8  | -13.0  | -0.6 |  -2.6   |  -4.7   |
| 工程机械 | 603611 | 诺力股份 |  42.4  |  14.7  | -0.6 |   0.1   |   0.8   |
| 工程机械 | 002097 | 山河智能 |  71.3  | -36.4  | -0.8 |   0.1   |   0.0   |
| 工程机械 | 002204 | 大连重工 |  74.7  |  26.7  | -1.0 |  -0.3   |  -2.5   |
| 工程机械 | 600815 | 厦工股份 |  50.7  | -663.5 | -1.0 |  -0.3   |  -3.0   |
| 工程机械 | 600817 | 宇通重工 |  51.4  |  15.1  | -1.8 |   5.0   |   0.2   |
| 工程机械 | 605305 | 中际联合 |  64.8  |  36.8  | -2.4 |  -4.9   |  -4.0   |
| 工程机械 | 000680 | 山推股份 |  74.0  |  5.1   | -2.4 |   1.9   |   1.6   |
| 工程机械 | 301040 | 中环海陆 |  27.4  |  40.2  | -3.0 |  -4.5   |  -10.7  |
| 工程机械 | 002272 | 川润股份 |  24.1  |  62.1  | -4.2 |  -5.5   |   4.5   |
+----------+--------+----------+--------+--------+------+---------+---------+
