[行业>市值]
+----------+--------+----------+-------+--------+------+---------+---------+
|   行业   |  代码  |   名称   | 市值  |   pe   | 涨幅 | 3日涨幅 | 6日涨幅 |
+----------+--------+----------+-------+--------+------+---------+---------+
| 橡胶制品 | 601058 | 赛轮轮胎 | 347.7 |  27.0  | -1.7 |   2.2   |  -0.4   |
| 橡胶制品 | 601966 | 玲珑轮胎 | 328.8 | -89.5  | 0.4  |   8.4   |   6.1   |
| 橡胶制品 | 000887 | 中鼎股份 | 242.6 |  24.2  | -2.2 |   7.8   |  15.0   |
| 橡胶制品 | 601118 | 海南橡胶 | 203.3 | -179.5 | -1.0 |  -2.1   |   1.1   |
| 橡胶制品 | 002984 |  森麒麟  | 200.7 |  21.5  | 2.5  |   1.7   |   1.4   |
| 橡胶制品 | 603650 | 彤程新材 | 173.3 |  60.2  | -0.9 |   0.3   |  -1.6   |
| 橡胶制品 | 603033 | 三维股份 | 166.8 |  85.7  | -2.3 |  -6.5   |   7.5   |
| 橡胶制品 | 300767 | 震安科技 | 153.1 | 117.6  | 4.6  |   3.2   |  14.1   |
| 橡胶制品 | 300587 | 天铁股份 | 113.3 |  24.4  | 0.4  |   6.8   |  10.8   |
| 橡胶制品 | 002068 | 黑猫股份 | 108.0 | -258.9 | -4.2 |  11.9   |  10.4   |
| 橡胶制品 | 601163 | 三角轮胎 | 93.9  |  40.2  | 1.3  |   2.3   |   0.5   |
| 橡胶制品 | 600480 | 凌云股份 | 81.3  |  22.2  | -2.4 |  -1.6   |   0.2   |
| 橡胶制品 | 300320 | 海达股份 | 79.3  |  49.2  | -1.4 |  13.1   |  10.9   |
| 橡胶制品 | 605183 | 确成股份 | 78.3  |  23.4  | -2.3 |   1.2   |  -0.2   |
| 橡胶制品 | 000589 | 贵州轮胎 | 48.5  |  21.6  | -1.9 |  -0.5   |  -2.1   |
| 橡胶制品 | 601500 | 通用股份 | 47.6  | 160.5  | -1.3 |  -0.2   |   0.9   |
| 橡胶制品 | 600182 | S*ST佳通 | 42.6  | 265.1  | 2.3  |  12.5   |  12.2   |
| 橡胶制品 | 300121 | 阳谷华泰 | 40.8  |  9.0   | -0.6 |   3.8   |   4.9   |
| 橡胶制品 | 600469 | 风神股份 | 37.1  | -22.5  | -6.6 |  -6.6   |   4.8   |
| 橡胶制品 | 000599 | 青岛双星 | 34.8  |  -6.0  | -2.1 |  -12.9  |  -19.8  |
| 橡胶制品 | 300547 | 川环科技 | 33.9  |  40.3  | 0.1  |   5.6   |   8.5   |
| 橡胶制品 | 002224 | 三 力 士 | 33.0  | -152.5 | -0.7 |   0.0   |   0.0   |
| 橡胶制品 | 001207 | 联科科技 | 29.6  |  31.1  | -1.8 |   0.4   |  -0.5   |
| 橡胶制品 | 002753 | 永东股份 | 28.4  |  67.2  | -1.3 |   0.1   |  -1.3   |
| 橡胶制品 | 002442 | 龙星化工 | 26.3  |  57.5  | -2.5 |   1.3   |   0.2   |
| 橡胶制品 | 002381 | 双箭股份 | 25.5  |  19.6  | -0.6 |   0.5   |  -0.8   |
| 橡胶制品 | 300731 | 科创新源 | 20.8  | -46.7  | -1.6 |  -1.4   |  -3.9   |
| 橡胶制品 | 301233 | 盛帮股份 |  0.0  |  0.0   | 0.0  |   0.0   |   0.0   |
+----------+--------+----------+-------+--------+------+---------+---------+
 




 [行业>单日涨幅]
+----------+--------+----------+-------+--------+------+---------+---------+
|   行业   |  代码  |   名称   | 市值  |   pe   | 涨幅 | 3日涨幅 | 6日涨幅 |
+----------+--------+----------+-------+--------+------+---------+---------+
| 橡胶制品 | 300767 | 震安科技 | 153.1 | 117.6  | 4.6  |   3.2   |  14.1   |
| 橡胶制品 | 002984 |  森麒麟  | 200.7 |  21.5  | 2.5  |   1.7   |   1.4   |
| 橡胶制品 | 600182 | S*ST佳通 | 42.6  | 265.1  | 2.3  |  12.5   |  12.2   |
| 橡胶制品 | 601163 | 三角轮胎 | 93.9  |  40.2  | 1.3  |   2.3   |   0.5   |
| 橡胶制品 | 300587 | 天铁股份 | 113.3 |  24.4  | 0.4  |   6.8   |  10.8   |
| 橡胶制品 | 601966 | 玲珑轮胎 | 328.8 | -89.5  | 0.4  |   8.4   |   6.1   |
| 橡胶制品 | 300547 | 川环科技 | 33.9  |  40.3  | 0.1  |   5.6   |   8.5   |
| 橡胶制品 | 301233 | 盛帮股份 |  0.0  |  0.0   | 0.0  |   0.0   |   0.0   |
| 橡胶制品 | 300121 | 阳谷华泰 | 40.8  |  9.0   | -0.6 |   3.8   |   4.9   |
| 橡胶制品 | 002381 | 双箭股份 | 25.5  |  19.6  | -0.6 |   0.5   |  -0.8   |
| 橡胶制品 | 002224 | 三 力 士 | 33.0  | -152.5 | -0.7 |   0.0   |   0.0   |
| 橡胶制品 | 603650 | 彤程新材 | 173.3 |  60.2  | -0.9 |   0.3   |  -1.6   |
| 橡胶制品 | 601118 | 海南橡胶 | 203.3 | -179.5 | -1.0 |  -2.1   |   1.1   |
| 橡胶制品 | 002753 | 永东股份 | 28.4  |  67.2  | -1.3 |   0.1   |  -1.3   |
| 橡胶制品 | 601500 | 通用股份 | 47.6  | 160.5  | -1.3 |  -0.2   |   0.9   |
| 橡胶制品 | 300320 | 海达股份 | 79.3  |  49.2  | -1.4 |  13.1   |  10.9   |
| 橡胶制品 | 300731 | 科创新源 | 20.8  | -46.7  | -1.6 |  -1.4   |  -3.9   |
| 橡胶制品 | 601058 | 赛轮轮胎 | 347.7 |  27.0  | -1.7 |   2.2   |  -0.4   |
| 橡胶制品 | 001207 | 联科科技 | 29.6  |  31.1  | -1.8 |   0.4   |  -0.5   |
| 橡胶制品 | 000589 | 贵州轮胎 | 48.5  |  21.6  | -1.9 |  -0.5   |  -2.1   |
| 橡胶制品 | 000599 | 青岛双星 | 34.8  |  -6.0  | -2.1 |  -12.9  |  -19.8  |
| 橡胶制品 | 000887 | 中鼎股份 | 242.6 |  24.2  | -2.2 |   7.8   |  15.0   |
| 橡胶制品 | 603033 | 三维股份 | 166.8 |  85.7  | -2.3 |  -6.5   |   7.5   |
| 橡胶制品 | 605183 | 确成股份 | 78.3  |  23.4  | -2.3 |   1.2   |  -0.2   |
| 橡胶制品 | 600480 | 凌云股份 | 81.3  |  22.2  | -2.4 |  -1.6   |   0.2   |
| 橡胶制品 | 002442 | 龙星化工 | 26.3  |  57.5  | -2.5 |   1.3   |   0.2   |
| 橡胶制品 | 002068 | 黑猫股份 | 108.0 | -258.9 | -4.2 |  11.9   |  10.4   |
| 橡胶制品 | 600469 | 风神股份 | 37.1  | -22.5  | -6.6 |  -6.6   |   4.8   |
+----------+--------+----------+-------+--------+------+---------+---------+
