[行业>市值]
+----------+--------+----------+--------+-------+------+---------+---------+
|   行业   |  代码  |   名称   |  市值  |  pe   | 涨幅 | 3日涨幅 | 6日涨幅 |
+----------+--------+----------+--------+-------+------+---------+---------+
| 汽车整车 | 002594 |  比亚迪  | 9752.0 | 301.6 | -2.5 |  -4.0   |   6.4   |
| 汽车整车 | 601633 | 长城汽车 | 3652.0 | 55.9  | -4.3 |   8.0   |  12.4   |
| 汽车整车 | 600104 | 上汽集团 | 2132.0 |  9.7  | -0.2 |   4.0   |   5.9   |
| 汽车整车 | 601238 | 广汽集团 | 1809.0 | 15.0  | 0.6  |   7.5   |  10.1   |
| 汽车整车 | 000625 | 长安汽车 | 1421.0 |  7.8  | -0.4 |  19.4   |  21.9   |
| 汽车整车 | 601127 | 小康股份 | 907.6  | -27.1 | -0.4 |  -6.7   |   0.2   |
| 汽车整车 | 000800 | 一汽解放 | 509.2  | 28.1  | -0.2 |  20.9   |  22.8   |
| 汽车整车 | 600733 | 北汽蓝谷 | 386.7  | -10.1 | 0.1  |  13.0   |  14.3   |
| 汽车整车 | 600418 | 江淮汽车 | 304.7  | -26.2 | 4.7  |  13.6   |  15.3   |
| 汽车整车 | 601777 | 力帆科技 | 236.7  | 116.4 | -3.7 |   1.4   |  13.6   |
| 汽车整车 | 301039 | 中集车辆 | 212.0  | 42.6  | -2.0 |   1.7   |  -3.7   |
| 汽车整车 | 000980 |  ST众泰  | 194.1  | -31.0 | -4.5 |   5.2   |   3.8   |
| 汽车整车 | 600166 | 福田汽车 | 185.4  | 34.2  | -1.7 |   5.2   |   5.2   |
| 汽车整车 | 600066 | 宇通客车 | 184.2  | -39.8 | -0.8 |   3.4   |   3.7   |
| 汽车整车 | 600006 | 东风汽车 | 166.2  | 35.0  | -7.0 |   0.1   |  -10.3  |
| 汽车整车 | 000951 | 中国重汽 | 150.4  | 30.3  | 1.8  |   5.0   |   2.4   |
| 汽车整车 | 000550 | 江铃汽车 | 136.6  | 17.6  | -3.5 |   4.3   |   2.1   |
| 汽车整车 | 000957 | 中通客车 | 104.7  | -74.2 | 5.4  |  11.8   |  10.4   |
| 汽车整车 | 000572 | 海马汽车 | 103.3  | -42.4 | -4.7 |  -0.2   |  12.5   |
| 汽车整车 | 600686 | 金龙汽车 |  46.4  | 299.2 | -1.4 |   4.0   |   1.4   |
| 汽车整车 | 000868 | 安凯客车 |  38.6  | -24.1 | -2.2 |   1.4   |  -8.0   |
| 汽车整车 | 600213 | 亚星客车 |  23.8  | -13.7 | -2.6 |   0.4   |  -2.6   |
| 汽车整车 | 600303 |  ST曙光  |  22.4  | -17.1 | -1.8 |  -0.9   |  -1.8   |
+----------+--------+----------+--------+-------+------+---------+---------+
 




 [行业>单日涨幅]
+----------+--------+----------+--------+-------+------+---------+---------+
|   行业   |  代码  |   名称   |  市值  |  pe   | 涨幅 | 3日涨幅 | 6日涨幅 |
+----------+--------+----------+--------+-------+------+---------+---------+
| 汽车整车 | 000957 | 中通客车 | 104.7  | -74.2 | 5.4  |  11.8   |  10.4   |
| 汽车整车 | 600418 | 江淮汽车 | 304.7  | -26.2 | 4.7  |  13.6   |  15.3   |
| 汽车整车 | 000951 | 中国重汽 | 150.4  | 30.3  | 1.8  |   5.0   |   2.4   |
| 汽车整车 | 601238 | 广汽集团 | 1809.0 | 15.0  | 0.6  |   7.5   |  10.1   |
| 汽车整车 | 600733 | 北汽蓝谷 | 386.7  | -10.1 | 0.1  |  13.0   |  14.3   |
| 汽车整车 | 600104 | 上汽集团 | 2132.0 |  9.7  | -0.2 |   4.0   |   5.9   |
| 汽车整车 | 000800 | 一汽解放 | 509.2  | 28.1  | -0.2 |  20.9   |  22.8   |
| 汽车整车 | 000625 | 长安汽车 | 1421.0 |  7.8  | -0.4 |  19.4   |  21.9   |
| 汽车整车 | 601127 | 小康股份 | 907.6  | -27.1 | -0.4 |  -6.7   |   0.2   |
| 汽车整车 | 600066 | 宇通客车 | 184.2  | -39.8 | -0.8 |   3.4   |   3.7   |
| 汽车整车 | 600686 | 金龙汽车 |  46.4  | 299.2 | -1.4 |   4.0   |   1.4   |
| 汽车整车 | 600166 | 福田汽车 | 185.4  | 34.2  | -1.7 |   5.2   |   5.2   |
| 汽车整车 | 600303 |  ST曙光  |  22.4  | -17.1 | -1.8 |  -0.9   |  -1.8   |
| 汽车整车 | 301039 | 中集车辆 | 212.0  | 42.6  | -2.0 |   1.7   |  -3.7   |
| 汽车整车 | 000868 | 安凯客车 |  38.6  | -24.1 | -2.2 |   1.4   |  -8.0   |
| 汽车整车 | 002594 |  比亚迪  | 9752.0 | 301.6 | -2.5 |  -4.0   |   6.4   |
| 汽车整车 | 600213 | 亚星客车 |  23.8  | -13.7 | -2.6 |   0.4   |  -2.6   |
| 汽车整车 | 000550 | 江铃汽车 | 136.6  | 17.6  | -3.5 |   4.3   |   2.1   |
| 汽车整车 | 601777 | 力帆科技 | 236.7  | 116.4 | -3.7 |   1.4   |  13.6   |
| 汽车整车 | 601633 | 长城汽车 | 3652.0 | 55.9  | -4.3 |   8.0   |  12.4   |
| 汽车整车 | 000980 |  ST众泰  | 194.1  | -31.0 | -4.5 |   5.2   |   3.8   |
| 汽车整车 | 000572 | 海马汽车 | 103.3  | -42.4 | -4.7 |  -0.2   |  12.5   |
| 汽车整车 | 600006 | 东风汽车 | 166.2  | 35.0  | -7.0 |   0.1   |  -10.3  |
+----------+--------+----------+--------+-------+------+---------+---------+
