[行业>市值]
+------------+--------+----------+-------+--------+------+---------+---------+
|    行业    |  代码  |   名称   | 市值  |   pe   | 涨幅 | 3日涨幅 | 6日涨幅 |
+------------+--------+----------+-------+--------+------+---------+---------+
| 电子化学品 | 002643 | 万润股份 | 183.3 |  19.7  | -0.3 |   2.5   |   1.5   |
| 电子化学品 | 300054 | 鼎龙股份 | 176.0 |  61.7  | -0.5 |  -3.7   |  -6.0   |
| 电子化学品 | 300346 | 南大光电 | 169.1 |  52.4  | 1.8  |   1.3   |   0.7   |
| 电子化学品 | 688019 | 安集科技 | 152.2 |  96.1  | 0.6  |  -7.6   |  -7.4   |
| 电子化学品 | 300398 | 飞凯材料 | 113.7 |  20.5  | 0.9  |   1.8   |   4.0   |
| 电子化学品 | 300655 | 晶瑞电材 | 100.6 |  78.7  | 1.4  |   2.4   |   3.0   |
| 电子化学品 | 300236 | 上海新阳 | 94.9  | -174.4 | 1.2  |   0.2   |  -1.0   |
| 电子化学品 | 688106 | 金宏气体 | 92.7  |  59.6  | -1.7 |  -1.1   |  -4.5   |
| 电子化学品 | 688268 | 华特气体 | 81.8  |  52.2  | 0.0  |  -4.0   |  -2.2   |
| 电子化学品 | 688550 | 瑞联新材 | 73.8  |  23.1  | -0.1 |   2.3   |  -0.3   |
| 电子化学品 | 300481 | 濮阳惠成 | 68.4  |  20.4  | -0.1 |   1.7   |   3.4   |
| 电子化学品 | 002741 | 光华科技 | 67.7  |  48.0  | -2.1 |   0.8   |   0.6   |
| 电子化学品 | 603078 |  江化微  | 61.4  |  46.5  | -0.5 |  -3.3   |   0.8   |
| 电子化学品 | 300576 | 容大感光 | 54.1  | 130.8  | 0.9  |   2.4   |   2.2   |
| 电子化学品 | 300429 | 强力新材 | 46.1  |  46.1  | -0.3 |   0.6   |  -1.4   |
| 电子化学品 | 002584 | 西陇科学 | 44.1  |  13.2  | -0.7 |  -0.5   |  -2.7   |
| 电子化学品 | 603931 |  格林达  | 38.2  |  24.2  | -1.2 |  -1.2   |  -2.8   |
| 电子化学品 | 688359 | 三孚新科 | 35.1  | -147.6 | -2.7 |   0.9   |  -1.7   |
| 电子化学品 | 300446 | 乐凯新材 | 24.8  | 390.7  | -1.3 |  -7.8   |  -8.4   |
| 电子化学品 | 300537 | 广信材料 | 21.5  | -46.7  | -0.9 |   0.7   |  -1.5   |
| 电子化学品 | 300637 | 扬帆新材 | 16.6  |  35.8  | -0.1 |  -0.3   |  -2.2   |
+------------+--------+----------+-------+--------+------+---------+---------+
 




 [行业>单日涨幅]
+------------+--------+----------+-------+--------+------+---------+---------+
|    行业    |  代码  |   名称   | 市值  |   pe   | 涨幅 | 3日涨幅 | 6日涨幅 |
+------------+--------+----------+-------+--------+------+---------+---------+
| 电子化学品 | 300346 | 南大光电 | 169.1 |  52.4  | 1.8  |   1.3   |   0.7   |
| 电子化学品 | 300655 | 晶瑞电材 | 100.6 |  78.7  | 1.4  |   2.4   |   3.0   |
| 电子化学品 | 300236 | 上海新阳 | 94.9  | -174.4 | 1.2  |   0.2   |  -1.0   |
| 电子化学品 | 300576 | 容大感光 | 54.1  | 130.8  | 0.9  |   2.4   |   2.2   |
| 电子化学品 | 300398 | 飞凯材料 | 113.7 |  20.5  | 0.9  |   1.8   |   4.0   |
| 电子化学品 | 688019 | 安集科技 | 152.2 |  96.1  | 0.6  |  -7.6   |  -7.4   |
| 电子化学品 | 688268 | 华特气体 | 81.8  |  52.2  | 0.0  |  -4.0   |  -2.2   |
| 电子化学品 | 688550 | 瑞联新材 | 73.8  |  23.1  | -0.1 |   2.3   |  -0.3   |
| 电子化学品 | 300481 | 濮阳惠成 | 68.4  |  20.4  | -0.1 |   1.7   |   3.4   |
| 电子化学品 | 300637 | 扬帆新材 | 16.6  |  35.8  | -0.1 |  -0.3   |  -2.2   |
| 电子化学品 | 300429 | 强力新材 | 46.1  |  46.1  | -0.3 |   0.6   |  -1.4   |
| 电子化学品 | 002643 | 万润股份 | 183.3 |  19.7  | -0.3 |   2.5   |   1.5   |
| 电子化学品 | 300054 | 鼎龙股份 | 176.0 |  61.7  | -0.5 |  -3.7   |  -6.0   |
| 电子化学品 | 603078 |  江化微  | 61.4  |  46.5  | -0.5 |  -3.3   |   0.8   |
| 电子化学品 | 002584 | 西陇科学 | 44.1  |  13.2  | -0.7 |  -0.5   |  -2.7   |
| 电子化学品 | 300537 | 广信材料 | 21.5  | -46.7  | -0.9 |   0.7   |  -1.5   |
| 电子化学品 | 603931 |  格林达  | 38.2  |  24.2  | -1.2 |  -1.2   |  -2.8   |
| 电子化学品 | 300446 | 乐凯新材 | 24.8  | 390.7  | -1.3 |  -7.8   |  -8.4   |
| 电子化学品 | 688106 | 金宏气体 | 92.7  |  59.6  | -1.7 |  -1.1   |  -4.5   |
| 电子化学品 | 002741 | 光华科技 | 67.7  |  48.0  | -2.1 |   0.8   |   0.6   |
| 电子化学品 | 688359 | 三孚新科 | 35.1  | -147.6 | -2.7 |   0.9   |  -1.7   |
+------------+--------+----------+-------+--------+------+---------+---------+
