[行业>市值]
+----------+--------+----------+-------+--------+------+---------+---------+
|   行业   |  代码  |   名称   | 市值  |   pe   | 涨幅 | 3日涨幅 | 6日涨幅 |
+----------+--------+----------+-------+--------+------+---------+---------+
| 电源设备 | 601727 | 上海电气 | 640.3 | 1266.5 | -0.2 |  -0.5   |  -1.2   |
| 电源设备 | 600875 | 东方电气 | 494.4 |  13.3  | -1.9 |   5.2   |   7.1   |
| 电源设备 | 300376 |  易事特  | 172.9 |  43.8  | -1.8 |  -3.6   |   0.7   |
| 电源设备 | 002518 |  科士达  | 149.9 |  69.0  | 1.2  |  14.4   |  15.0   |
| 电源设备 | 300593 |  新雷能  | 142.1 |  40.9  | 0.0  |  -5.6   |  -0.1   |
| 电源设备 | 002851 | 麦格米特 | 123.4 |  42.0  | 3.8  |  19.8   |  16.3   |
| 电源设备 | 002335 | 科华数据 | 120.6 |  30.7  | -3.0 |  -0.1   |   4.8   |
| 电源设备 | 002534 | 西子洁能 | 103.1 |  64.2  | -0.6 |  -4.1   |  -5.4   |
| 电源设备 | 300820 | 英杰电气 | 90.4  |  41.9  | -3.3 |  -0.7   |  -1.9   |
| 电源设备 | 002665 | 首航高科 | 78.2  | -36.3  | -1.9 |  -2.8   |  -3.5   |
| 电源设备 | 600475 | 华光环能 | 76.3  |  9.2   | -1.7 |  -3.9   |  -2.9   |
| 电源设备 | 300693 | 盛弘股份 | 52.2  |  56.8  | 0.4  |   1.3   |   2.5   |
| 电源设备 | 002630 | 华西能源 | 45.2  |  -7.3  | -9.9 |  -9.2   |  20.8   |
| 电源设备 | 002255 | 海陆重工 | 43.6  |  33.4  | -3.2 |  -5.8   |   3.0   |
| 电源设备 | 300870 |  欧陆通  | 41.4  | -35.2  | -0.1 |  -2.5   |  -6.3   |
| 电源设备 | 002364 | 中恒电气 | 40.9  | 179.9  | -1.4 |  -1.6   |   0.6   |
| 电源设备 | 002366 | *ST海核  | 34.9  | -28.3  | -5.0 |  -0.5   |  11.9   |
| 电源设备 | 002227 | 奥 特 迅 | 32.9  | -95.0  | -2.1 |  -0.8   |  -1.9   |
| 电源设备 | 688551 |  科威尔  | 30.5  | 102.2  | -2.6 |  -4.5   |  -6.4   |
| 电源设备 | 600405 |  动力源  | 30.2  | -39.5  | -1.3 |   0.2   |  -1.4   |
| 电源设备 | 300105 | 龙源技术 | 29.4  | -100.6 | -3.4 |  -5.5   |  -3.6   |
| 电源设备 | 300153 | 科泰电源 | 26.5  | 141.0  | -1.3 |  -0.1   |  -2.7   |
| 电源设备 | 300491 | 通合科技 | 23.7  | -71.8  | -3.0 |  -1.4   |  -2.9   |
| 电源设备 | 300713 |  英可瑞  | 21.1  | 316.2  | -2.2 |  -0.3   |  -2.6   |
| 电源设备 | 600202 |  哈空调  | 21.0  |  88.9  | 1.5  |  -4.2   |  -0.5   |
+----------+--------+----------+-------+--------+------+---------+---------+
 




 [行业>单日涨幅]
+----------+--------+----------+-------+--------+------+---------+---------+
|   行业   |  代码  |   名称   | 市值  |   pe   | 涨幅 | 3日涨幅 | 6日涨幅 |
+----------+--------+----------+-------+--------+------+---------+---------+
| 电源设备 | 002851 | 麦格米特 | 123.4 |  42.0  | 3.8  |  19.8   |  16.3   |
| 电源设备 | 600202 |  哈空调  | 21.0  |  88.9  | 1.5  |  -4.2   |  -0.5   |
| 电源设备 | 002518 |  科士达  | 149.9 |  69.0  | 1.2  |  14.4   |  15.0   |
| 电源设备 | 300693 | 盛弘股份 | 52.2  |  56.8  | 0.4  |   1.3   |   2.5   |
| 电源设备 | 300593 |  新雷能  | 142.1 |  40.9  | 0.0  |  -5.6   |  -0.1   |
| 电源设备 | 300870 |  欧陆通  | 41.4  | -35.2  | -0.1 |  -2.5   |  -6.3   |
| 电源设备 | 601727 | 上海电气 | 640.3 | 1266.5 | -0.2 |  -0.5   |  -1.2   |
| 电源设备 | 002534 | 西子洁能 | 103.1 |  64.2  | -0.6 |  -4.1   |  -5.4   |
| 电源设备 | 600405 |  动力源  | 30.2  | -39.5  | -1.3 |   0.2   |  -1.4   |
| 电源设备 | 300153 | 科泰电源 | 26.5  | 141.0  | -1.3 |  -0.1   |  -2.7   |
| 电源设备 | 002364 | 中恒电气 | 40.9  | 179.9  | -1.4 |  -1.6   |   0.6   |
| 电源设备 | 600475 | 华光环能 | 76.3  |  9.2   | -1.7 |  -3.9   |  -2.9   |
| 电源设备 | 300376 |  易事特  | 172.9 |  43.8  | -1.8 |  -3.6   |   0.7   |
| 电源设备 | 002665 | 首航高科 | 78.2  | -36.3  | -1.9 |  -2.8   |  -3.5   |
| 电源设备 | 600875 | 东方电气 | 494.4 |  13.3  | -1.9 |   5.2   |   7.1   |
| 电源设备 | 002227 | 奥 特 迅 | 32.9  | -95.0  | -2.1 |  -0.8   |  -1.9   |
| 电源设备 | 300713 |  英可瑞  | 21.1  | 316.2  | -2.2 |  -0.3   |  -2.6   |
| 电源设备 | 688551 |  科威尔  | 30.5  | 102.2  | -2.6 |  -4.5   |  -6.4   |
| 电源设备 | 002335 | 科华数据 | 120.6 |  30.7  | -3.0 |  -0.1   |   4.8   |
| 电源设备 | 300491 | 通合科技 | 23.7  | -71.8  | -3.0 |  -1.4   |  -2.9   |
| 电源设备 | 002255 | 海陆重工 | 43.6  |  33.4  | -3.2 |  -5.8   |   3.0   |
| 电源设备 | 300820 | 英杰电气 | 90.4  |  41.9  | -3.3 |  -0.7   |  -1.9   |
| 电源设备 | 300105 | 龙源技术 | 29.4  | -100.6 | -3.4 |  -5.5   |  -3.6   |
| 电源设备 | 002366 | *ST海核  | 34.9  | -28.3  | -5.0 |  -0.5   |  11.9   |
| 电源设备 | 002630 | 华西能源 | 45.2  |  -7.3  | -9.9 |  -9.2   |  20.8   |
+----------+--------+----------+-------+--------+------+---------+---------+
