[行业>市值]
+------+--------+----------+-------+-------+------+---------+---------+
| 行业 |  代码  |   名称   | 市值  |  pe   | 涨幅 | 3日涨幅 | 6日涨幅 |
+------+--------+----------+-------+-------+------+---------+---------+
| 电机 | 002176 | 江特电机 | 407.6 | 15.3  | 1.0  |   0.3   |   3.9   |
| 电机 | 603489 | 八方股份 | 244.2 | 34.0  | 2.1  |   3.1   |   4.2   |
| 电机 | 600580 | 卧龙电驱 | 173.0 | 21.8  | -3.3 |   0.5   |   3.4   |
| 电机 | 002249 | 大洋电机 | 139.3 | 23.7  | -2.6 |   1.4   |   2.3   |
| 电机 | 003021 | 兆威机电 | 77.0  | 84.8  | 10.0 |  12.1   |  14.4   |
| 电机 | 603728 | 鸣志电器 | 61.1  | 39.1  | -0.5 |  -1.4   |  -7.7   |
| 电机 | 002801 | 微光股份 | 60.8  | 19.6  | -2.4 |  -3.1   |   0.2   |
| 电机 | 300660 | 江苏雷利 | 49.9  | 18.0  | -1.0 |  -2.1   |  -2.4   |
| 电机 | 002196 | 方正电机 | 48.0  | 201.3 | -1.4 |   4.3   |   7.6   |
| 电机 | 000922 | 佳电股份 | 48.0  | 15.9  | -4.5 |  -7.2   |  -8.9   |
| 电机 | 603819 | 神力股份 | 39.6  | 34.6  | 0.4  |  17.6   |  25.0   |
| 电机 | 002892 |  科力尔  | 35.3  | 55.3  | -0.5 |  -0.6   |  -2.1   |
| 电机 | 002823 | 凯中精密 | 26.0  | 32.4  | -0.8 |  -0.3   |  -3.6   |
| 电机 | 603988 | 中电电机 | 25.8  | 48.0  | 4.2  |   2.1   |   4.0   |
| 电机 | 301226 | 祥明智能 | 22.9  | 37.9  | -3.8 |  -1.7   |   1.2   |
| 电机 | 301023 | 江南奕帆 | 21.5  | 26.4  | 0.1  |  -2.2   |  -5.7   |
| 电机 | 002576 | 通达动力 | 19.9  | 49.3  | -4.5 |   2.1   |   2.2   |
| 电机 | 300907 | 康平科技 | 18.5  | 89.7  | -0.3 |  -0.7   |  -4.4   |
| 电机 | 688395 | 正弦电气 | 16.5  | 28.9  | -1.6 |  -2.6   |  -6.3   |
| 电机 | 300626 | 华瑞股份 | 15.3  | 59.5  | -0.9 |  -3.1   |  -3.5   |
| 电机 | 603320 | 迪贝电气 | 15.0  | 30.8  | -0.1 |  -0.1   |  -1.8   |
+------+--------+----------+-------+-------+------+---------+---------+
 




 [行业>单日涨幅]
+------+--------+----------+-------+-------+------+---------+---------+
| 行业 |  代码  |   名称   | 市值  |  pe   | 涨幅 | 3日涨幅 | 6日涨幅 |
+------+--------+----------+-------+-------+------+---------+---------+
| 电机 | 003021 | 兆威机电 | 77.0  | 84.8  | 10.0 |  12.1   |  14.4   |
| 电机 | 603988 | 中电电机 | 25.8  | 48.0  | 4.2  |   2.1   |   4.0   |
| 电机 | 603489 | 八方股份 | 244.2 | 34.0  | 2.1  |   3.1   |   4.2   |
| 电机 | 002176 | 江特电机 | 407.6 | 15.3  | 1.0  |   0.3   |   3.9   |
| 电机 | 603819 | 神力股份 | 39.6  | 34.6  | 0.4  |  17.6   |  25.0   |
| 电机 | 301023 | 江南奕帆 | 21.5  | 26.4  | 0.1  |  -2.2   |  -5.7   |
| 电机 | 603320 | 迪贝电气 | 15.0  | 30.8  | -0.1 |  -0.1   |  -1.8   |
| 电机 | 300907 | 康平科技 | 18.5  | 89.7  | -0.3 |  -0.7   |  -4.4   |
| 电机 | 603728 | 鸣志电器 | 61.1  | 39.1  | -0.5 |  -1.4   |  -7.7   |
| 电机 | 002892 |  科力尔  | 35.3  | 55.3  | -0.5 |  -0.6   |  -2.1   |
| 电机 | 002823 | 凯中精密 | 26.0  | 32.4  | -0.8 |  -0.3   |  -3.6   |
| 电机 | 300626 | 华瑞股份 | 15.3  | 59.5  | -0.9 |  -3.1   |  -3.5   |
| 电机 | 300660 | 江苏雷利 | 49.9  | 18.0  | -1.0 |  -2.1   |  -2.4   |
| 电机 | 002196 | 方正电机 | 48.0  | 201.3 | -1.4 |   4.3   |   7.6   |
| 电机 | 688395 | 正弦电气 | 16.5  | 28.9  | -1.6 |  -2.6   |  -6.3   |
| 电机 | 002801 | 微光股份 | 60.8  | 19.6  | -2.4 |  -3.1   |   0.2   |
| 电机 | 002249 | 大洋电机 | 139.3 | 23.7  | -2.6 |   1.4   |   2.3   |
| 电机 | 600580 | 卧龙电驱 | 173.0 | 21.8  | -3.3 |   0.5   |   3.4   |
| 电机 | 301226 | 祥明智能 | 22.9  | 37.9  | -3.8 |  -1.7   |   1.2   |
| 电机 | 002576 | 通达动力 | 19.9  | 49.3  | -4.5 |   2.1   |   2.2   |
| 电机 | 000922 | 佳电股份 | 48.0  | 15.9  | -4.5 |  -7.2   |  -8.9   |
+------+--------+----------+-------+-------+------+---------+---------+
