[行业>市值]
+----------+--------+----------+-------+--------+-------+---------+---------+
|   行业   |  代码  |   名称   | 市值  |   pe   | 涨幅  | 3日涨幅 | 6日涨幅 |
+----------+--------+----------+-------+--------+-------+---------+---------+
| 综合行业 | 000009 | 中国宝安 | 352.6 |  53.4  | -0.1  |  -0.2   |   2.0   |
| 综合行业 | 000958 | 电投产融 | 263.8 |  21.7  | -0.6  |   1.0   |   4.9   |
| 综合行业 | 600673 |  东阳光  | 261.3 |  22.7  |  2.0  |   2.4   |   6.4   |
| 综合行业 | 600770 | 综艺股份 | 101.5 | -17.3  |  0.8  |   1.4   |  -3.9   |
| 综合行业 | 000158 | 常山北明 | 98.2  | -28.4  | -0.3  |   0.7   |   0.7   |
| 综合行业 | 000839 |  ST国安  | 81.9  | -14.0  | -1.4  |  -3.7   |   1.0   |
| 综合行业 | 000861 | 海印股份 | 69.8  |  17.2  | -1.8  |  -5.5   |  -4.5   |
| 综合行业 | 000833 | 粤桂股份 | 69.3  |  48.7  | -10.0 |  -9.3   |   9.2   |
| 综合行业 | 002758 | 浙农股份 | 68.6  |  12.2  | -2.4  |  -5.9   |  -1.5   |
| 综合行业 | 000909 | 数源科技 | 59.5  | 305.1  | -10.0 |  -13.0  |  -4.4   |
| 综合行业 | 000652 | 泰达股份 | 57.7  | 371.9  |  1.8  |   2.4   |   2.6   |
| 综合行业 | 000803 | 北清环能 | 55.5  |  34.4  | -2.5  |  -2.9   |   2.0   |
| 综合行业 | 000576 | 甘化科工 | 51.7  |  51.2  | -1.3  |   3.1   |  -0.4   |
| 综合行业 | 600624 | 复旦复华 | 47.8  | 207.5  | -1.8  |  -4.0   |  -5.8   |
| 综合行业 | 600784 | 鲁银投资 | 46.5  |  19.9  | -3.0  |  -4.2   |   0.9   |
| 综合行业 | 000532 | 华金资本 | 43.7  |  78.1  | 10.0  |  10.3   |  12.3   |
| 综合行业 | 600805 | 悦达投资 | 43.2  |  12.9  | -2.1  |  -1.7   |  -0.8   |
| 综合行业 | 600568 |  ST中珠  | 32.3  | -196.5 |  0.6  |   0.0   |   1.2   |
| 综合行业 | 600113 | 浙江东日 | 30.2  |  16.5  |  1.4  |  -0.4   |  -0.8   |
| 综合行业 | 000409 | 云鼎科技 | 28.4  | 272.8  | -1.6  |  -1.4   |  -3.8   |
| 综合行业 | 600051 | 宁波联合 | 20.4  | -91.7  |  0.9  |   0.0   |  -2.1   |
| 综合行业 | 000632 | 三木集团 | 18.9  |  74.8  |  0.2  |  -1.5   |  -6.2   |
| 综合行业 | 002591 | 恒大高新 | 15.1  | -138.6 | -1.6  |  -3.1   |   1.4   |
+----------+--------+----------+-------+--------+-------+---------+---------+
 




 [行业>单日涨幅]
+----------+--------+----------+-------+--------+-------+---------+---------+
|   行业   |  代码  |   名称   | 市值  |   pe   | 涨幅  | 3日涨幅 | 6日涨幅 |
+----------+--------+----------+-------+--------+-------+---------+---------+
| 综合行业 | 000532 | 华金资本 | 43.7  |  78.1  | 10.0  |  10.3   |  12.3   |
| 综合行业 | 600673 |  东阳光  | 261.3 |  22.7  |  2.0  |   2.4   |   6.4   |
| 综合行业 | 000652 | 泰达股份 | 57.7  | 371.9  |  1.8  |   2.4   |   2.6   |
| 综合行业 | 600113 | 浙江东日 | 30.2  |  16.5  |  1.4  |  -0.4   |  -0.8   |
| 综合行业 | 600051 | 宁波联合 | 20.4  | -91.7  |  0.9  |   0.0   |  -2.1   |
| 综合行业 | 600770 | 综艺股份 | 101.5 | -17.3  |  0.8  |   1.4   |  -3.9   |
| 综合行业 | 600568 |  ST中珠  | 32.3  | -196.5 |  0.6  |   0.0   |   1.2   |
| 综合行业 | 000632 | 三木集团 | 18.9  |  74.8  |  0.2  |  -1.5   |  -6.2   |
| 综合行业 | 000009 | 中国宝安 | 352.6 |  53.4  | -0.1  |  -0.2   |   2.0   |
| 综合行业 | 000158 | 常山北明 | 98.2  | -28.4  | -0.3  |   0.7   |   0.7   |
| 综合行业 | 000958 | 电投产融 | 263.8 |  21.7  | -0.6  |   1.0   |   4.9   |
| 综合行业 | 000576 | 甘化科工 | 51.7  |  51.2  | -1.3  |   3.1   |  -0.4   |
| 综合行业 | 000839 |  ST国安  | 81.9  | -14.0  | -1.4  |  -3.7   |   1.0   |
| 综合行业 | 002591 | 恒大高新 | 15.1  | -138.6 | -1.6  |  -3.1   |   1.4   |
| 综合行业 | 000409 | 云鼎科技 | 28.4  | 272.8  | -1.6  |  -1.4   |  -3.8   |
| 综合行业 | 000861 | 海印股份 | 69.8  |  17.2  | -1.8  |  -5.5   |  -4.5   |
| 综合行业 | 600624 | 复旦复华 | 47.8  | 207.5  | -1.8  |  -4.0   |  -5.8   |
| 综合行业 | 600805 | 悦达投资 | 43.2  |  12.9  | -2.1  |  -1.7   |  -0.8   |
| 综合行业 | 002758 | 浙农股份 | 68.6  |  12.2  | -2.4  |  -5.9   |  -1.5   |
| 综合行业 | 000803 | 北清环能 | 55.5  |  34.4  | -2.5  |  -2.9   |   2.0   |
| 综合行业 | 600784 | 鲁银投资 | 46.5  |  19.9  | -3.0  |  -4.2   |   0.9   |
| 综合行业 | 000833 | 粤桂股份 | 69.3  |  48.7  | -10.0 |  -9.3   |   9.2   |
| 综合行业 | 000909 | 数源科技 | 59.5  | 305.1  | -10.0 |  -13.0  |  -4.4   |
+----------+--------+----------+-------+--------+-------+---------+---------+
