[行业>市值]
+----------+--------+----------+--------+----------+------+---------+---------+
|   行业   |  代码  |   名称   |  市值  |    pe    | 涨幅 | 3日涨幅 | 6日涨幅 |
+----------+--------+----------+--------+----------+------+---------+---------+
| 美容护理 | 300896 |  爱美客  | 1132.0 |  101.0   | -1.9 |  -1.0   |  -0.9   |
| 美容护理 | 300957 |  贝泰妮  | 845.3  |  144.8   | 0.3  |   1.2   |   2.4   |
| 美容护理 | 688363 | 华熙生物 | 666.3  |   83.4   | -1.3 |  -1.4   |  -6.0   |
| 美容护理 | 603605 |  珀莱雅  | 447.9  |   70.7   | -1.0 |  -0.4   |  -1.2   |
| 美容护理 | 300888 | 稳健医疗 | 271.1  |   19.0   | -1.2 |  -3.1   |   1.1   |
| 美容护理 | 600315 | 上海家化 | 260.8  |   32.7   | 0.2  |  16.2   |  10.9   |
| 美容护理 | 002511 | 中顺洁柔 | 154.1  |   28.9   | -0.2 |   6.0   |   3.5   |
| 美容护理 | 002243 | 力合科创 | 116.2  |   83.4   | 1.1  |   0.7   |   1.2   |
| 美容护理 | 603983 | 丸美股份 |  93.1  |   35.6   | -1.4 |   1.8   |  -3.0   |
| 美容护理 | 300856 | 科思股份 |  68.2  |   29.4   | 0.3  |   7.1   |  12.4   |
| 美容护理 | 000523 | 广州浪奇 |  68.2  |  -132.8  | -4.5 |   1.9   |  -7.2   |
| 美容护理 | 605009 | 豪悦护理 |  59.1  |   26.9   | -1.4 |   1.3   |   2.1   |
| 美容护理 | 000615 | 奥园美谷 |  54.8  |  -35.4   | 1.9  |  -1.4   |  -5.4   |
| 美容护理 | 300740 | 水羊股份 |  50.9  |   30.6   | -1.3 |   1.5   |  -4.3   |
| 美容护理 | 003006 | 百亚股份 |  47.5  |   21.4   | 2.4  |   0.3   |  -3.4   |
| 美容护理 | 301009 | 可靠股份 |  34.4  |  439.9   | 1.3  |   1.0   |  -1.2   |
| 美容护理 | 300132 | 青松股份 |  31.9  |  -13.0   | 0.2  |   2.0   |   0.0   |
| 美容护理 | 603630 | 拉芳家化 |  31.6  |  -309.4  | 0.9  |   0.6   |  -5.9   |
| 美容护理 | 002919 | 名臣健康 |  29.3  |  447.0   | -1.4 |  -4.9   |  -9.2   |
| 美容护理 | 001206 | 依依股份 |  28.8  |   39.3   | -0.2 |   2.4   |   1.8   |
| 美容护理 | 002094 | 青岛金王 |  28.5  |   54.0   | 10.1 |  20.8   |  19.0   |
| 美容护理 | 600249 |  两面针  |  28.2  |  -23.9   | 0.2  |  -0.6   |  -1.7   |
| 美容护理 | 300955 | 嘉亨家化 |  23.4  |   35.0   | 1.8  |   1.4   |  -0.5   |
| 美容护理 | 300886 | 华业香料 |  22.2  |   80.0   | -3.5 |  -2.5   |  -2.3   |
| 美容护理 | 300658 | 延江股份 |  19.6  |   73.4   | -0.5 |  -1.5   |  -2.9   |
| 美容护理 | 603238 | 诺邦股份 |  18.0  |   59.2   | 0.4  |  -3.9   |  -2.1   |
| 美容护理 | 603059 |  倍加洁  |  17.9  | -11848.0 | -0.2 |  -1.5   |  -1.9   |
| 美容护理 | 300849 | 锦盛新材 |  17.6  |  197.9   | -2.8 |  -1.4   |   0.0   |
+----------+--------+----------+--------+----------+------+---------+---------+
 




 [行业>单日涨幅]
+----------+--------+----------+--------+----------+------+---------+---------+
|   行业   |  代码  |   名称   |  市值  |    pe    | 涨幅 | 3日涨幅 | 6日涨幅 |
+----------+--------+----------+--------+----------+------+---------+---------+
| 美容护理 | 002094 | 青岛金王 |  28.5  |   54.0   | 10.1 |  20.8   |  19.0   |
| 美容护理 | 003006 | 百亚股份 |  47.5  |   21.4   | 2.4  |   0.3   |  -3.4   |
| 美容护理 | 000615 | 奥园美谷 |  54.8  |  -35.4   | 1.9  |  -1.4   |  -5.4   |
| 美容护理 | 300955 | 嘉亨家化 |  23.4  |   35.0   | 1.8  |   1.4   |  -0.5   |
| 美容护理 | 301009 | 可靠股份 |  34.4  |  439.9   | 1.3  |   1.0   |  -1.2   |
| 美容护理 | 002243 | 力合科创 | 116.2  |   83.4   | 1.1  |   0.7   |   1.2   |
| 美容护理 | 603630 | 拉芳家化 |  31.6  |  -309.4  | 0.9  |   0.6   |  -5.9   |
| 美容护理 | 603238 | 诺邦股份 |  18.0  |   59.2   | 0.4  |  -3.9   |  -2.1   |
| 美容护理 | 300856 | 科思股份 |  68.2  |   29.4   | 0.3  |   7.1   |  12.4   |
| 美容护理 | 300957 |  贝泰妮  | 845.3  |  144.8   | 0.3  |   1.2   |   2.4   |
| 美容护理 | 600315 | 上海家化 | 260.8  |   32.7   | 0.2  |  16.2   |  10.9   |
| 美容护理 | 600249 |  两面针  |  28.2  |  -23.9   | 0.2  |  -0.6   |  -1.7   |
| 美容护理 | 300132 | 青松股份 |  31.9  |  -13.0   | 0.2  |   2.0   |   0.0   |
| 美容护理 | 603059 |  倍加洁  |  17.9  | -11848.0 | -0.2 |  -1.5   |  -1.9   |
| 美容护理 | 001206 | 依依股份 |  28.8  |   39.3   | -0.2 |   2.4   |   1.8   |
| 美容护理 | 002511 | 中顺洁柔 | 154.1  |   28.9   | -0.2 |   6.0   |   3.5   |
| 美容护理 | 300658 | 延江股份 |  19.6  |   73.4   | -0.5 |  -1.5   |  -2.9   |
| 美容护理 | 603605 |  珀莱雅  | 447.9  |   70.7   | -1.0 |  -0.4   |  -1.2   |
| 美容护理 | 300888 | 稳健医疗 | 271.1  |   19.0   | -1.2 |  -3.1   |   1.1   |
| 美容护理 | 688363 | 华熙生物 | 666.3  |   83.4   | -1.3 |  -1.4   |  -6.0   |
| 美容护理 | 300740 | 水羊股份 |  50.9  |   30.6   | -1.3 |   1.5   |  -4.3   |
| 美容护理 | 605009 | 豪悦护理 |  59.1  |   26.9   | -1.4 |   1.3   |   2.1   |
| 美容护理 | 603983 | 丸美股份 |  93.1  |   35.6   | -1.4 |   1.8   |  -3.0   |
| 美容护理 | 002919 | 名臣健康 |  29.3  |  447.0   | -1.4 |  -4.9   |  -9.2   |
| 美容护理 | 300896 |  爱美客  | 1132.0 |  101.0   | -1.9 |  -1.0   |  -0.9   |
| 美容护理 | 300849 | 锦盛新材 |  17.6  |  197.9   | -2.8 |  -1.4   |   0.0   |
| 美容护理 | 300886 | 华业香料 |  22.2  |   80.0   | -3.5 |  -2.5   |  -2.3   |
| 美容护理 | 000523 | 广州浪奇 |  68.2  |  -132.8  | -4.5 |   1.9   |  -7.2   |
+----------+--------+----------+--------+----------+------+---------+---------+
