[行业>市值]
+----------+--------+----------+-------+--------+------+---------+---------+
|   行业   |  代码  |   名称   | 市值  |   pe   | 涨幅 | 3日涨幅 | 6日涨幅 |
+----------+--------+----------+-------+--------+------+---------+---------+
| 铁路公路 | 001965 | 招商公路 | 494.3 |  11.3  | 0.6  |  -1.6   |   0.8   |
| 铁路公路 | 600377 | 宁沪高速 | 420.7 |  13.2  | 0.2  |   0.5   |   1.9   |
| 铁路公路 | 600350 | XD山东高 | 257.4 |  9.0   | -1.6 |  -2.4   |  -2.7   |
| 铁路公路 | 600548 |  深高速  | 204.3 |  12.4  | -0.1 |  -0.1   |  -0.4   |
| 铁路公路 | 000429 | 粤高速Ａ  | 172.9 |  10.0  | 0.2  |  -1.4   |   0.6   |
| 铁路公路 | 603032 | 德新交运 | 144.6 |  69.7  | -3.5 |  -10.0  |  -4.0   |
| 铁路公路 | 600662 | 外服控股 | 143.2 |  20.7  | 0.6  |   1.6   |   0.0   |
| 铁路公路 | 601107 | XD四川成 | 127.5 |  12.7  | -1.2 |  -0.7   |  -3.2   |
| 铁路公路 | 600012 | 皖通高速 | 124.9 |  7.7   | -0.8 |  -1.7   |  -1.4   |
| 铁路公路 | 603069 | 海汽集团 | 114.8 | -176.1 | 6.0  |  28.2   |  70.6   |
| 铁路公路 | 000828 | 东莞控股 | 108.3 |  15.9  | 2.1  |   3.2   |   4.0   |
| 铁路公路 | 600269 | 赣粤高速 | 82.7  |  6.2   | 0.6  |   0.0   |  -0.6   |
| 铁路公路 | 600033 | 福建高速 | 79.3  |  8.8   | 0.7  |   0.3   |   0.0   |
| 铁路公路 | 600611 | 大众交通 | 78.2  |  -7.5  | 3.8  |   4.4   |   4.8   |
| 铁路公路 | 600650 | 锦江在线 | 70.8  |  3.1   | -3.3 |  11.8   |  -1.6   |
| 铁路公路 | 600020 | 中原高速 | 70.3  |  12.4  | 1.3  |   0.3   |   0.3   |
| 铁路公路 | 000900 | 现代投资 | 67.4  |  10.5  | 1.4  |   1.1   |   1.1   |
| 铁路公路 | 600620 | 天宸股份 | 63.5  | -65.5  | -0.4 |  -2.0   |  -2.7   |
| 铁路公路 | 000885 | 城发环境 | 60.4  |  6.7   | 1.7  |   0.2   |  -1.6   |
| 铁路公路 | 000755 | 山西路桥 | 58.4  |  15.2  | 0.2  |  -1.5   |  -2.2   |
| 铁路公路 | 600106 | 重庆路桥 | 54.6  |  90.5  | -1.9 |   0.5   |  -1.0   |
| 铁路公路 | 600035 | XD楚天高 | 52.5  |  5.3   | 0.6  |  -0.3   |  -0.6   |
| 铁路公路 | 600368 | 五洲交通 | 46.4  |  6.4   | -0.5 |   0.5   |   0.2   |
| 铁路公路 | 601188 | 龙江交通 | 42.0  |  17.8  | 0.3  |  -0.9   |  -6.5   |
| 铁路公路 | 600834 | 申通地铁 | 41.4  |  56.9  | 0.3  |  -1.5   |  -2.4   |
| 铁路公路 | 002627 | 三峡旅游 | 40.7  |  71.4  | 0.7  |  -3.3   |  -4.2   |
| 铁路公路 | 601518 | 吉林高速 | 36.3  |  10.7  | 0.8  |  -1.5   |  -2.9   |
| 铁路公路 | 000548 | 湖南投资 | 22.7  |  68.9  | -0.4 |  -0.9   |  -3.6   |
| 铁路公路 | 002357 | 富临运业 | 16.7  |  9.1   | 0.2  |   0.4   |  -1.7   |
| 铁路公路 | 600561 | 江西长运 | 14.5  | -22.5  | -0.4 |  -1.7   |  -3.6   |
+----------+--------+----------+-------+--------+------+---------+---------+
 




 [行业>单日涨幅]
+----------+--------+----------+-------+--------+------+---------+---------+
|   行业   |  代码  |   名称   | 市值  |   pe   | 涨幅 | 3日涨幅 | 6日涨幅 |
+----------+--------+----------+-------+--------+------+---------+---------+
| 铁路公路 | 603069 | 海汽集团 | 114.8 | -176.1 | 6.0  |  28.2   |  70.6   |
| 铁路公路 | 600611 | 大众交通 | 78.2  |  -7.5  | 3.8  |   4.4   |   4.8   |
| 铁路公路 | 000828 | 东莞控股 | 108.3 |  15.9  | 2.1  |   3.2   |   4.0   |
| 铁路公路 | 000885 | 城发环境 | 60.4  |  6.7   | 1.7  |   0.2   |  -1.6   |
| 铁路公路 | 000900 | 现代投资 | 67.4  |  10.5  | 1.4  |   1.1   |   1.1   |
| 铁路公路 | 600020 | 中原高速 | 70.3  |  12.4  | 1.3  |   0.3   |   0.3   |
| 铁路公路 | 601518 | 吉林高速 | 36.3  |  10.7  | 0.8  |  -1.5   |  -2.9   |
| 铁路公路 | 002627 | 三峡旅游 | 40.7  |  71.4  | 0.7  |  -3.3   |  -4.2   |
| 铁路公路 | 600033 | 福建高速 | 79.3  |  8.8   | 0.7  |   0.3   |   0.0   |
| 铁路公路 | 600662 | 外服控股 | 143.2 |  20.7  | 0.6  |   1.6   |   0.0   |
| 铁路公路 | 001965 | 招商公路 | 494.3 |  11.3  | 0.6  |  -1.6   |   0.8   |
| 铁路公路 | 600035 | XD楚天高 | 52.5  |  5.3   | 0.6  |  -0.3   |  -0.6   |
| 铁路公路 | 600269 | 赣粤高速 | 82.7  |  6.2   | 0.6  |   0.0   |  -0.6   |
| 铁路公路 | 600834 | 申通地铁 | 41.4  |  56.9  | 0.3  |  -1.5   |  -2.4   |
| 铁路公路 | 601188 | 龙江交通 | 42.0  |  17.8  | 0.3  |  -0.9   |  -6.5   |
| 铁路公路 | 000755 | 山西路桥 | 58.4  |  15.2  | 0.2  |  -1.5   |  -2.2   |
| 铁路公路 | 600377 | 宁沪高速 | 420.7 |  13.2  | 0.2  |   0.5   |   1.9   |
| 铁路公路 | 000429 | 粤高速Ａ  | 172.9 |  10.0  | 0.2  |  -1.4   |   0.6   |
| 铁路公路 | 002357 | 富临运业 | 16.7  |  9.1   | 0.2  |   0.4   |  -1.7   |
| 铁路公路 | 600548 |  深高速  | 204.3 |  12.4  | -0.1 |  -0.1   |  -0.4   |
| 铁路公路 | 600561 | 江西长运 | 14.5  | -22.5  | -0.4 |  -1.7   |  -3.6   |
| 铁路公路 | 600620 | 天宸股份 | 63.5  | -65.5  | -0.4 |  -2.0   |  -2.7   |
| 铁路公路 | 000548 | 湖南投资 | 22.7  |  68.9  | -0.4 |  -0.9   |  -3.6   |
| 铁路公路 | 600368 | 五洲交通 | 46.4  |  6.4   | -0.5 |   0.5   |   0.2   |
| 铁路公路 | 600012 | 皖通高速 | 124.9 |  7.7   | -0.8 |  -1.7   |  -1.4   |
| 铁路公路 | 601107 | XD四川成 | 127.5 |  12.7  | -1.2 |  -0.7   |  -3.2   |
| 铁路公路 | 600350 | XD山东高 | 257.4 |  9.0   | -1.6 |  -2.4   |  -2.7   |
| 铁路公路 | 600106 | 重庆路桥 | 54.6  |  90.5  | -1.9 |   0.5   |  -1.0   |
| 铁路公路 | 600650 | 锦江在线 | 70.8  |  3.1   | -3.3 |  11.8   |  -1.6   |
| 铁路公路 | 603032 | 德新交运 | 144.6 |  69.7  | -3.5 |  -10.0  |  -4.0   |
+----------+--------+----------+-------+--------+------+---------+---------+
