[行业>市值]
+------------+--------+----------+--------+-------+------+---------+---------+
|    行业    |  代码  |   名称   |  市值  |  pe   | 涨幅 | 3日涨幅 | 6日涨幅 |
+------------+--------+----------+--------+-------+------+---------+---------+
| 非金属材料 | 603260 | 合盛硅业 | 1300.0 | 15.8  | -3.6 |   8.8   |  24.9   |
| 非金属材料 | 603688 | 石英股份 | 374.3  | 107.1 | -3.6 |   1.0   |  10.7   |
| 非金属材料 | 300861 | 美畅股份 | 362.7  | 31.9  | -3.8 |   1.3   |   6.2   |
| 非金属材料 | 603826 | 坤彩科技 | 295.5  | 276.9 | -2.0 |  -4.5   |  -3.3   |
| 非金属材料 | 600516 | 方大炭素 | 274.4  | 203.5 | 1.4  |  -0.4   |  -0.8   |
| 非金属材料 | 688281 | 华秦科技 | 264.1  | 111.3 | 2.4  |   1.5   |   0.3   |
| 非金属材料 | 300395 |  菲利华  | 211.9  | 58.6  | -2.9 |   4.9   |   9.8   |
| 非金属材料 | 300035 | 中科电气 | 187.5  | 36.4  | -1.1 |  -1.4   |  -6.0   |
| 非金属材料 | 301071 | 力量钻石 | 187.2  | 46.3  | -1.8 |   2.3   |   5.5   |
| 非金属材料 | 300409 | 道氏技术 | 142.3  | 20.8  | 0.9  |   3.9   |   4.8   |
| 非金属材料 | 688733 |  壹石通  | 132.8  | 76.2  | -2.6 |  -1.1   |  -0.2   |
| 非金属材料 | 603612 | 索通发展 | 126.7  | 20.0  | -7.9 |  -5.6   |  13.1   |
| 非金属材料 | 600172 | 黄河旋风 | 123.0  | 107.1 | -2.1 |   1.8   |   3.9   |
| 非金属材料 | 600330 | 天通股份 | 109.6  | 25.0  | 3.1  |   3.4   |   8.3   |
| 非金属材料 | 600783 | 鲁信创投 | 104.4  | 53.1  | 1.6  |   4.3   |   6.5   |
| 非金属材料 | 688119 | 中钢洛耐 | 102.4  | 65.8  | 2.7  |  -2.3   |  -11.7  |
| 非金属材料 | 002130 | 沃尔核材 |  71.8  | 16.8  | 0.5  |   2.2   |   0.6   |
| 非金属材料 | 688300 | 联瑞新材 |  64.1  | 37.5  | -2.6 |  -3.4   |  -5.5   |
| 非金属材料 | 688357 | 建龙微纳 |  64.0  | 36.5  | -1.8 |  -4.5   |  -6.0   |
| 非金属材料 | 001296 | 长江材料 |  25.6  | 44.6  | -4.1 |   2.9   |  -2.8   |
| 非金属材料 | 300743 | 天地数码 |  15.3  | 51.9  | -1.1 |  -1.3   |   0.0   |
| 非金属材料 | 300064 |  金刚退  |  10.8  | -2.5  | -1.1 |  28.6   |  12.5   |
+------------+--------+----------+--------+-------+------+---------+---------+
 




 [行业>单日涨幅]
+------------+--------+----------+--------+-------+------+---------+---------+
|    行业    |  代码  |   名称   |  市值  |  pe   | 涨幅 | 3日涨幅 | 6日涨幅 |
+------------+--------+----------+--------+-------+------+---------+---------+
| 非金属材料 | 600330 | 天通股份 | 109.6  | 25.0  | 3.1  |   3.4   |   8.3   |
| 非金属材料 | 688119 | 中钢洛耐 | 102.4  | 65.8  | 2.7  |  -2.3   |  -11.7  |
| 非金属材料 | 688281 | 华秦科技 | 264.1  | 111.3 | 2.4  |   1.5   |   0.3   |
| 非金属材料 | 600783 | 鲁信创投 | 104.4  | 53.1  | 1.6  |   4.3   |   6.5   |
| 非金属材料 | 600516 | 方大炭素 | 274.4  | 203.5 | 1.4  |  -0.4   |  -0.8   |
| 非金属材料 | 300409 | 道氏技术 | 142.3  | 20.8  | 0.9  |   3.9   |   4.8   |
| 非金属材料 | 002130 | 沃尔核材 |  71.8  | 16.8  | 0.5  |   2.2   |   0.6   |
| 非金属材料 | 300743 | 天地数码 |  15.3  | 51.9  | -1.1 |  -1.3   |   0.0   |
| 非金属材料 | 300064 |  金刚退  |  10.8  | -2.5  | -1.1 |  28.6   |  12.5   |
| 非金属材料 | 300035 | 中科电气 | 187.5  | 36.4  | -1.1 |  -1.4   |  -6.0   |
| 非金属材料 | 688357 | 建龙微纳 |  64.0  | 36.5  | -1.8 |  -4.5   |  -6.0   |
| 非金属材料 | 301071 | 力量钻石 | 187.2  | 46.3  | -1.8 |   2.3   |   5.5   |
| 非金属材料 | 603826 | 坤彩科技 | 295.5  | 276.9 | -2.0 |  -4.5   |  -3.3   |
| 非金属材料 | 600172 | 黄河旋风 | 123.0  | 107.1 | -2.1 |   1.8   |   3.9   |
| 非金属材料 | 688733 |  壹石通  | 132.8  | 76.2  | -2.6 |  -1.1   |  -0.2   |
| 非金属材料 | 688300 | 联瑞新材 |  64.1  | 37.5  | -2.6 |  -3.4   |  -5.5   |
| 非金属材料 | 300395 |  菲利华  | 211.9  | 58.6  | -2.9 |   4.9   |   9.8   |
| 非金属材料 | 603260 | 合盛硅业 | 1300.0 | 15.8  | -3.6 |   8.8   |  24.9   |
| 非金属材料 | 603688 | 石英股份 | 374.3  | 107.1 | -3.6 |   1.0   |  10.7   |
| 非金属材料 | 300861 | 美畅股份 | 362.7  | 31.9  | -3.8 |   1.3   |   6.2   |
| 非金属材料 | 001296 | 长江材料 |  25.6  | 44.6  | -4.1 |   2.9   |  -2.8   |
| 非金属材料 | 603612 | 索通发展 | 126.7  | 20.0  | -7.9 |  -5.6   |  13.1   |
+------------+--------+----------+--------+-------+------+---------+---------+
