[行业>市值]
+----------+--------+----------+-------+-------+------+---------+---------+
|   行业   |  代码  |   名称   | 市值  |  pe   | 涨幅 | 3日涨幅 | 6日涨幅 |
+----------+--------+----------+-------+-------+------+---------+---------+
| 专业服务 | 300012 | 华测检测 | 383.1 | 79.9  | -0.3 |  -0.6   |  -1.1   |
| 专业服务 | 003035 | 南网能源 | 248.5 | 69.4  | 4.0  |   2.8   |   0.1   |
| 专业服务 | 688133 | 泰坦科技 | 140.9 | 181.3 | 7.1  |   8.8   |   9.1   |
| 专业服务 | 301080 | 百普赛斯 | 139.3 | 65.1  | 4.9  |   4.7   |   0.0   |
| 专业服务 | 300887 | 谱尼测试 | 126.6 | 574.1 | 0.4  |   7.5   |   5.4   |
| 专业服务 | 002967 | 广电计量 | 108.8 | -34.2 | 1.5  |   4.7   |   3.9   |
| 专业服务 | 300416 | 苏试试验 | 89.8  | 77.9  | 0.5  |   7.0   |   3.0   |
| 专业服务 | 603060 | 国检集团 | 86.2  | -76.8 | -0.1 |   2.5   |  -0.4   |
| 专业服务 | 688179 |  阿拉丁  | 75.0  | 60.5  | 9.0  |   4.3   |  -4.4   |
| 专业服务 | 603698 | 航天工程 | 70.3  | 96.0  | 1.7  |   1.6   |   0.2   |
| 专业服务 | 300384 | 三联虹普 | 57.8  | 24.4  | 1.0  |  -1.1   |  -2.6   |
| 专业服务 | 300215 |  电科院  | 52.0  | 89.0  | 1.5  |   0.0   |   0.9   |
| 专业服务 | 301166 |  优宁维  | 51.9  | 59.8  | 3.7  |   3.3   |  -3.4   |
| 专业服务 | 002878 | 元隆雅图 | 44.3  | 12.0  | -6.4 |   7.9   |   9.7   |
| 专业服务 | 300962 | 中金辐照 | 40.2  | 35.3  | 2.0  |   1.1   |   1.2   |
| 专业服务 | 002564 | 天沃科技 | 37.6  | 503.1 | -1.1 |  -2.5   |  -5.7   |
| 专业服务 | 300797 | 钢研纳克 | 34.5  | 58.1  | 0.5  |  -0.5   |  -3.1   |
| 专业服务 | 300572 | 安车检测 | 33.9  | 55.9  | -0.2 |  -1.1   |  -2.6   |
| 专业服务 | 603776 |  永安行  | 33.5  | 67.6  | -3.3 |  -3.0   |  -0.6   |
| 专业服务 | 300938 | 信测标准 | 32.5  | 36.3  | 2.1  |   5.9   |   6.4   |
| 专业服务 | 301257 |  普蕊斯  | 30.4  | 78.0  | 3.0  |   4.3   |   1.7   |
| 专业服务 | 301169 | 零点有数 | 29.1  | -60.6 | 1.0  |   2.3   |  -1.4   |
| 专业服务 | 301289 | 国缆检测 | 27.0  | 40.3  | 1.9  |   3.0   |  -6.4   |
| 专业服务 | 603183 |  建研院  | 25.4  | -62.4 | 0.0  |  -0.4   |  -0.6   |
| 专业服务 | 301228 | 实朴检测 | 24.8  | -43.0 | -1.0 |   1.2   |   0.4   |
| 专业服务 | 003008 | 开普检测 | 20.0  | 37.1  | 0.9  |   0.0   |   2.5   |
+----------+--------+----------+-------+-------+------+---------+---------+
 




 [行业>单日涨幅]
+----------+--------+----------+-------+-------+------+---------+---------+
|   行业   |  代码  |   名称   | 市值  |  pe   | 涨幅 | 3日涨幅 | 6日涨幅 |
+----------+--------+----------+-------+-------+------+---------+---------+
| 专业服务 | 688179 |  阿拉丁  | 75.0  | 60.5  | 9.0  |   4.3   |  -4.4   |
| 专业服务 | 688133 | 泰坦科技 | 140.9 | 181.3 | 7.1  |   8.8   |   9.1   |
| 专业服务 | 301080 | 百普赛斯 | 139.3 | 65.1  | 4.9  |   4.7   |   0.0   |
| 专业服务 | 003035 | 南网能源 | 248.5 | 69.4  | 4.0  |   2.8   |   0.1   |
| 专业服务 | 301166 |  优宁维  | 51.9  | 59.8  | 3.7  |   3.3   |  -3.4   |
| 专业服务 | 301257 |  普蕊斯  | 30.4  | 78.0  | 3.0  |   4.3   |   1.7   |
| 专业服务 | 300938 | 信测标准 | 32.5  | 36.3  | 2.1  |   5.9   |   6.4   |
| 专业服务 | 300962 | 中金辐照 | 40.2  | 35.3  | 2.0  |   1.1   |   1.2   |
| 专业服务 | 301289 | 国缆检测 | 27.0  | 40.3  | 1.9  |   3.0   |  -6.4   |
| 专业服务 | 603698 | 航天工程 | 70.3  | 96.0  | 1.7  |   1.6   |   0.2   |
| 专业服务 | 002967 | 广电计量 | 108.8 | -34.2 | 1.5  |   4.7   |   3.9   |
| 专业服务 | 300215 |  电科院  | 52.0  | 89.0  | 1.5  |   0.0   |   0.9   |
| 专业服务 | 300384 | 三联虹普 | 57.8  | 24.4  | 1.0  |  -1.1   |  -2.6   |
| 专业服务 | 301169 | 零点有数 | 29.1  | -60.6 | 1.0  |   2.3   |  -1.4   |
| 专业服务 | 003008 | 开普检测 | 20.0  | 37.1  | 0.9  |   0.0   |   2.5   |
| 专业服务 | 300797 | 钢研纳克 | 34.5  | 58.1  | 0.5  |  -0.5   |  -3.1   |
| 专业服务 | 300416 | 苏试试验 | 89.8  | 77.9  | 0.5  |   7.0   |   3.0   |
| 专业服务 | 300887 | 谱尼测试 | 126.6 | 574.1 | 0.4  |   7.5   |   5.4   |
| 专业服务 | 603183 |  建研院  | 25.4  | -62.4 | 0.0  |  -0.4   |  -0.6   |
| 专业服务 | 603060 | 国检集团 | 86.2  | -76.8 | -0.1 |   2.5   |  -0.4   |
| 专业服务 | 300572 | 安车检测 | 33.9  | 55.9  | -0.2 |  -1.1   |  -2.6   |
| 专业服务 | 300012 | 华测检测 | 383.1 | 79.9  | -0.3 |  -0.6   |  -1.1   |
| 专业服务 | 301228 | 实朴检测 | 24.8  | -43.0 | -1.0 |   1.2   |   0.4   |
| 专业服务 | 002564 | 天沃科技 | 37.6  | 503.1 | -1.1 |  -2.5   |  -5.7   |
| 专业服务 | 603776 |  永安行  | 33.5  | 67.6  | -3.3 |  -3.0   |  -0.6   |
| 专业服务 | 002878 | 元隆雅图 | 44.3  | 12.0  | -6.4 |   7.9   |   9.7   |
+----------+--------+----------+-------+-------+------+---------+---------+
