[行业>市值]
+------+--------+----------+--------+------+------+---------+---------+
| 行业 |  代码  |   名称   |  市值  |  pe  | 涨幅 | 3日涨幅 | 6日涨幅 |
+------+--------+----------+--------+------+------+---------+---------+
| 保险 | 601628 | 中国人寿 | 8626.0 | 14.2 | -1.6 |   0.0   |  -3.9   |
| 保险 | 601318 | 中国平安 | 8493.0 | 10.3 | 0.3  |  -0.7   |  -0.6   |
| 保险 | 601601 | 中国太保 | 2246.0 | 10.3 | -0.5 |   0.1   |  -0.4   |
| 保险 | 601319 | 中国人保 | 2224.0 | 6.4  | 0.2  |   0.0   |  -3.3   |
| 保险 | 601336 | 新华保险 | 986.7  | 18.4 | -1.3 |  -0.3   |  -2.7   |
| 保险 | 000627 | 天茂集团 | 167.0  | 28.3 | -0.9 |  -0.6   |  -6.1   |
+------+--------+----------+--------+------+------+---------+---------+
 




 [行业>单日涨幅]
+------+--------+----------+--------+------+------+---------+---------+
| 行业 |  代码  |   名称   |  市值  |  pe  | 涨幅 | 3日涨幅 | 6日涨幅 |
+------+--------+----------+--------+------+------+---------+---------+
| 保险 | 601318 | 中国平安 | 8493.0 | 10.3 | 0.3  |  -0.7   |  -0.6   |
| 保险 | 601319 | 中国人保 | 2224.0 | 6.4  | 0.2  |   0.0   |  -3.3   |
| 保险 | 601601 | 中国太保 | 2246.0 | 10.3 | -0.5 |   0.1   |  -0.4   |
| 保险 | 000627 | 天茂集团 | 167.0  | 28.3 | -0.9 |  -0.6   |  -6.1   |
| 保险 | 601336 | 新华保险 | 986.7  | 18.4 | -1.3 |  -0.3   |  -2.7   |
| 保险 | 601628 | 中国人寿 | 8626.0 | 14.2 | -1.6 |   0.0   |  -3.9   |
+------+--------+----------+--------+------+------+---------+---------+
