[行业>市值]
+----------+--------+----------+-------+--------+------+---------+---------+
|   行业   |  代码  |   名称   | 市值  |   pe   | 涨幅 | 3日涨幅 | 6日涨幅 |
+----------+--------+----------+-------+--------+------+---------+---------+
| 包装材料 | 002191 | 劲嘉股份 | 146.1 |  12.0  | 2.2  |  -6.8   |   4.1   |
| 包装材料 | 002701 |  奥瑞金  | 133.6 |  16.2  | 0.4  |  -0.8   |  -1.3   |
| 包装材料 | 600210 | 紫江企业 | 99.7  |  20.5  | 3.0  |   2.7   |  -2.2   |
| 包装材料 | 601968 | 宝钢包装 | 87.4  |  34.0  | 1.2  |   1.3   |   3.9   |
| 包装材料 | 601515 | 东风股份 | 85.7  |  17.7  | 1.3  |   0.7   |  -0.2   |
| 包装材料 | 002565 | 顺灏股份 | 52.6  | -454.8 | 2.1  |  -1.8   |   9.5   |
| 包装材料 | 002303 |  美盈森  | 52.2  |  31.7  | -0.3 |  -0.9   |   0.6   |
| 包装材料 | 301062 | 上海艾录 | 49.6  |  39.1  | 5.0  |   6.4   |   6.1   |
| 包装材料 | 002752 | 昇兴股份 | 47.4  |  25.2  | -0.6 |   1.0   |   4.8   |
| 包装材料 | 600836 | 上海易连 | 45.4  | 521.5  | 0.1  |   0.5   |   0.1   |
| 包装材料 | 000812 | 陕西金叶 | 45.3  | 174.1  | 1.0  |   0.9   |   0.0   |
| 包装材料 | 002735 | 王子新材 | 44.9  |  27.5  | 2.2  |   3.4   |   1.6   |
| 包装材料 | 002228 | 合兴包装 | 44.5  |  21.2  | 0.0  |  -0.8   |   4.1   |
| 包装材料 | 000659 | 珠海中富 | 43.7  | -56.2  | 10.0 |   8.3   |   9.0   |
| 包装材料 | 603687 |  大胜达  | 41.5  |  42.4  | -0.1 |   6.9   |   8.4   |
| 包装材料 | 002014 | 永新股份 | 41.1  |  15.8  | -0.3 |   0.9   |  -0.1   |
| 包装材料 | 002969 | 嘉美包装 | 39.9  | 170.2  | -0.5 |   2.5   |   2.2   |
| 包装材料 | 002951 | 金时科技 | 37.3  | 973.6  | -6.6 |  -11.1  |  11.2   |
| 包装材料 | 300501 | 海顺新材 | 29.0  |  28.4  | -0.6 |  -0.5   |   0.7   |
| 包装材料 | 002799 | 环球印务 | 28.9  |  26.3  | 1.8  |   1.1   |   1.1   |
| 包装材料 | 002599 | 盛通股份 | 26.8  | -27.0  | 1.8  |  -1.0   |  -2.0   |
| 包装材料 | 002846 | 英联股份 | 20.4  | -96.2  | 1.6  |   2.4   |   0.2   |
| 包装材料 | 603022 |  新通联  | 18.5  |  57.8  | 2.4  |   2.8   |   4.4   |
| 包装材料 | 002787 | 华源控股 | 18.3  | 142.9  | -0.5 |   0.0   |  -0.3   |
| 包装材料 | 003003 | 天元股份 | 16.1  | 1386.6 | -0.4 |  -0.2   |   1.3   |
+----------+--------+----------+-------+--------+------+---------+---------+
 




 [行业>单日涨幅]
+----------+--------+----------+-------+--------+------+---------+---------+
|   行业   |  代码  |   名称   | 市值  |   pe   | 涨幅 | 3日涨幅 | 6日涨幅 |
+----------+--------+----------+-------+--------+------+---------+---------+
| 包装材料 | 000659 | 珠海中富 | 43.7  | -56.2  | 10.0 |   8.3   |   9.0   |
| 包装材料 | 301062 | 上海艾录 | 49.6  |  39.1  | 5.0  |   6.4   |   6.1   |
| 包装材料 | 600210 | 紫江企业 | 99.7  |  20.5  | 3.0  |   2.7   |  -2.2   |
| 包装材料 | 603022 |  新通联  | 18.5  |  57.8  | 2.4  |   2.8   |   4.4   |
| 包装材料 | 002735 | 王子新材 | 44.9  |  27.5  | 2.2  |   3.4   |   1.6   |
| 包装材料 | 002191 | 劲嘉股份 | 146.1 |  12.0  | 2.2  |  -6.8   |   4.1   |
| 包装材料 | 002565 | 顺灏股份 | 52.6  | -454.8 | 2.1  |  -1.8   |   9.5   |
| 包装材料 | 002599 | 盛通股份 | 26.8  | -27.0  | 1.8  |  -1.0   |  -2.0   |
| 包装材料 | 002799 | 环球印务 | 28.9  |  26.3  | 1.8  |   1.1   |   1.1   |
| 包装材料 | 002846 | 英联股份 | 20.4  | -96.2  | 1.6  |   2.4   |   0.2   |
| 包装材料 | 601515 | 东风股份 | 85.7  |  17.7  | 1.3  |   0.7   |  -0.2   |
| 包装材料 | 601968 | 宝钢包装 | 87.4  |  34.0  | 1.2  |   1.3   |   3.9   |
| 包装材料 | 000812 | 陕西金叶 | 45.3  | 174.1  | 1.0  |   0.9   |   0.0   |
| 包装材料 | 002701 |  奥瑞金  | 133.6 |  16.2  | 0.4  |  -0.8   |  -1.3   |
| 包装材料 | 600836 | 上海易连 | 45.4  | 521.5  | 0.1  |   0.5   |   0.1   |
| 包装材料 | 002228 | 合兴包装 | 44.5  |  21.2  | 0.0  |  -0.8   |   4.1   |
| 包装材料 | 603687 |  大胜达  | 41.5  |  42.4  | -0.1 |   6.9   |   8.4   |
| 包装材料 | 002303 |  美盈森  | 52.2  |  31.7  | -0.3 |  -0.9   |   0.6   |
| 包装材料 | 002014 | 永新股份 | 41.1  |  15.8  | -0.3 |   0.9   |  -0.1   |
| 包装材料 | 003003 | 天元股份 | 16.1  | 1386.6 | -0.4 |  -0.2   |   1.3   |
| 包装材料 | 002969 | 嘉美包装 | 39.9  | 170.2  | -0.5 |   2.5   |   2.2   |
| 包装材料 | 002787 | 华源控股 | 18.3  | 142.9  | -0.5 |   0.0   |  -0.3   |
| 包装材料 | 300501 | 海顺新材 | 29.0  |  28.4  | -0.6 |  -0.5   |   0.7   |
| 包装材料 | 002752 | 昇兴股份 | 47.4  |  25.2  | -0.6 |   1.0   |   4.8   |
| 包装材料 | 002951 | 金时科技 | 37.3  | 973.6  | -6.6 |  -11.1  |  11.2   |
+----------+--------+----------+-------+--------+------+---------+---------+
