[行业>市值]
+----------+--------+----------+--------+-------+------+---------+---------+
|   行业   |  代码  |   名称   |  市值  |  pe   | 涨幅 | 3日涨幅 | 6日涨幅 |
+----------+--------+----------+--------+-------+------+---------+---------+
| 化纤行业 | 002493 | 荣盛石化 | 1555.0 | 12.5  | 0.9  |  -0.1   |  -0.8   |
| 化纤行业 | 600346 | 恒力石化 | 1549.0 |  9.2  | -0.1 |  -0.2   |   0.2   |
| 化纤行业 | 000301 | 东方盛虹 | 1044.0 | 37.9  | 2.8  |   5.5   |  -5.5   |
| 化纤行业 | 002064 | 华峰化学 | 423.8  |  7.8  | 1.2  |   0.8   |   8.1   |
| 化纤行业 | 601233 | 桐昆股份 | 388.9  |  6.5  | 0.3  |   2.0   |   0.5   |
| 化纤行业 | 000703 | 恒逸石化 | 382.0  | 13.0  | 0.2  |  -1.6   |  -3.2   |
| 化纤行业 | 688295 | 中复神鹰 | 351.7  | 74.6  | 5.7  |   7.3   |  -1.2   |
| 化纤行业 | 300777 | 中简科技 | 218.2  | 60.2  | 3.5  |   5.2   |   1.8   |
| 化纤行业 | 603225 |  新凤鸣  | 171.8  | 15.1  | -0.5 |  -2.6   |   2.0   |
| 化纤行业 | 600063 | 皖维高新 | 150.4  |  9.1  | -0.5 |   1.4   |   2.4   |
| 化纤行业 | 002254 | 泰和新材 | 114.8  | 19.7  | -0.5 |   0.5   |   2.3   |
| 化纤行业 | 000420 | 吉林化纤 | 102.8  | -52.4 | -1.5 |  -1.7   |  -8.3   |
| 化纤行业 | 600810 | 神马股份 |  94.1  |  6.4  | 0.7  |   0.3   |  -1.1   |
| 化纤行业 | 002206 |  海利得  |  74.1  | 15.1  | -6.0 |  -5.8   |  -8.3   |
| 化纤行业 | 000949 | 新乡化纤 |  53.7  | 32.8  | -0.3 |   0.0   |   0.0   |
| 化纤行业 | 601113 | 华鼎股份 |  47.8  | -15.7 | -0.9 |  -3.5   |  -8.9   |
| 化纤行业 | 000936 | 华西股份 |  47.4  | 61.4  | 0.2  |  -1.8   |  -1.5   |
| 化纤行业 | 600527 | 江南高纤 |  40.2  | 62.8  | 1.3  |   6.9   |   7.4   |
| 化纤行业 | 688722 |  同益中  |  39.0  | 31.9  | -1.3 |   5.2   |  -3.5   |
| 化纤行业 | 603332 | 苏州龙杰 |  38.7  | -72.0 | 1.4  |   8.3   |   8.3   |
| 化纤行业 | 002427 | *ST尤夫  |  38.4  | -5.4  | -1.4 |   8.7   |   6.2   |
| 化纤行业 | 301057 | 汇隆新材 |  28.4  | 57.1  | 6.1  |   4.9   |   8.1   |
| 化纤行业 | 002172 | 澳洋健康 |  27.7  | 21.3  | -1.1 |   0.0   |   4.1   |
| 化纤行业 | 000677 | 恒天海龙 |  26.4  | 42.4  | -0.7 |   1.0   |   3.7   |
| 化纤行业 | 000782 | 美达股份 |  24.8  | 31.1  | -0.4 |  -0.4   |   2.9   |
| 化纤行业 | 002998 | 优彩资源 |  23.2  | 19.4  | 0.0  |   0.4   |   1.4   |
| 化纤行业 | 300876 | 蒙泰高新 |  21.5  | 35.5  | 0.7  |  -0.3   |   0.8   |
| 化纤行业 | 600889 | 南京化纤 |  18.5  | -14.7 | 1.6  |   5.9   |   7.2   |
+----------+--------+----------+--------+-------+------+---------+---------+
 




 [行业>单日涨幅]
+----------+--------+----------+--------+-------+------+---------+---------+
|   行业   |  代码  |   名称   |  市值  |  pe   | 涨幅 | 3日涨幅 | 6日涨幅 |
+----------+--------+----------+--------+-------+------+---------+---------+
| 化纤行业 | 301057 | 汇隆新材 |  28.4  | 57.1  | 6.1  |   4.9   |   8.1   |
| 化纤行业 | 688295 | 中复神鹰 | 351.7  | 74.6  | 5.7  |   7.3   |  -1.2   |
| 化纤行业 | 300777 | 中简科技 | 218.2  | 60.2  | 3.5  |   5.2   |   1.8   |
| 化纤行业 | 000301 | 东方盛虹 | 1044.0 | 37.9  | 2.8  |   5.5   |  -5.5   |
| 化纤行业 | 600889 | 南京化纤 |  18.5  | -14.7 | 1.6  |   5.9   |   7.2   |
| 化纤行业 | 603332 | 苏州龙杰 |  38.7  | -72.0 | 1.4  |   8.3   |   8.3   |
| 化纤行业 | 600527 | 江南高纤 |  40.2  | 62.8  | 1.3  |   6.9   |   7.4   |
| 化纤行业 | 002064 | 华峰化学 | 423.8  |  7.8  | 1.2  |   0.8   |   8.1   |
| 化纤行业 | 002493 | 荣盛石化 | 1555.0 | 12.5  | 0.9  |  -0.1   |  -0.8   |
| 化纤行业 | 300876 | 蒙泰高新 |  21.5  | 35.5  | 0.7  |  -0.3   |   0.8   |
| 化纤行业 | 600810 | 神马股份 |  94.1  |  6.4  | 0.7  |   0.3   |  -1.1   |
| 化纤行业 | 601233 | 桐昆股份 | 388.9  |  6.5  | 0.3  |   2.0   |   0.5   |
| 化纤行业 | 000703 | 恒逸石化 | 382.0  | 13.0  | 0.2  |  -1.6   |  -3.2   |
| 化纤行业 | 000936 | 华西股份 |  47.4  | 61.4  | 0.2  |  -1.8   |  -1.5   |
| 化纤行业 | 002998 | 优彩资源 |  23.2  | 19.4  | 0.0  |   0.4   |   1.4   |
| 化纤行业 | 600346 | 恒力石化 | 1549.0 |  9.2  | -0.1 |  -0.2   |   0.2   |
| 化纤行业 | 000949 | 新乡化纤 |  53.7  | 32.8  | -0.3 |   0.0   |   0.0   |
| 化纤行业 | 000782 | 美达股份 |  24.8  | 31.1  | -0.4 |  -0.4   |   2.9   |
| 化纤行业 | 600063 | 皖维高新 | 150.4  |  9.1  | -0.5 |   1.4   |   2.4   |
| 化纤行业 | 603225 |  新凤鸣  | 171.8  | 15.1  | -0.5 |  -2.6   |   2.0   |
| 化纤行业 | 002254 | 泰和新材 | 114.8  | 19.7  | -0.5 |   0.5   |   2.3   |
| 化纤行业 | 000677 | 恒天海龙 |  26.4  | 42.4  | -0.7 |   1.0   |   3.7   |
| 化纤行业 | 601113 | 华鼎股份 |  47.8  | -15.7 | -0.9 |  -3.5   |  -8.9   |
| 化纤行业 | 002172 | 澳洋健康 |  27.7  | 21.3  | -1.1 |   0.0   |   4.1   |
| 化纤行业 | 688722 |  同益中  |  39.0  | 31.9  | -1.3 |   5.2   |  -3.5   |
| 化纤行业 | 002427 | *ST尤夫  |  38.4  | -5.4  | -1.4 |   8.7   |   6.2   |
| 化纤行业 | 000420 | 吉林化纤 | 102.8  | -52.4 | -1.5 |  -1.7   |  -8.3   |
| 化纤行业 | 002206 |  海利得  |  74.1  | 15.1  | -6.0 |  -5.8   |  -8.3   |
+----------+--------+----------+--------+-------+------+---------+---------+
