[行业>市值]
+----------+--------+----------+--------+-------+------+---------+---------+
|   行业   |  代码  |   名称   |  市值  |  pe   | 涨幅 | 3日涨幅 | 6日涨幅 |
+----------+--------+----------+--------+-------+------+---------+---------+
| 化肥行业 | 000792 | 盐湖股份 | 1721.0 | 12.3  | 2.8  |   5.9   |   7.9   |
| 化肥行业 | 600096 |  云天化  | 613.6  |  9.3  | 1.6  |   7.0   |  13.6   |
| 化肥行业 | 000408 | 藏格矿业 | 579.4  | 17.8  | 3.6  |  15.3   |  11.7   |
| 化肥行业 | 600141 | 兴发集团 | 506.5  |  7.4  | -1.3 |   6.5   |  11.7   |
| 化肥行业 | 002312 | 川发龙蟒 | 305.5  | 28.0  | -3.2 |  -2.5   |   5.2   |
| 化肥行业 | 000893 | 亚钾国际 | 278.0  | 24.8  | 3.7  |   8.1   |   6.2   |
| 化肥行业 | 000902 |  新洋丰  | 229.7  | 14.1  | 2.3  |   4.9   |   4.0   |
| 化肥行业 | 002895 | 川恒股份 | 183.9  | 44.2  | 3.3  |   7.2   |  11.3   |
| 化肥行业 | 002539 | 云图控股 | 173.9  |  9.3  | 2.6  |   8.3   |   7.0   |
| 化肥行业 | 603938 | 三孚股份 | 150.9  | 25.1  | 10.0 |  13.4   |   5.4   |
| 化肥行业 | 002556 | 辉隆股份 | 110.2  | 13.2  | 0.7  |   1.9   |   1.5   |
| 化肥行业 | 002538 |  司尔特  |  99.9  | 16.2  | 1.1  |   8.5   |  12.3   |
| 化肥行业 | 600691 | 阳煤化工 |  96.5  | 26.0  | 0.2  |   0.2   |  -2.4   |
| 化肥行业 | 002274 | 华昌化工 |  93.0  |  9.5  | -0.9 |   0.5   |  -1.4   |
| 化肥行业 | 002588 |  史丹利  |  85.2  | 14.2  | 4.1  |  18.1   |  15.9   |
| 化肥行业 | 000912 |  泸天化  |  84.7  | 15.1  | 1.3  |   2.9   |   1.3   |
| 化肥行业 | 600078 | *ST澄星  |  81.6  | 30.2  | 4.9  |   8.8   |   7.1   |
| 化肥行业 | 002470 |  ST金正  |  76.2  | -73.1 | 5.0  |   9.9   |   5.9   |
| 化肥行业 | 300505 |  川金诺  |  74.8  | 31.2  | 1.1  |   6.2   |  25.4   |
| 化肥行业 | 002170 | 芭田股份 |  61.5  | 70.7  | 1.3  |  11.4   |   7.8   |
| 化肥行业 | 000731 | 四川美丰 |  55.5  |  7.8  | 1.9  |   4.4   |   4.4   |
| 化肥行业 | 600470 | 六国化工 |  41.0  | 15.4  | 2.6  |   6.1   |   3.3   |
| 化肥行业 | 002999 | 天禾股份 |  25.8  | 46.1  | 0.3  |   2.8   |   0.9   |
| 化肥行业 | 300387 | 富邦股份 |  20.6  | 38.1  | 0.6  |   3.5   |   3.2   |
+----------+--------+----------+--------+-------+------+---------+---------+
 




 [行业>单日涨幅]
+----------+--------+----------+--------+-------+------+---------+---------+
|   行业   |  代码  |   名称   |  市值  |  pe   | 涨幅 | 3日涨幅 | 6日涨幅 |
+----------+--------+----------+--------+-------+------+---------+---------+
| 化肥行业 | 603938 | 三孚股份 | 150.9  | 25.1  | 10.0 |  13.4   |   5.4   |
| 化肥行业 | 002470 |  ST金正  |  76.2  | -73.1 | 5.0  |   9.9   |   5.9   |
| 化肥行业 | 600078 | *ST澄星  |  81.6  | 30.2  | 4.9  |   8.8   |   7.1   |
| 化肥行业 | 002588 |  史丹利  |  85.2  | 14.2  | 4.1  |  18.1   |  15.9   |
| 化肥行业 | 000893 | 亚钾国际 | 278.0  | 24.8  | 3.7  |   8.1   |   6.2   |
| 化肥行业 | 000408 | 藏格矿业 | 579.4  | 17.8  | 3.6  |  15.3   |  11.7   |
| 化肥行业 | 002895 | 川恒股份 | 183.9  | 44.2  | 3.3  |   7.2   |  11.3   |
| 化肥行业 | 000792 | 盐湖股份 | 1721.0 | 12.3  | 2.8  |   5.9   |   7.9   |
| 化肥行业 | 002539 | 云图控股 | 173.9  |  9.3  | 2.6  |   8.3   |   7.0   |
| 化肥行业 | 600470 | 六国化工 |  41.0  | 15.4  | 2.6  |   6.1   |   3.3   |
| 化肥行业 | 000902 |  新洋丰  | 229.7  | 14.1  | 2.3  |   4.9   |   4.0   |
| 化肥行业 | 000731 | 四川美丰 |  55.5  |  7.8  | 1.9  |   4.4   |   4.4   |
| 化肥行业 | 600096 |  云天化  | 613.6  |  9.3  | 1.6  |   7.0   |  13.6   |
| 化肥行业 | 002170 | 芭田股份 |  61.5  | 70.7  | 1.3  |  11.4   |   7.8   |
| 化肥行业 | 000912 |  泸天化  |  84.7  | 15.1  | 1.3  |   2.9   |   1.3   |
| 化肥行业 | 300505 |  川金诺  |  74.8  | 31.2  | 1.1  |   6.2   |  25.4   |
| 化肥行业 | 002538 |  司尔特  |  99.9  | 16.2  | 1.1  |   8.5   |  12.3   |
| 化肥行业 | 002556 | 辉隆股份 | 110.2  | 13.2  | 0.7  |   1.9   |   1.5   |
| 化肥行业 | 300387 | 富邦股份 |  20.6  | 38.1  | 0.6  |   3.5   |   3.2   |
| 化肥行业 | 002999 | 天禾股份 |  25.8  | 46.1  | 0.3  |   2.8   |   0.9   |
| 化肥行业 | 600691 | 阳煤化工 |  96.5  | 26.0  | 0.2  |   0.2   |  -2.4   |
| 化肥行业 | 002274 | 华昌化工 |  93.0  |  9.5  | -0.9 |   0.5   |  -1.4   |
| 化肥行业 | 600141 | 兴发集团 | 506.5  |  7.4  | -1.3 |   6.5   |  11.7   |
| 化肥行业 | 002312 | 川发龙蟒 | 305.5  | 28.0  | -3.2 |  -2.5   |   5.2   |
+----------+--------+----------+--------+-------+------+---------+---------+
