[行业>市值]
+----------+--------+----------+--------+--------+------+---------+---------+
|   行业   |  代码  |   名称   |  市值  |   pe   | 涨幅 | 3日涨幅 | 6日涨幅 |
+----------+--------+----------+--------+--------+------+---------+---------+
| 工程机械 | 600031 | 三一重工 | 1684.0 |  26.5  | -0.1 |   7.8   |   9.5   |
| 工程机械 | 601100 | 恒立液压 | 822.4  |  38.9  | 0.2  |   4.9   |   9.1   |
| 工程机械 | 000157 | 中联重科 | 559.7  |  15.4  | -0.1 |   5.9   |   8.0   |
| 工程机械 | 000425 | 徐工机械 | 431.6  |  7.7   | -0.5 |   2.4   |   3.4   |
| 工程机械 | 603338 | 浙江鼎力 | 258.7  |  33.0  | -0.2 |   2.9   |   5.5   |
| 工程机械 | 688425 | 铁建重工 | 219.7  |  14.6  | -0.7 |   1.7   |   0.7   |
| 工程机械 | 603638 | 艾迪精密 | 190.3  |  65.8  | 10.0 |  11.4   |  12.7   |
| 工程机械 | 603298 | 杭叉集团 | 137.7  |  18.1  | -0.1 |   2.7   |   6.3   |
| 工程机械 | 000528 |   柳工   | 131.0  |  12.9  | -0.1 |   2.5   |   3.1   |
| 工程机械 | 002204 | 大连重工 | 102.2  |  36.6  | 10.0 |  20.8   |   9.8   |
| 工程机械 | 600761 | 安徽合力 |  90.5  |  11.7  | -2.7 |   3.7   |  17.9   |
| 工程机械 | 000680 | 山推股份 |  85.9  |  5.9   | 0.0  |  14.6   |  18.7   |
| 工程机械 | 600984 | 建设机械 |  82.5  | -38.2  | -1.5 |   5.5   |  11.6   |
| 工程机械 | 002097 | 山河智能 |  75.5  | -38.5  | -1.8 |   2.7   |   4.8   |
| 工程机械 | 605305 | 中际联合 |  74.2  |  42.1  | -0.8 |   0.0   |  -8.9   |
| 工程机械 | 600375 | 汉马科技 |  59.4  |  -9.1  | -3.2 |  -3.3   |  -11.5  |
| 工程机械 | 601226 | 华电重工 |  58.0  | -13.3  | -1.4 |  -0.6   |  -1.4   |
| 工程机械 | 600817 | 宇通重工 |  57.8  |  17.0  | 1.2  |   9.3   |   8.3   |
| 工程机械 | 600815 | 厦工股份 |  54.8  | -716.9 | 0.7  |  10.4   |  10.0   |
| 工程机械 | 300718 | 长盛轴承 |  51.9  |  42.9  | 7.1  |   7.3   |  19.2   |
| 工程机械 | 603611 | 诺力股份 |  46.7  |  16.2  | -1.7 |   1.4   |   1.8   |
| 工程机械 | 605389 | 长龄液压 |  37.7  |  22.3  | 1.1  |   3.3   |   2.6   |
| 工程机械 | 301040 | 中环海陆 |  29.6  |  43.4  | -1.2 |  -2.0   |  -5.7   |
| 工程机械 | 002272 | 川润股份 |  25.6  |  65.9  | -2.7 |   7.8   |   3.4   |
| 工程机械 | 001288 | 运机集团 |  25.4  |  30.0  | -1.8 |   0.2   |   7.6   |
| 工程机械 | 300201 | *ST海伦  |  21.6  |  16.5  | 1.0  |   4.0   |   1.5   |
| 工程机械 | 300022 | 吉峰科技 |  18.0  | -216.2 | 0.6  |   0.4   |  -1.2   |
+----------+--------+----------+--------+--------+------+---------+---------+
 




 [行业>单日涨幅]
+----------+--------+----------+--------+--------+------+---------+---------+
|   行业   |  代码  |   名称   |  市值  |   pe   | 涨幅 | 3日涨幅 | 6日涨幅 |
+----------+--------+----------+--------+--------+------+---------+---------+
| 工程机械 | 603638 | 艾迪精密 | 190.3  |  65.8  | 10.0 |  11.4   |  12.7   |
| 工程机械 | 002204 | 大连重工 | 102.2  |  36.6  | 10.0 |  20.8   |   9.8   |
| 工程机械 | 300718 | 长盛轴承 |  51.9  |  42.9  | 7.1  |   7.3   |  19.2   |
| 工程机械 | 600817 | 宇通重工 |  57.8  |  17.0  | 1.2  |   9.3   |   8.3   |
| 工程机械 | 605389 | 长龄液压 |  37.7  |  22.3  | 1.1  |   3.3   |   2.6   |
| 工程机械 | 300201 | *ST海伦  |  21.6  |  16.5  | 1.0  |   4.0   |   1.5   |
| 工程机械 | 600815 | 厦工股份 |  54.8  | -716.9 | 0.7  |  10.4   |  10.0   |
| 工程机械 | 300022 | 吉峰科技 |  18.0  | -216.2 | 0.6  |   0.4   |  -1.2   |
| 工程机械 | 601100 | 恒立液压 | 822.4  |  38.9  | 0.2  |   4.9   |   9.1   |
| 工程机械 | 000680 | 山推股份 |  85.9  |  5.9   | 0.0  |  14.6   |  18.7   |
| 工程机械 | 600031 | 三一重工 | 1684.0 |  26.5  | -0.1 |   7.8   |   9.5   |
| 工程机械 | 603298 | 杭叉集团 | 137.7  |  18.1  | -0.1 |   2.7   |   6.3   |
| 工程机械 | 000157 | 中联重科 | 559.7  |  15.4  | -0.1 |   5.9   |   8.0   |
| 工程机械 | 000528 |   柳工   | 131.0  |  12.9  | -0.1 |   2.5   |   3.1   |
| 工程机械 | 603338 | 浙江鼎力 | 258.7  |  33.0  | -0.2 |   2.9   |   5.5   |
| 工程机械 | 000425 | 徐工机械 | 431.6  |  7.7   | -0.5 |   2.4   |   3.4   |
| 工程机械 | 688425 | 铁建重工 | 219.7  |  14.6  | -0.7 |   1.7   |   0.7   |
| 工程机械 | 605305 | 中际联合 |  74.2  |  42.1  | -0.8 |   0.0   |  -8.9   |
| 工程机械 | 301040 | 中环海陆 |  29.6  |  43.4  | -1.2 |  -2.0   |  -5.7   |
| 工程机械 | 601226 | 华电重工 |  58.0  | -13.3  | -1.4 |  -0.6   |  -1.4   |
| 工程机械 | 600984 | 建设机械 |  82.5  | -38.2  | -1.5 |   5.5   |  11.6   |
| 工程机械 | 603611 | 诺力股份 |  46.7  |  16.2  | -1.7 |   1.4   |   1.8   |
| 工程机械 | 001288 | 运机集团 |  25.4  |  30.0  | -1.8 |   0.2   |   7.6   |
| 工程机械 | 002097 | 山河智能 |  75.5  | -38.5  | -1.8 |   2.7   |   4.8   |
| 工程机械 | 002272 | 川润股份 |  25.6  |  65.9  | -2.7 |   7.8   |   3.4   |
| 工程机械 | 600761 | 安徽合力 |  90.5  |  11.7  | -2.7 |   3.7   |  17.9   |
| 工程机械 | 600375 | 汉马科技 |  59.4  |  -9.1  | -3.2 |  -3.3   |  -11.5  |
+----------+--------+----------+--------+--------+------+---------+---------+
