[行业>市值]
+----------+--------+----------+-------+--------+------+---------+---------+
|   行业   |  代码  |   名称   | 市值  |   pe   | 涨幅 | 3日涨幅 | 6日涨幅 |
+----------+--------+----------+-------+--------+------+---------+---------+
| 橡胶制品 | 601966 | 玲珑轮胎 | 383.2 | -104.3 | 3.3  |   0.7   |  -3.1   |
| 橡胶制品 | 601058 | 赛轮轮胎 | 338.5 |  26.3  | 4.0  |  -6.2   |  -7.8   |
| 橡胶制品 | 000887 | 中鼎股份 | 249.1 |  24.8  | 2.4  |   4.2   |  -6.3   |
| 橡胶制品 | 601118 | 海南橡胶 | 204.6 | -180.6 | 0.4  |   3.9   |   1.7   |
| 橡胶制品 | 002984 |  森麒麟  | 204.4 |  21.9  | 5.1  |   2.1   |  -8.3   |
| 橡胶制品 | 603650 | XD彤程新 | 187.8 |  65.2  | -2.4 |   3.3   |  -0.6   |
| 橡胶制品 | 603033 | 三维股份 | 180.7 |  92.8  | 0.9  |   4.5   |   1.1   |
| 橡胶制品 | 300587 | 天铁股份 | 139.2 |  30.1  | 3.4  |  14.9   |  18.3   |
| 橡胶制品 | 300767 | 震安科技 | 135.4 | 104.0  | -2.6 |   0.5   |  -4.8   |
| 橡胶制品 | 002068 | 黑猫股份 | 125.0 | -299.8 | 10.0 |  19.1   |  11.2   |
| 橡胶制品 | 601163 | 三角轮胎 | 93.8  |  40.1  | 1.2  |   0.1   |  -1.7   |
| 橡胶制品 | 300320 | 海达股份 | 85.4  |  53.0  | -5.0 |   0.0   |  -2.7   |
| 橡胶制品 | 605183 | 确成股份 | 83.5  |  24.9  | 2.9  |   5.2   |   6.7   |
| 橡胶制品 | 000589 | 贵州轮胎 | 50.3  |  22.3  | 0.5  |  -1.4   |  -8.2   |
| 橡胶制品 | 601500 | 通用股份 | 47.8  | 161.2  | -0.2 |  -2.8   |  -2.8   |
| 橡胶制品 | 600182 | S*ST佳通 | 47.5  | 295.3  | -0.1 |   3.8   |   5.2   |
| 橡胶制品 | 300121 | 阳谷华泰 | 41.3  |  9.1   | 1.1  |   2.2   |   2.1   |
| 橡胶制品 | 002753 | 永东股份 | 38.1  |  90.2  | 7.5  |  -4.3   |   3.1   |
| 橡胶制品 | 300547 | 川环科技 | 36.9  |  43.8  | -0.1 |   2.8   |   3.4   |
| 橡胶制品 | 600469 | 风神股份 | 34.1  | -20.6  | -3.1 |  -2.9   |   2.4   |
| 橡胶制品 | 002224 |  三力士  | 33.9  | -156.6 | 0.2  |   0.4   |  -3.5   |
| 橡胶制品 | 000599 | 青岛双星 | 32.3  |  -5.5  | -0.8 |  -2.5   |  -3.4   |
| 橡胶制品 | 001207 | 联科科技 | 30.8  |  32.5  | -2.6 |   2.3   |   3.8   |
| 橡胶制品 | 300731 | 科创新源 | 29.6  | -66.4  | -5.2 |  -2.3   |  -14.6  |
| 橡胶制品 | 002442 | 龙星化工 | 28.1  |  61.5  | 3.1  |   4.0   |   0.7   |
| 橡胶制品 | 002381 | 双箭股份 | 26.1  |  20.1  | -0.5 |   0.2   |   0.9   |
| 橡胶制品 | 301233 | 盛帮股份 | 21.4  |  36.3  | 0.0  |   0.0   |   0.0   |
+----------+--------+----------+-------+--------+------+---------+---------+
 




 [行业>单日涨幅]
+----------+--------+----------+-------+--------+------+---------+---------+
|   行业   |  代码  |   名称   | 市值  |   pe   | 涨幅 | 3日涨幅 | 6日涨幅 |
+----------+--------+----------+-------+--------+------+---------+---------+
| 橡胶制品 | 002068 | 黑猫股份 | 125.0 | -299.8 | 10.0 |  19.1   |  11.2   |
| 橡胶制品 | 002753 | 永东股份 | 38.1  |  90.2  | 7.5  |  -4.3   |   3.1   |
| 橡胶制品 | 002984 |  森麒麟  | 204.4 |  21.9  | 5.1  |   2.1   |  -8.3   |
| 橡胶制品 | 601058 | 赛轮轮胎 | 338.5 |  26.3  | 4.0  |  -6.2   |  -7.8   |
| 橡胶制品 | 300587 | 天铁股份 | 139.2 |  30.1  | 3.4  |  14.9   |  18.3   |
| 橡胶制品 | 601966 | 玲珑轮胎 | 383.2 | -104.3 | 3.3  |   0.7   |  -3.1   |
| 橡胶制品 | 002442 | 龙星化工 | 28.1  |  61.5  | 3.1  |   4.0   |   0.7   |
| 橡胶制品 | 605183 | 确成股份 | 83.5  |  24.9  | 2.9  |   5.2   |   6.7   |
| 橡胶制品 | 000887 | 中鼎股份 | 249.1 |  24.8  | 2.4  |   4.2   |  -6.3   |
| 橡胶制品 | 601163 | 三角轮胎 | 93.8  |  40.1  | 1.2  |   0.1   |  -1.7   |
| 橡胶制品 | 300121 | 阳谷华泰 | 41.3  |  9.1   | 1.1  |   2.2   |   2.1   |
| 橡胶制品 | 603033 | 三维股份 | 180.7 |  92.8  | 0.9  |   4.5   |   1.1   |
| 橡胶制品 | 000589 | 贵州轮胎 | 50.3  |  22.3  | 0.5  |  -1.4   |  -8.2   |
| 橡胶制品 | 601118 | 海南橡胶 | 204.6 | -180.6 | 0.4  |   3.9   |   1.7   |
| 橡胶制品 | 002224 |  三力士  | 33.9  | -156.6 | 0.2  |   0.4   |  -3.5   |
| 橡胶制品 | 301233 | 盛帮股份 | 21.4  |  36.3  | 0.0  |   0.0   |   0.0   |
| 橡胶制品 | 300547 | 川环科技 | 36.9  |  43.8  | -0.1 |   2.8   |   3.4   |
| 橡胶制品 | 600182 | S*ST佳通 | 47.5  | 295.3  | -0.1 |   3.8   |   5.2   |
| 橡胶制品 | 601500 | 通用股份 | 47.8  | 161.2  | -0.2 |  -2.8   |  -2.8   |
| 橡胶制品 | 002381 | 双箭股份 | 26.1  |  20.1  | -0.5 |   0.2   |   0.9   |
| 橡胶制品 | 000599 | 青岛双星 | 32.3  |  -5.5  | -0.8 |  -2.5   |  -3.4   |
| 橡胶制品 | 603650 | XD彤程新 | 187.8 |  65.2  | -2.4 |   3.3   |  -0.6   |
| 橡胶制品 | 001207 | 联科科技 | 30.8  |  32.5  | -2.6 |   2.3   |   3.8   |
| 橡胶制品 | 300767 | 震安科技 | 135.4 | 104.0  | -2.6 |   0.5   |  -4.8   |
| 橡胶制品 | 600469 | 风神股份 | 34.1  | -20.6  | -3.1 |  -2.9   |   2.4   |
| 橡胶制品 | 300320 | 海达股份 | 85.4  |  53.0  | -5.0 |   0.0   |  -2.7   |
| 橡胶制品 | 300731 | 科创新源 | 29.6  | -66.4  | -5.2 |  -2.3   |  -14.6  |
+----------+--------+----------+-------+--------+------+---------+---------+
