[行业>市值]
+----------+--------+----------+--------+-------+------+---------+---------+
|   行业   |  代码  |   名称   |  市值  |  pe   | 涨幅 | 3日涨幅 | 6日涨幅 |
+----------+--------+----------+--------+-------+------+---------+---------+
| 汽车整车 | 002594 |  比亚迪  | 9786.0 | 302.6 | 2.1  |   1.4   |  -4.2   |
| 汽车整车 | 601633 | 长城汽车 | 3350.0 | 51.2  | -2.9 |  -4.9   |  -9.4   |
| 汽车整车 | 600104 | 上汽集团 | 2012.0 |  9.1  | -1.4 |  -3.9   |  -5.3   |
| 汽车整车 | 000625 | 长安汽车 | 1775.0 |  9.8  | -1.4 |  -2.4   |   5.2   |
| 汽车整车 | 601238 | 广汽集团 | 1631.0 | 13.6  | -1.1 |  -1.2   |  -10.7  |
| 汽车整车 | 601127 | 小康股份 | 1129.0 | -33.6 | -1.8 |   5.1   |  -2.4   |
| 汽车整车 | 000800 | 一汽解放 | 429.1  | 23.7  | -1.8 |  -2.9   |  -3.0   |
| 汽车整车 | 600733 | 北汽蓝谷 | 391.4  | -10.2 | -1.5 |  -1.2   |  -8.7   |
| 汽车整车 | 600418 | 江淮汽车 | 376.1  | -32.4 | -0.8 |   8.5   |  26.1   |
| 汽车整车 | 601777 | 力帆科技 | 236.3  | 116.2 | -2.4 |  -5.4   |  -8.2   |
| 汽车整车 | 301039 | 中集车辆 | 216.1  | 43.4  | -1.8 |  -4.5   |  -6.9   |
| 汽车整车 | 600066 | 宇通客车 | 188.4  | -40.7 | -1.4 |  -2.7   |  -5.5   |
| 汽车整车 | 600166 | 福田汽车 | 180.8  | 33.4  | -1.4 |  -4.5   |  -7.1   |
| 汽车整车 | 000980 |  ST众泰  | 180.5  | -28.8 | 0.0  |  -0.6   |  -2.5   |
| 汽车整车 | 000951 | 中国重汽 | 162.5  | 32.7  | -3.2 |   7.7   |   3.4   |
| 汽车整车 | 000550 | 江铃汽车 | 152.6  | 19.7  | 10.0 |   8.3   |   4.4   |
| 汽车整车 | 600006 | 东风汽车 | 145.6  | 30.7  | -3.8 |  -7.8   |  -7.3   |
| 汽车整车 | 000957 | 中通客车 | 126.4  | -89.6 | 0.0  |   0.0   |   0.0   |
| 汽车整车 | 000572 | 海马汽车 |  97.0  | -39.8 | -2.5 |  -8.4   |  -5.8   |
| 汽车整车 | 600686 | 金龙汽车 |  48.5  | 313.1 | -3.7 |  -6.6   |  -4.4   |
| 汽车整车 | 000868 | 安凯客车 |  46.2  | -28.9 | -7.5 |  -14.2  |  -6.5   |
| 汽车整车 | 600213 | 亚星客车 |  29.7  | -17.0 | -5.8 |  -1.1   |   9.6   |
| 汽车整车 | 600303 |  ST曙光  |  22.0  | -16.9 | -5.0 |  -7.4   |  -6.6   |
+----------+--------+----------+--------+-------+------+---------+---------+
 




 [行业>单日涨幅]
+----------+--------+----------+--------+-------+------+---------+---------+
|   行业   |  代码  |   名称   |  市值  |  pe   | 涨幅 | 3日涨幅 | 6日涨幅 |
+----------+--------+----------+--------+-------+------+---------+---------+
| 汽车整车 | 000550 | 江铃汽车 | 152.6  | 19.7  | 10.0 |   8.3   |   4.4   |
| 汽车整车 | 002594 |  比亚迪  | 9786.0 | 302.6 | 2.1  |   1.4   |  -4.2   |
| 汽车整车 | 000980 |  ST众泰  | 180.5  | -28.8 | 0.0  |  -0.6   |  -2.5   |
| 汽车整车 | 000957 | 中通客车 | 126.4  | -89.6 | 0.0  |   0.0   |   0.0   |
| 汽车整车 | 600418 | 江淮汽车 | 376.1  | -32.4 | -0.8 |   8.5   |  26.1   |
| 汽车整车 | 601238 | 广汽集团 | 1631.0 | 13.6  | -1.1 |  -1.2   |  -10.7  |
| 汽车整车 | 600104 | 上汽集团 | 2012.0 |  9.1  | -1.4 |  -3.9   |  -5.3   |
| 汽车整车 | 000625 | 长安汽车 | 1775.0 |  9.8  | -1.4 |  -2.4   |   5.2   |
| 汽车整车 | 600066 | 宇通客车 | 188.4  | -40.7 | -1.4 |  -2.7   |  -5.5   |
| 汽车整车 | 600166 | 福田汽车 | 180.8  | 33.4  | -1.4 |  -4.5   |  -7.1   |
| 汽车整车 | 600733 | 北汽蓝谷 | 391.4  | -10.2 | -1.5 |  -1.2   |  -8.7   |
| 汽车整车 | 601127 | 小康股份 | 1129.0 | -33.6 | -1.8 |   5.1   |  -2.4   |
| 汽车整车 | 000800 | 一汽解放 | 429.1  | 23.7  | -1.8 |  -2.9   |  -3.0   |
| 汽车整车 | 301039 | 中集车辆 | 216.1  | 43.4  | -1.8 |  -4.5   |  -6.9   |
| 汽车整车 | 601777 | 力帆科技 | 236.3  | 116.2 | -2.4 |  -5.4   |  -8.2   |
| 汽车整车 | 000572 | 海马汽车 |  97.0  | -39.8 | -2.5 |  -8.4   |  -5.8   |
| 汽车整车 | 601633 | 长城汽车 | 3350.0 | 51.2  | -2.9 |  -4.9   |  -9.4   |
| 汽车整车 | 000951 | 中国重汽 | 162.5  | 32.7  | -3.2 |   7.7   |   3.4   |
| 汽车整车 | 600686 | 金龙汽车 |  48.5  | 313.1 | -3.7 |  -6.6   |  -4.4   |
| 汽车整车 | 600006 | 东风汽车 | 145.6  | 30.7  | -3.8 |  -7.8   |  -7.3   |
| 汽车整车 | 600303 |  ST曙光  |  22.0  | -16.9 | -5.0 |  -7.4   |  -6.6   |
| 汽车整车 | 600213 | 亚星客车 |  29.7  | -17.0 | -5.8 |  -1.1   |   9.6   |
| 汽车整车 | 000868 | 安凯客车 |  46.2  | -28.9 | -7.5 |  -14.2  |  -6.5   |
+----------+--------+----------+--------+-------+------+---------+---------+
