[行业>市值]
+------+--------+----------+-------+--------+------+---------+---------+
| 行业 |  代码  |   名称   | 市值  |   pe   | 涨幅 | 3日涨幅 | 6日涨幅 |
+------+--------+----------+-------+--------+------+---------+---------+
| 燃气 | 600956 | 新天绿能 | 535.1 |  14.3  | 2.9  |   3.6   |   1.6   |
| 燃气 | 600803 | 新奥股份 | 533.0 |  17.7  | 3.2  |   0.1   |   1.3   |
| 燃气 | 601139 | 深圳燃气 | 199.4 |  22.0  | 0.1  |  -0.3   |  -1.7   |
| 燃气 | 605090 | 九丰能源 | 130.0 |  8.3   | 1.9  |   1.9   |  -0.6   |
| 燃气 | 600917 | 重庆燃气 | 119.6 |  29.6  | 3.5  |   4.7   |   2.8   |
| 燃气 | 300332 | 天壕环境 | 110.5 |  20.9  | 6.0  |  13.5   |  19.6   |
| 燃气 | 000968 | 蓝焰控股 | 110.0 |  10.1  | 10.0 |  10.2   |  11.7   |
| 燃气 | 600635 | 大众公用 | 97.1  |  -7.5  | 0.3  |  -0.3   |  -1.8   |
| 燃气 | 603393 | 新天然气 | 94.1  |  11.4  | 4.6  |   3.8   |   3.7   |
| 燃气 | 600903 | 贵州燃气 | 90.7  | -36.6  | 1.4  |   1.9   |   0.5   |
| 燃气 | 002911 | 佛燃能源 | 87.5  |  29.2  | 1.2  |   1.8   |   1.9   |
| 燃气 | 603053 | 成都燃气 | 85.3  |  10.8  | 1.2  |   2.2   |   3.2   |
| 燃气 | 002267 | 陕天然气 | 78.5  |  3.9   | 1.9  |   1.0   |  -0.1   |
| 燃气 | 600617 | 国新能源 | 65.6  |  9.4   | 2.6  |   1.7   |   2.1   |
| 燃气 | 605368 | 蓝天燃气 | 63.8  |  8.3   | 2.1  |   1.6   |   0.8   |
| 燃气 | 600681 | 百川能源 | 61.1  |  10.5  | 0.9  |   0.5   |  -0.9   |
| 燃气 | 300435 | 中泰股份 | 60.1  |  24.1  | 1.6  |   3.3   |   2.7   |
| 燃气 | 300483 | 首华燃气 | 38.9  |  22.8  | 3.4  |   1.5   |   4.2   |
| 燃气 | 603689 | 皖天然气 | 33.9  |  12.6  | 1.6  |  -0.3   |   0.8   |
| 燃气 | 605169 | 洪通燃气 | 33.6  |  15.8  | 5.1  |   6.0   |   4.7   |
| 燃气 | 000407 | 胜利股份 | 32.9  |  26.7  | 1.1  |   0.5   |   2.2   |
| 燃气 | 603706 | 东方环宇 | 32.4  |  12.9  | 10.0 |  13.0   |   9.8   |
| 燃气 | 600333 | 长春燃气 | 31.0  | -66.4  | 3.0  |   2.8   |   1.8   |
| 燃气 | 603318 | 水发燃气 | 29.4  |  57.0  | 0.3  |   0.3   |  -0.6   |
| 燃气 | 000421 | 南京公用 | 27.9  | -53.3  | 1.5  |   3.0   |   3.4   |
| 燃气 | 002259 |  ST升达  | 21.2  | -141.9 | 0.4  |  -2.1   |  -3.1   |
| 燃气 | 000593 | 德龙汇能 | 20.6  | 217.9  | 0.9  |   2.5   |   2.1   |
| 燃气 | 603080 | 新疆火炬 | 18.9  |  13.1  | 1.5  |   2.9   |   1.5   |
| 燃气 | 002700 |  ST浩源  | 18.2  |  30.5  | 1.9  |   3.6   |   3.1   |
| 燃气 | 000669 |  ST金鸿  | 11.2  | -46.4  | -0.6 |   0.0   |   3.1   |
+------+--------+----------+-------+--------+------+---------+---------+
 




 [行业>单日涨幅]
+------+--------+----------+-------+--------+------+---------+---------+
| 行业 |  代码  |   名称   | 市值  |   pe   | 涨幅 | 3日涨幅 | 6日涨幅 |
+------+--------+----------+-------+--------+------+---------+---------+
| 燃气 | 603706 | 东方环宇 | 32.4  |  12.9  | 10.0 |  13.0   |   9.8   |
| 燃气 | 000968 | 蓝焰控股 | 110.0 |  10.1  | 10.0 |  10.2   |  11.7   |
| 燃气 | 300332 | 天壕环境 | 110.5 |  20.9  | 6.0  |  13.5   |  19.6   |
| 燃气 | 605169 | 洪通燃气 | 33.6  |  15.8  | 5.1  |   6.0   |   4.7   |
| 燃气 | 603393 | 新天然气 | 94.1  |  11.4  | 4.6  |   3.8   |   3.7   |
| 燃气 | 600917 | 重庆燃气 | 119.6 |  29.6  | 3.5  |   4.7   |   2.8   |
| 燃气 | 300483 | 首华燃气 | 38.9  |  22.8  | 3.4  |   1.5   |   4.2   |
| 燃气 | 600803 | 新奥股份 | 533.0 |  17.7  | 3.2  |   0.1   |   1.3   |
| 燃气 | 600333 | 长春燃气 | 31.0  | -66.4  | 3.0  |   2.8   |   1.8   |
| 燃气 | 600956 | 新天绿能 | 535.1 |  14.3  | 2.9  |   3.6   |   1.6   |
| 燃气 | 600617 | 国新能源 | 65.6  |  9.4   | 2.6  |   1.7   |   2.1   |
| 燃气 | 605368 | 蓝天燃气 | 63.8  |  8.3   | 2.1  |   1.6   |   0.8   |
| 燃气 | 002700 |  ST浩源  | 18.2  |  30.5  | 1.9  |   3.6   |   3.1   |
| 燃气 | 002267 | 陕天然气 | 78.5  |  3.9   | 1.9  |   1.0   |  -0.1   |
| 燃气 | 605090 | 九丰能源 | 130.0 |  8.3   | 1.9  |   1.9   |  -0.6   |
| 燃气 | 300435 | 中泰股份 | 60.1  |  24.1  | 1.6  |   3.3   |   2.7   |
| 燃气 | 603689 | 皖天然气 | 33.9  |  12.6  | 1.6  |  -0.3   |   0.8   |
| 燃气 | 603080 | 新疆火炬 | 18.9  |  13.1  | 1.5  |   2.9   |   1.5   |
| 燃气 | 000421 | 南京公用 | 27.9  | -53.3  | 1.5  |   3.0   |   3.4   |
| 燃气 | 600903 | 贵州燃气 | 90.7  | -36.6  | 1.4  |   1.9   |   0.5   |
| 燃气 | 002911 | 佛燃能源 | 87.5  |  29.2  | 1.2  |   1.8   |   1.9   |
| 燃气 | 603053 | 成都燃气 | 85.3  |  10.8  | 1.2  |   2.2   |   3.2   |
| 燃气 | 000407 | 胜利股份 | 32.9  |  26.7  | 1.1  |   0.5   |   2.2   |
| 燃气 | 600681 | 百川能源 | 61.1  |  10.5  | 0.9  |   0.5   |  -0.9   |
| 燃气 | 000593 | 德龙汇能 | 20.6  | 217.9  | 0.9  |   2.5   |   2.1   |
| 燃气 | 002259 |  ST升达  | 21.2  | -141.9 | 0.4  |  -2.1   |  -3.1   |
| 燃气 | 600635 | 大众公用 | 97.1  |  -7.5  | 0.3  |  -0.3   |  -1.8   |
| 燃气 | 603318 | 水发燃气 | 29.4  |  57.0  | 0.3  |   0.3   |  -0.6   |
| 燃气 | 601139 | 深圳燃气 | 199.4 |  22.0  | 0.1  |  -0.3   |  -1.7   |
| 燃气 | 000669 |  ST金鸿  | 11.2  | -46.4  | -0.6 |   0.0   |   3.1   |
+------+--------+----------+-------+--------+------+---------+---------+
