[行业>市值]
+------------+--------+----------+-------+--------+------+---------+---------+
|    行业    |  代码  |   名称   | 市值  |   pe   | 涨幅 | 3日涨幅 | 6日涨幅 |
+------------+--------+----------+-------+--------+------+---------+---------+
| 电子化学品 | 300054 | 鼎龙股份 | 192.4 |  67.4  | -1.1 |   0.8   |   2.2   |
| 电子化学品 | 002643 | 万润股份 | 187.5 |  20.1  | 4.2  |   0.2   |  -3.9   |
| 电子化学品 | 300346 | 南大光电 | 184.6 |  57.2  | -4.3 |  -0.1   |   5.9   |
| 电子化学品 | 688019 | 安集科技 | 149.5 |  94.4  | -4.5 |  -0.7   |  -3.0   |
| 电子化学品 | 300398 | 飞凯材料 | 120.0 |  21.6  | -2.0 |   0.9   |  -0.2   |
| 电子化学品 | 300655 | 晶瑞电材 | 109.9 |  85.9  | -1.5 |  -2.5   |   5.7   |
| 电子化学品 | 300236 | 上海新阳 | 101.9 | -187.3 | -0.0 |  -1.1   |   3.3   |
| 电子化学品 | 688106 | 金宏气体 | 89.8  |  57.8  | -2.3 |  -3.4   |  -6.6   |
| 电子化学品 | 688268 | 华特气体 | 82.3  |  52.5  | -1.1 |  -3.5   |  -7.0   |
| 电子化学品 | 002741 | 光华科技 | 79.6  |  56.4  | 0.8  |   3.0   |   7.2   |
| 电子化学品 | 300481 | 濮阳惠成 | 74.1  |  22.1  | 6.9  |   9.7   |   6.6   |
| 电子化学品 | 603078 |  江化微  | 68.9  |  52.2  | -2.8 |  -3.1   |   2.8   |
| 电子化学品 | 688550 | 瑞联新材 | 68.4  |  21.4  | 2.0  |   1.6   |  -3.0   |
| 电子化学品 | 300576 | 容大感光 | 56.9  | 137.5  | -2.8 |  -3.5   |   0.5   |
| 电子化学品 | 002584 | 西陇科学 | 49.1  |  14.7  | -0.2 |   6.9   |   8.5   |
| 电子化学品 | 300429 | 强力新材 | 48.5  |  48.6  | 0.0  |  -1.1   |   0.5   |
| 电子化学品 | 603931 |  格林达  | 39.3  |  24.9  | -1.0 |  -0.8   |   0.6   |
| 电子化学品 | 688359 | 三孚新科 | 36.7  | -154.3 | -0.3 |  -5.1   |  -2.8   |
| 电子化学品 | 300446 | 乐凯新材 | 24.1  | 380.5  | -1.5 |  -3.3   |  -2.6   |
| 电子化学品 | 300537 | 广信材料 | 23.1  | -50.3  | -1.3 |  -4.8   |   2.0   |
| 电子化学品 | 300637 | 扬帆新材 | 18.1  |  38.9  | 2.1  |   1.3   |   3.1   |
+------------+--------+----------+-------+--------+------+---------+---------+
 




 [行业>单日涨幅]
+------------+--------+----------+-------+--------+------+---------+---------+
|    行业    |  代码  |   名称   | 市值  |   pe   | 涨幅 | 3日涨幅 | 6日涨幅 |
+------------+--------+----------+-------+--------+------+---------+---------+
| 电子化学品 | 300481 | 濮阳惠成 | 74.1  |  22.1  | 6.9  |   9.7   |   6.6   |
| 电子化学品 | 002643 | 万润股份 | 187.5 |  20.1  | 4.2  |   0.2   |  -3.9   |
| 电子化学品 | 300637 | 扬帆新材 | 18.1  |  38.9  | 2.1  |   1.3   |   3.1   |
| 电子化学品 | 688550 | 瑞联新材 | 68.4  |  21.4  | 2.0  |   1.6   |  -3.0   |
| 电子化学品 | 002741 | 光华科技 | 79.6  |  56.4  | 0.8  |   3.0   |   7.2   |
| 电子化学品 | 300429 | 强力新材 | 48.5  |  48.6  | 0.0  |  -1.1   |   0.5   |
| 电子化学品 | 300236 | 上海新阳 | 101.9 | -187.3 | -0.0 |  -1.1   |   3.3   |
| 电子化学品 | 002584 | 西陇科学 | 49.1  |  14.7  | -0.2 |   6.9   |   8.5   |
| 电子化学品 | 688359 | 三孚新科 | 36.7  | -154.3 | -0.3 |  -5.1   |  -2.8   |
| 电子化学品 | 603931 |  格林达  | 39.3  |  24.9  | -1.0 |  -0.8   |   0.6   |
| 电子化学品 | 300054 | 鼎龙股份 | 192.4 |  67.4  | -1.1 |   0.8   |   2.2   |
| 电子化学品 | 688268 | 华特气体 | 82.3  |  52.5  | -1.1 |  -3.5   |  -7.0   |
| 电子化学品 | 300537 | 广信材料 | 23.1  | -50.3  | -1.3 |  -4.8   |   2.0   |
| 电子化学品 | 300655 | 晶瑞电材 | 109.9 |  85.9  | -1.5 |  -2.5   |   5.7   |
| 电子化学品 | 300446 | 乐凯新材 | 24.1  | 380.5  | -1.5 |  -3.3   |  -2.6   |
| 电子化学品 | 300398 | 飞凯材料 | 120.0 |  21.6  | -2.0 |   0.9   |  -0.2   |
| 电子化学品 | 688106 | 金宏气体 | 89.8  |  57.8  | -2.3 |  -3.4   |  -6.6   |
| 电子化学品 | 300576 | 容大感光 | 56.9  | 137.5  | -2.8 |  -3.5   |   0.5   |
| 电子化学品 | 603078 |  江化微  | 68.9  |  52.2  | -2.8 |  -3.1   |   2.8   |
| 电子化学品 | 300346 | 南大光电 | 184.6 |  57.2  | -4.3 |  -0.1   |   5.9   |
| 电子化学品 | 688019 | 安集科技 | 149.5 |  94.4  | -4.5 |  -0.7   |  -3.0   |
+------------+--------+----------+-------+--------+------+---------+---------+
