[行业>市值]
+----------+--------+----------+-------+--------+------+---------+---------+
|   行业   |  代码  |   名称   | 市值  |   pe   | 涨幅 | 3日涨幅 | 6日涨幅 |
+----------+--------+----------+-------+--------+------+---------+---------+
| 电源设备 | 601727 | 上海电气 | 651.2 | 1288.0 | 2.7  |   1.5   |   2.2   |
| 电源设备 | 600875 | 东方电气 | 508.4 |  13.7  | 0.7  |   0.4   |  -2.8   |
| 电源设备 | 300376 |  易事特  | 187.4 |  47.5  | 1.6  |   4.1   |   0.1   |
| 电源设备 | 002518 |  科士达  | 187.1 |  86.2  | 9.0  |  14.6   |   4.8   |
| 电源设备 | 300593 |  新雷能  | 159.6 |  45.9  | 4.4  |   4.3   |   1.3   |
| 电源设备 | 002335 | 科华数据 | 149.1 |  38.0  | 5.9  |   9.6   |   4.2   |
| 电源设备 | 002851 | 麦格米特 | 129.4 |  44.0  | -2.1 |   4.2   |   1.2   |
| 电源设备 | 002534 | 西子洁能 | 124.0 |  77.2  | 5.5  |   2.9   |   2.9   |
| 电源设备 | 300820 | 英杰电气 | 90.9  |  42.1  | -3.2 |   0.0   |  -6.8   |
| 电源设备 | 002665 | 首航高科 | 78.5  | -36.4  | 0.0  |  -1.3   |  -1.3   |
| 电源设备 | 600475 | 华光环能 | 77.5  |  9.3   | 1.7  |   1.2   |   2.0   |
| 电源设备 | 300693 | 盛弘股份 | 60.7  |  66.0  | 4.8  |  10.7   |   1.8   |
| 电源设备 | 002255 | 海陆重工 | 49.4  |  37.8  | 3.5  |   4.1   |  -3.1   |
| 电源设备 | 002364 | 中恒电气 | 44.6  | 196.0  | 4.6  |   3.1   |  -0.2   |
| 电源设备 | 300870 |  欧陆通  | 43.8  | -37.2  | -2.1 |  -4.2   |  -10.2  |
| 电源设备 | 002630 | 华西能源 | 36.2  |  -5.9  | 0.7  |  -7.2   |   5.1   |
| 电源设备 | 002227 |  奥特迅  | 36.1  | -104.2 | 2.5  |   2.9   |  -2.4   |
| 电源设备 | 002366 | *ST海核  | 33.9  | -27.4  | 3.2  |  -2.2   |  -0.5   |
| 电源设备 | 600405 |  动力源  | 32.6  | -42.5  | 0.3  |   2.3   |  -0.8   |
| 电源设备 | 300105 | 龙源技术 | 31.0  | -106.2 | 2.9  |   3.5   |   1.5   |
| 电源设备 | 688551 |  科威尔  | 30.3  | 101.5  | -2.7 |  -3.6   |  -10.3  |
| 电源设备 | 300153 | 科泰电源 | 27.5  | 146.4  | 1.4  |   1.7   |  -1.1   |
| 电源设备 | 300491 | 通合科技 | 25.8  | -78.0  | 1.6  |   4.8   |   2.1   |
| 电源设备 | 300713 |  英可瑞  | 23.3  | 350.1  | -0.6 |   0.0   |  -0.3   |
| 电源设备 | 600202 |  哈空调  | 20.1  |  85.2  | 0.2  |  -0.4   |  -1.5   |
+----------+--------+----------+-------+--------+------+---------+---------+
 




 [行业>单日涨幅]
+----------+--------+----------+-------+--------+------+---------+---------+
|   行业   |  代码  |   名称   | 市值  |   pe   | 涨幅 | 3日涨幅 | 6日涨幅 |
+----------+--------+----------+-------+--------+------+---------+---------+
| 电源设备 | 002518 |  科士达  | 187.1 |  86.2  | 9.0  |  14.6   |   4.8   |
| 电源设备 | 002335 | 科华数据 | 149.1 |  38.0  | 5.9  |   9.6   |   4.2   |
| 电源设备 | 002534 | 西子洁能 | 124.0 |  77.2  | 5.5  |   2.9   |   2.9   |
| 电源设备 | 300693 | 盛弘股份 | 60.7  |  66.0  | 4.8  |  10.7   |   1.8   |
| 电源设备 | 002364 | 中恒电气 | 44.6  | 196.0  | 4.6  |   3.1   |  -0.2   |
| 电源设备 | 300593 |  新雷能  | 159.6 |  45.9  | 4.4  |   4.3   |   1.3   |
| 电源设备 | 002255 | 海陆重工 | 49.4  |  37.8  | 3.5  |   4.1   |  -3.1   |
| 电源设备 | 002366 | *ST海核  | 33.9  | -27.4  | 3.2  |  -2.2   |  -0.5   |
| 电源设备 | 300105 | 龙源技术 | 31.0  | -106.2 | 2.9  |   3.5   |   1.5   |
| 电源设备 | 601727 | 上海电气 | 651.2 | 1288.0 | 2.7  |   1.5   |   2.2   |
| 电源设备 | 002227 |  奥特迅  | 36.1  | -104.2 | 2.5  |   2.9   |  -2.4   |
| 电源设备 | 600475 | 华光环能 | 77.5  |  9.3   | 1.7  |   1.2   |   2.0   |
| 电源设备 | 300376 |  易事特  | 187.4 |  47.5  | 1.6  |   4.1   |   0.1   |
| 电源设备 | 300491 | 通合科技 | 25.8  | -78.0  | 1.6  |   4.8   |   2.1   |
| 电源设备 | 300153 | 科泰电源 | 27.5  | 146.4  | 1.4  |   1.7   |  -1.1   |
| 电源设备 | 600875 | 东方电气 | 508.4 |  13.7  | 0.7  |   0.4   |  -2.8   |
| 电源设备 | 002630 | 华西能源 | 36.2  |  -5.9  | 0.7  |  -7.2   |   5.1   |
| 电源设备 | 600405 |  动力源  | 32.6  | -42.5  | 0.3  |   2.3   |  -0.8   |
| 电源设备 | 600202 |  哈空调  | 20.1  |  85.2  | 0.2  |  -0.4   |  -1.5   |
| 电源设备 | 002665 | 首航高科 | 78.5  | -36.4  | 0.0  |  -1.3   |  -1.3   |
| 电源设备 | 300713 |  英可瑞  | 23.3  | 350.1  | -0.6 |   0.0   |  -0.3   |
| 电源设备 | 300870 |  欧陆通  | 43.8  | -37.2  | -2.1 |  -4.2   |  -10.2  |
| 电源设备 | 002851 | 麦格米特 | 129.4 |  44.0  | -2.1 |   4.2   |   1.2   |
| 电源设备 | 688551 |  科威尔  | 30.3  | 101.5  | -2.7 |  -3.6   |  -10.3  |
| 电源设备 | 300820 | 英杰电气 | 90.9  |  42.1  | -3.2 |   0.0   |  -6.8   |
+----------+--------+----------+-------+--------+------+---------+---------+
