[行业>市值]
+------+--------+----------+-------+-------+------+---------+---------+
| 行业 |  代码  |   名称   | 市值  |  pe   | 涨幅 | 3日涨幅 | 6日涨幅 |
+------+--------+----------+-------+-------+------+---------+---------+
| 电机 | 002176 | 江特电机 | 479.5 | 18.0  | 3.9  |  15.3   |  10.7   |
| 电机 | 603489 | 八方股份 | 235.7 | 32.8  | 1.2  |  -1.8   |  -4.4   |
| 电机 | 600580 | 卧龙电驱 | 190.5 | 24.1  | 3.5  |   3.6   |   0.5   |
| 电机 | 002249 | 大洋电机 | 147.6 | 25.1  | 2.6  |   1.8   |  -2.8   |
| 电机 | 300660 | 江苏雷利 | 113.8 | 41.0  | 14.4 |  43.3   |  51.1   |
| 电机 | 603728 | XD鸣志电 | 96.4  | 61.6  | 7.1  |   6.3   |   8.8   |
| 电机 | 003021 | 兆威机电 | 77.7  | 85.7  | -4.5 |  -10.4  |  -4.3   |
| 电机 | 002801 | 微光股份 | 72.0  | 23.3  | 3.1  |   9.2   |   4.3   |
| 电机 | 002892 |  科力尔  | 54.5  | 85.4  | 10.0 |  13.3   |  31.6   |
| 电机 | 000922 | 佳电股份 | 51.6  | 17.1  | 1.5  |   1.3   |  -0.2   |
| 电机 | 002196 | 方正电机 | 49.6  | 208.0 | 1.8  |  -0.7   |  -4.4   |
| 电机 | 603819 | 神力股份 | 38.7  | 33.8  | 1.5  |   1.7   |   0.3   |
| 电机 | 002823 | 凯中精密 | 29.3  | 36.6  | 0.8  |   1.2   |  -0.4   |
| 电机 | 603988 | 中电电机 | 25.6  | 47.7  | -0.6 |  -2.0   |  -6.6   |
| 电机 | 301023 | 江南奕帆 | 25.1  | 30.9  | 6.5  |   5.3   |   3.3   |
| 电机 | 301226 | 祥明智能 | 23.7  | 39.3  | 2.3  |   0.7   |  -4.8   |
| 电机 | 002576 | 通达动力 | 23.1  | 57.0  | 3.2  |   4.0   |  -6.9   |
| 电机 | 300907 | 康平科技 | 19.6  | 95.1  | -1.4 |  -2.1   |  -4.3   |
| 电机 | 688395 | 正弦电气 | 17.4  | 30.5  | -1.6 |  -1.9   |  -1.3   |
| 电机 | 300626 | 华瑞股份 | 16.4  | 64.1  | 2.5  |   2.7   |   1.7   |
| 电机 | 603320 | 迪贝电气 | 15.5  | 31.9  | 0.2  |  -0.7   |  -1.0   |
+------+--------+----------+-------+-------+------+---------+---------+
 




 [行业>单日涨幅]
+------+--------+----------+-------+-------+------+---------+---------+
| 行业 |  代码  |   名称   | 市值  |  pe   | 涨幅 | 3日涨幅 | 6日涨幅 |
+------+--------+----------+-------+-------+------+---------+---------+
| 电机 | 300660 | 江苏雷利 | 113.8 | 41.0  | 14.4 |  43.3   |  51.1   |
| 电机 | 002892 |  科力尔  | 54.5  | 85.4  | 10.0 |  13.3   |  31.6   |
| 电机 | 603728 | XD鸣志电 | 96.4  | 61.6  | 7.1  |   6.3   |   8.8   |
| 电机 | 301023 | 江南奕帆 | 25.1  | 30.9  | 6.5  |   5.3   |   3.3   |
| 电机 | 002176 | 江特电机 | 479.5 | 18.0  | 3.9  |  15.3   |  10.7   |
| 电机 | 600580 | 卧龙电驱 | 190.5 | 24.1  | 3.5  |   3.6   |   0.5   |
| 电机 | 002576 | 通达动力 | 23.1  | 57.0  | 3.2  |   4.0   |  -6.9   |
| 电机 | 002801 | 微光股份 | 72.0  | 23.3  | 3.1  |   9.2   |   4.3   |
| 电机 | 002249 | 大洋电机 | 147.6 | 25.1  | 2.6  |   1.8   |  -2.8   |
| 电机 | 300626 | 华瑞股份 | 16.4  | 64.1  | 2.5  |   2.7   |   1.7   |
| 电机 | 301226 | 祥明智能 | 23.7  | 39.3  | 2.3  |   0.7   |  -4.8   |
| 电机 | 002196 | 方正电机 | 49.6  | 208.0 | 1.8  |  -0.7   |  -4.4   |
| 电机 | 603819 | 神力股份 | 38.7  | 33.8  | 1.5  |   1.7   |   0.3   |
| 电机 | 000922 | 佳电股份 | 51.6  | 17.1  | 1.5  |   1.3   |  -0.2   |
| 电机 | 603489 | 八方股份 | 235.7 | 32.8  | 1.2  |  -1.8   |  -4.4   |
| 电机 | 002823 | 凯中精密 | 29.3  | 36.6  | 0.8  |   1.2   |  -0.4   |
| 电机 | 603320 | 迪贝电气 | 15.5  | 31.9  | 0.2  |  -0.7   |  -1.0   |
| 电机 | 603988 | 中电电机 | 25.6  | 47.7  | -0.6 |  -2.0   |  -6.6   |
| 电机 | 300907 | 康平科技 | 19.6  | 95.1  | -1.4 |  -2.1   |  -4.3   |
| 电机 | 688395 | 正弦电气 | 17.4  | 30.5  | -1.6 |  -1.9   |  -1.3   |
| 电机 | 003021 | 兆威机电 | 77.7  | 85.7  | -4.5 |  -10.4  |  -4.3   |
+------+--------+----------+-------+-------+------+---------+---------+
