[行业>市值]
+----------+--------+----------+-------+--------+-------+---------+---------+
|   行业   |  代码  |   名称   | 市值  |   pe   | 涨幅  | 3日涨幅 | 6日涨幅 |
+----------+--------+----------+-------+--------+-------+---------+---------+
| 铁路公路 | 001965 | 招商公路 | 489.9 |  11.2  |  1.7  |   4.8   |   6.2   |
| 铁路公路 | 600377 | 宁沪高速 | 424.2 |  13.3  | -0.9  |  -0.5   |   0.5   |
| 铁路公路 | 600350 | 山东高速 | 254.0 |  8.8   |  0.6  |   0.6   |   0.6   |
| 铁路公路 | 600548 |  深高速  | 207.4 |  12.6  |  0.3  |   0.8   |   0.8   |
| 铁路公路 | 000429 | 粤高速Ａ  | 172.3 |  10.0  | -0.1  |   2.2   |   1.6   |
| 铁路公路 | 600662 | 外服控股 | 147.3 |  21.3  | -2.4  |  -3.3   |  -0.5   |
| 铁路公路 | 603032 | 德新交运 | 141.9 |  68.4  |  5.0  |   7.3   |   3.5   |
| 铁路公路 | 601107 | 四川成渝 | 124.2 |  12.3  |  2.5  |   3.0   |   1.0   |
| 铁路公路 | 600012 | 皖通高速 | 123.6 |  7.6   | -0.8  |   0.8   |   1.8   |
| 铁路公路 | 603069 | 海汽集团 | 111.7 | -171.4 | -10.0 |  -15.4  |  -15.0  |
| 铁路公路 | 000828 | 东莞控股 | 106.0 |  15.6  |  0.2  |  -0.1   |   0.4   |
| 铁路公路 | 600269 | 赣粤高速 | 81.0  |  6.1   |  0.0  |   0.6   |   0.3   |
| 铁路公路 | 600611 | 大众交通 | 76.4  |  -7.3  |  0.0  |   1.2   |   1.6   |
| 铁路公路 | 600033 | 福建高速 | 75.8  |  8.4   | -0.4  |   0.0   |   0.4   |
| 铁路公路 | 600620 | 天宸股份 | 74.4  | -76.7  | -6.0  |   6.1   |   8.1   |
| 铁路公路 | 600020 | 中原高速 | 69.4  |  12.3  | -0.3  |   0.0   |  -0.3   |
| 铁路公路 | 600650 | 锦江在线 | 68.7  |  3.0   | -0.6  |  -2.5   |  -1.3   |
| 铁路公路 | 000900 | 现代投资 | 62.2  |  9.7   | -0.2  |  -0.5   |  -2.1   |
| 铁路公路 | 000755 | 山西路桥 | 60.2  |  15.6  |  0.2  |  -3.5   |   5.7   |
| 铁路公路 | 000885 | 城发环境 | 60.0  |  6.7   |  0.0  |   1.7   |   2.6   |
| 铁路公路 | 600106 | 重庆路桥 | 56.4  |  93.3  |  0.7  |  -0.7   |   3.7   |
| 铁路公路 | 600035 | 楚天高速 | 52.5  |  5.3   |  0.0  |   0.9   |   1.2   |
| 铁路公路 | 600834 | 申通地铁 | 45.9  |  63.1  | -2.3  |   5.8   |   6.2   |
| 铁路公路 | 002627 | 三峡旅游 | 43.2  |  75.8  | -1.2  |  -3.6   |  -2.3   |
| 铁路公路 | 600368 | 五洲交通 | 43.1  |  6.0   |  0.0  |   0.0   |  -0.1   |
| 铁路公路 | 601188 | 龙江交通 | 41.7  |  17.7  | -1.6  |   0.3   |   2.3   |
| 铁路公路 | 601518 | 吉林高速 | 35.6  |  10.5  | -0.4  |   0.8   |   0.8   |
| 铁路公路 | 000548 | 湖南投资 | 22.8  |  69.4  |  0.4  |   1.3   |   2.0   |
| 铁路公路 | 002357 | 富临运业 | 18.1  |  9.8   | -1.5  |  -2.9   |   1.6   |
| 铁路公路 | 600561 | 江西长运 | 15.1  | -23.5  | -1.5  |  -0.3   |   0.8   |
+----------+--------+----------+-------+--------+-------+---------+---------+
 




 [行业>单日涨幅]
+----------+--------+----------+-------+--------+-------+---------+---------+
|   行业   |  代码  |   名称   | 市值  |   pe   | 涨幅  | 3日涨幅 | 6日涨幅 |
+----------+--------+----------+-------+--------+-------+---------+---------+
| 铁路公路 | 603032 | 德新交运 | 141.9 |  68.4  |  5.0  |   7.3   |   3.5   |
| 铁路公路 | 601107 | 四川成渝 | 124.2 |  12.3  |  2.5  |   3.0   |   1.0   |
| 铁路公路 | 001965 | 招商公路 | 489.9 |  11.2  |  1.7  |   4.8   |   6.2   |
| 铁路公路 | 600106 | 重庆路桥 | 56.4  |  93.3  |  0.7  |  -0.7   |   3.7   |
| 铁路公路 | 600350 | 山东高速 | 254.0 |  8.8   |  0.6  |   0.6   |   0.6   |
| 铁路公路 | 000548 | 湖南投资 | 22.8  |  69.4  |  0.4  |   1.3   |   2.0   |
| 铁路公路 | 600548 |  深高速  | 207.4 |  12.6  |  0.3  |   0.8   |   0.8   |
| 铁路公路 | 000755 | 山西路桥 | 60.2  |  15.6  |  0.2  |  -3.5   |   5.7   |
| 铁路公路 | 000828 | 东莞控股 | 106.0 |  15.6  |  0.2  |  -0.1   |   0.4   |
| 铁路公路 | 600269 | 赣粤高速 | 81.0  |  6.1   |  0.0  |   0.6   |   0.3   |
| 铁路公路 | 600611 | 大众交通 | 76.4  |  -7.3  |  0.0  |   1.2   |   1.6   |
| 铁路公路 | 000885 | 城发环境 | 60.0  |  6.7   |  0.0  |   1.7   |   2.6   |
| 铁路公路 | 600035 | 楚天高速 | 52.5  |  5.3   |  0.0  |   0.9   |   1.2   |
| 铁路公路 | 600368 | 五洲交通 | 43.1  |  6.0   |  0.0  |   0.0   |  -0.1   |
| 铁路公路 | 000429 | 粤高速Ａ  | 172.3 |  10.0  | -0.1  |   2.2   |   1.6   |
| 铁路公路 | 000900 | 现代投资 | 62.2  |  9.7   | -0.2  |  -0.5   |  -2.1   |
| 铁路公路 | 600020 | 中原高速 | 69.4  |  12.3  | -0.3  |   0.0   |  -0.3   |
| 铁路公路 | 600033 | 福建高速 | 75.8  |  8.4   | -0.4  |   0.0   |   0.4   |
| 铁路公路 | 601518 | 吉林高速 | 35.6  |  10.5  | -0.4  |   0.8   |   0.8   |
| 铁路公路 | 600650 | 锦江在线 | 68.7  |  3.0   | -0.6  |  -2.5   |  -1.3   |
| 铁路公路 | 600012 | 皖通高速 | 123.6 |  7.6   | -0.8  |   0.8   |   1.8   |
| 铁路公路 | 600377 | 宁沪高速 | 424.2 |  13.3  | -0.9  |  -0.5   |   0.5   |
| 铁路公路 | 002627 | 三峡旅游 | 43.2  |  75.8  | -1.2  |  -3.6   |  -2.3   |
| 铁路公路 | 600561 | 江西长运 | 15.1  | -23.5  | -1.5  |  -0.3   |   0.8   |
| 铁路公路 | 002357 | 富临运业 | 18.1  |  9.8   | -1.5  |  -2.9   |   1.6   |
| 铁路公路 | 601188 | 龙江交通 | 41.7  |  17.7  | -1.6  |   0.3   |   2.3   |
| 铁路公路 | 600834 | 申通地铁 | 45.9  |  63.1  | -2.3  |   5.8   |   6.2   |
| 铁路公路 | 600662 | 外服控股 | 147.3 |  21.3  | -2.4  |  -3.3   |  -0.5   |
| 铁路公路 | 600620 | 天宸股份 | 74.4  | -76.7  | -6.0  |   6.1   |   8.1   |
| 铁路公路 | 603069 | 海汽集团 | 111.7 | -171.4 | -10.0 |  -15.4  |  -15.0  |
+----------+--------+----------+-------+--------+-------+---------+---------+
