[行业>市值]
+------------+--------+----------+--------+-------+------+---------+---------+
|    行业    |  代码  |   名称   |  市值  |  pe   | 涨幅 | 3日涨幅 | 6日涨幅 |
+------------+--------+----------+--------+-------+------+---------+---------+
| 非金属材料 | 603260 | 合盛硅业 | 1339.0 | 16.3  | 2.1  |   8.1   |   0.4   |
| 非金属材料 | 603688 | 石英股份 | 530.4  | 151.8 | 4.0  |  19.5   |  18.2   |
| 非金属材料 | 300861 | 美畅股份 | 377.4  | 33.1  | 3.2  |   4.0   |  -4.2   |
| 非金属材料 | 600516 | 方大炭素 | 290.8  | 215.6 | 1.6  |   1.2   |   2.0   |
| 非金属材料 | 603826 | 坤彩科技 | 275.9  | 258.5 | 1.5  |  -0.3   |   1.3   |
| 非金属材料 | 688281 | 华秦科技 | 271.7  | 114.5 | 6.8  |  17.8   |   2.1   |
| 非金属材料 | 300395 |  菲利华  | 249.0  | 68.9  | 7.0  |   9.0   |   9.1   |
| 非金属材料 | 301071 | 力量钻石 | 210.3  | 52.0  | 5.3  |  17.7   |   4.8   |
| 非金属材料 | 300035 | 中科电气 | 201.8  | 39.1  | 2.2  |  -0.5   |  -6.1   |
| 非金属材料 | 603612 | 索通发展 | 173.3  | 27.4  | -2.8 |   2.5   |  -0.3   |
| 非金属材料 | 688733 |  壹石通  | 153.5  | 88.1  | 4.9  |  17.1   |   5.0   |
| 非金属材料 | 300409 | 道氏技术 | 151.3  | 22.1  | 0.8  |   3.5   |  -3.0   |
| 非金属材料 | 600172 | 黄河旋风 | 136.3  | 118.6 | 1.5  |  10.5   |   4.0   |
| 非金属材料 | 600330 | 天通股份 | 123.9  | 28.2  | 6.6  |   4.4   |   0.2   |
| 非金属材料 | 600783 | 鲁信创投 |  99.7  | 50.7  | 1.1  |   0.7   |  -6.7   |
| 非金属材料 | 688119 | 中钢洛耐 |  97.4  | 62.6  | 0.7  |  -3.1   |  -5.4   |
| 非金属材料 | 002130 | 沃尔核材 |  77.7  | 18.2  | 0.8  |   2.8   |   2.3   |
| 非金属材料 | 688357 | 建龙微纳 |  64.5  | 36.8  | -1.8 |  -2.9   |  -7.3   |
| 非金属材料 | 688300 | 联瑞新材 |  63.0  | 36.9  | -2.2 |  -5.8   |  -6.6   |
| 非金属材料 | 001296 | 长江材料 |  25.9  | 45.2  | -1.7 |  -2.4   |   5.0   |
| 非金属材料 | 300743 | 天地数码 |  16.0  | 54.2  | -0.7 |   1.1   |   2.5   |
+------------+--------+----------+--------+-------+------+---------+---------+
 




 [行业>单日涨幅]
+------------+--------+----------+--------+-------+------+---------+---------+
|    行业    |  代码  |   名称   |  市值  |  pe   | 涨幅 | 3日涨幅 | 6日涨幅 |
+------------+--------+----------+--------+-------+------+---------+---------+
| 非金属材料 | 300395 |  菲利华  | 249.0  | 68.9  | 7.0  |   9.0   |   9.1   |
| 非金属材料 | 688281 | 华秦科技 | 271.7  | 114.5 | 6.8  |  17.8   |   2.1   |
| 非金属材料 | 600330 | 天通股份 | 123.9  | 28.2  | 6.6  |   4.4   |   0.2   |
| 非金属材料 | 301071 | 力量钻石 | 210.3  | 52.0  | 5.3  |  17.7   |   4.8   |
| 非金属材料 | 688733 |  壹石通  | 153.5  | 88.1  | 4.9  |  17.1   |   5.0   |
| 非金属材料 | 603688 | 石英股份 | 530.4  | 151.8 | 4.0  |  19.5   |  18.2   |
| 非金属材料 | 300861 | 美畅股份 | 377.4  | 33.1  | 3.2  |   4.0   |  -4.2   |
| 非金属材料 | 300035 | 中科电气 | 201.8  | 39.1  | 2.2  |  -0.5   |  -6.1   |
| 非金属材料 | 603260 | 合盛硅业 | 1339.0 | 16.3  | 2.1  |   8.1   |   0.4   |
| 非金属材料 | 600516 | 方大炭素 | 290.8  | 215.6 | 1.6  |   1.2   |   2.0   |
| 非金属材料 | 603826 | 坤彩科技 | 275.9  | 258.5 | 1.5  |  -0.3   |   1.3   |
| 非金属材料 | 600172 | 黄河旋风 | 136.3  | 118.6 | 1.5  |  10.5   |   4.0   |
| 非金属材料 | 600783 | 鲁信创投 |  99.7  | 50.7  | 1.1  |   0.7   |  -6.7   |
| 非金属材料 | 002130 | 沃尔核材 |  77.7  | 18.2  | 0.8  |   2.8   |   2.3   |
| 非金属材料 | 300409 | 道氏技术 | 151.3  | 22.1  | 0.8  |   3.5   |  -3.0   |
| 非金属材料 | 688119 | 中钢洛耐 |  97.4  | 62.6  | 0.7  |  -3.1   |  -5.4   |
| 非金属材料 | 300743 | 天地数码 |  16.0  | 54.2  | -0.7 |   1.1   |   2.5   |
| 非金属材料 | 001296 | 长江材料 |  25.9  | 45.2  | -1.7 |  -2.4   |   5.0   |
| 非金属材料 | 688357 | 建龙微纳 |  64.5  | 36.8  | -1.8 |  -2.9   |  -7.3   |
| 非金属材料 | 688300 | 联瑞新材 |  63.0  | 36.9  | -2.2 |  -5.8   |  -6.6   |
| 非金属材料 | 603612 | 索通发展 | 173.3  | 27.4  | -2.8 |   2.5   |  -0.3   |
+------------+--------+----------+--------+-------+------+---------+---------+
