[行业>市值]
+----------+--------+----------+-------+-------+------+---------+---------+
|   行业   |  代码  |   名称   | 市值  |  pe   | 涨幅 | 3日涨幅 | 6日涨幅 |
+----------+--------+----------+-------+-------+------+---------+---------+
| 专业服务 | 300012 | 华测检测 | 390.0 | 81.4  | 1.2  |  -0.5   |   5.1   |
| 专业服务 | 003035 | 南网能源 | 240.5 | 67.2  | -0.5 |  -2.9   |  -1.4   |
| 专业服务 | 688133 | 泰坦科技 | 134.7 | 173.3 | 4.3  |   3.2   |   6.0   |
| 专业服务 | 301080 | 百普赛斯 | 133.5 | 62.4  | 0.3  |  -3.8   |  -2.6   |
| 专业服务 | 300887 | 谱尼测试 | 122.6 | 556.0 | 4.2  |   1.6   |   5.3   |
| 专业服务 | 002967 | 广电计量 | 108.9 | -34.3 | 4.9  |   2.4   |   6.8   |
| 专业服务 | 300416 | 苏试试验 | 90.9  | 78.8  | 8.4  |   6.8   |   9.2   |
| 专业服务 | 603060 | 国检集团 | 87.3  | -77.8 | 3.8  |   1.9   |   3.3   |
| 专业服务 | 688179 |  阿拉丁  | 72.4  | 58.4  | 0.7  |  -5.6   |  -2.9   |
| 专业服务 | 603698 | 航天工程 | 69.2  | 94.6  | 0.1  |  -0.6   |   2.2   |
| 专业服务 | 300384 | 三联虹普 | 59.3  | 25.0  | 1.3  |   0.9   |   5.0   |
| 专业服务 | 300215 |  电科院  | 52.1  | 89.3  | 0.3  |   1.3   |   5.4   |
| 专业服务 | 301166 |  优宁维  | 51.0  | 58.7  | 1.5  |  -2.5   |  -0.8   |
| 专业服务 | 002878 | 元隆雅图 | 43.1  | 11.7  | 4.8  |   6.3   |   7.0   |
| 专业服务 | 300962 | 中金辐照 | 39.9  | 35.0  | 0.3  |  -1.4   |   3.6   |
| 专业服务 | 002564 | 天沃科技 | 38.2  | 511.2 | -0.9 |  -2.6   |   0.7   |
| 专业服务 | 603776 |  永安行  | 36.6  | 74.0  | 6.2  |  10.7   |  15.5   |
| 专业服务 | 300572 | 安车检测 | 34.3  | 56.6  | 0.1  |   0.1   |   5.7   |
| 专业服务 | 300797 | 钢研纳克 | 33.8  | 56.8  | 0.0  |  -1.7   |   1.8   |
| 专业服务 | 300938 | 信测标准 | 31.4  | 35.1  | 2.4  |   1.2   |   7.5   |
| 专业服务 | 301257 |  普蕊斯  | 29.4  | 75.3  | 0.7  |  -2.6   |  -0.6   |
| 专业服务 | 301169 | 零点有数 | 28.6  | -59.6 | 0.6  |  -1.8   |  -12.7  |
| 专业服务 | 301289 | 国缆检测 | 26.1  | 39.0  | -0.4 |  -11.0  |  -10.3  |
| 专业服务 | 603183 |  建研院  | 25.5  | -62.6 | 0.0  |  -0.6   |   2.4   |
| 专业服务 | 301228 | 实朴检测 | 24.8  | -42.9 | 1.1  |  -1.7   |   0.8   |
| 专业服务 | 003008 | 开普检测 | 19.8  | 36.7  | -1.1 |   0.5   |   4.5   |
+----------+--------+----------+-------+-------+------+---------+---------+
 




 [行业>单日涨幅]
+----------+--------+----------+-------+-------+------+---------+---------+
|   行业   |  代码  |   名称   | 市值  |  pe   | 涨幅 | 3日涨幅 | 6日涨幅 |
+----------+--------+----------+-------+-------+------+---------+---------+
| 专业服务 | 300416 | 苏试试验 | 90.9  | 78.8  | 8.4  |   6.8   |   9.2   |
| 专业服务 | 603776 |  永安行  | 36.6  | 74.0  | 6.2  |  10.7   |  15.5   |
| 专业服务 | 002967 | 广电计量 | 108.9 | -34.3 | 4.9  |   2.4   |   6.8   |
| 专业服务 | 002878 | 元隆雅图 | 43.1  | 11.7  | 4.8  |   6.3   |   7.0   |
| 专业服务 | 688133 | 泰坦科技 | 134.7 | 173.3 | 4.3  |   3.2   |   6.0   |
| 专业服务 | 300887 | 谱尼测试 | 122.6 | 556.0 | 4.2  |   1.6   |   5.3   |
| 专业服务 | 603060 | 国检集团 | 87.3  | -77.8 | 3.8  |   1.9   |   3.3   |
| 专业服务 | 300938 | 信测标准 | 31.4  | 35.1  | 2.4  |   1.2   |   7.5   |
| 专业服务 | 301166 |  优宁维  | 51.0  | 58.7  | 1.5  |  -2.5   |  -0.8   |
| 专业服务 | 300384 | 三联虹普 | 59.3  | 25.0  | 1.3  |   0.9   |   5.0   |
| 专业服务 | 300012 | 华测检测 | 390.0 | 81.4  | 1.2  |  -0.5   |   5.1   |
| 专业服务 | 301228 | 实朴检测 | 24.8  | -42.9 | 1.1  |  -1.7   |   0.8   |
| 专业服务 | 301257 |  普蕊斯  | 29.4  | 75.3  | 0.7  |  -2.6   |  -0.6   |
| 专业服务 | 688179 |  阿拉丁  | 72.4  | 58.4  | 0.7  |  -5.6   |  -2.9   |
| 专业服务 | 301169 | 零点有数 | 28.6  | -59.6 | 0.6  |  -1.8   |  -12.7  |
| 专业服务 | 301080 | 百普赛斯 | 133.5 | 62.4  | 0.3  |  -3.8   |  -2.6   |
| 专业服务 | 300215 |  电科院  | 52.1  | 89.3  | 0.3  |   1.3   |   5.4   |
| 专业服务 | 300962 | 中金辐照 | 39.9  | 35.0  | 0.3  |  -1.4   |   3.6   |
| 专业服务 | 300572 | 安车检测 | 34.3  | 56.6  | 0.1  |   0.1   |   5.7   |
| 专业服务 | 603698 | 航天工程 | 69.2  | 94.6  | 0.1  |  -0.6   |   2.2   |
| 专业服务 | 300797 | 钢研纳克 | 33.8  | 56.8  | 0.0  |  -1.7   |   1.8   |
| 专业服务 | 603183 |  建研院  | 25.5  | -62.6 | 0.0  |  -0.6   |   2.4   |
| 专业服务 | 301289 | 国缆检测 | 26.1  | 39.0  | -0.4 |  -11.0  |  -10.3  |
| 专业服务 | 003035 | 南网能源 | 240.5 | 67.2  | -0.5 |  -2.9   |  -1.4   |
| 专业服务 | 002564 | 天沃科技 | 38.2  | 511.2 | -0.9 |  -2.6   |   0.7   |
| 专业服务 | 003008 | 开普检测 | 19.8  | 36.7  | -1.1 |   0.5   |   4.5   |
+----------+--------+----------+-------+-------+------+---------+---------+
