[行业>市值]
+------+--------+----------+--------+------+------+---------+---------+
| 行业 |  代码  |   名称   |  市值  |  pe  | 涨幅 | 3日涨幅 | 6日涨幅 |
+------+--------+----------+--------+------+------+---------+---------+
| 保险 | 601628 | 中国人寿 | 8785.0 | 14.5 | 1.9  |  -1.2   |   3.9   |
| 保险 | 601318 | 中国平安 | 8535.0 | 10.3 | -0.2 |  -0.2   |   2.8   |
| 保险 | 601601 | 中国太保 | 2264.0 | 10.4 | 0.9  |  -0.1   |   1.3   |
| 保险 | 601319 | 中国人保 | 2238.0 | 6.4  | 0.6  |  -1.4   |  -0.6   |
| 保险 | 601336 | 新华保险 | 1004.0 | 18.7 | 1.5  |  -0.4   |   2.5   |
| 保险 | 000627 | 天茂集团 | 168.5  | 28.6 | 0.3  |  -5.0   |  -3.9   |
+------+--------+----------+--------+------+------+---------+---------+
 




 [行业>单日涨幅]
+------+--------+----------+--------+------+------+---------+---------+
| 行业 |  代码  |   名称   |  市值  |  pe  | 涨幅 | 3日涨幅 | 6日涨幅 |
+------+--------+----------+--------+------+------+---------+---------+
| 保险 | 601628 | 中国人寿 | 8785.0 | 14.5 | 1.9  |  -1.2   |   3.9   |
| 保险 | 601336 | 新华保险 | 1004.0 | 18.7 | 1.5  |  -0.4   |   2.5   |
| 保险 | 601601 | 中国太保 | 2264.0 | 10.4 | 0.9  |  -0.1   |   1.3   |
| 保险 | 601319 | 中国人保 | 2238.0 | 6.4  | 0.6  |  -1.4   |  -0.6   |
| 保险 | 000627 | 天茂集团 | 168.5  | 28.6 | 0.3  |  -5.0   |  -3.9   |
| 保险 | 601318 | 中国平安 | 8535.0 | 10.3 | -0.2 |  -0.2   |   2.8   |
+------+--------+----------+--------+------+------+---------+---------+
