[行业>市值]
+----------+--------+----------+-------+--------+------+---------+---------+
|   行业   |  代码  |   名称   | 市值  |   pe   | 涨幅 | 3日涨幅 | 6日涨幅 |
+----------+--------+----------+-------+--------+------+---------+---------+
| 包装材料 | 002191 | 劲嘉股份 | 157.7 |  13.0  | 0.6  |   2.2   |  13.8   |
| 包装材料 | 002701 |  奥瑞金  | 133.8 |  16.2  | -0.6 |  -1.5   |   0.2   |
| 包装材料 | 600210 | 紫江企业 | 96.9  |  20.0  | -0.2 |  -6.8   |   9.8   |
| 包装材料 | 601968 | 宝钢包装 | 88.0  |  34.3  | 2.1  |   4.0   |   8.7   |
| 包装材料 | 601515 | 东风股份 | 85.0  |  17.5  | -0.2 |  -4.0   |   1.5   |
| 包装材料 | 002303 |  美盈森  | 52.8  |  32.1  | 0.3  |  -0.3   |   3.6   |
| 包装材料 | 002565 | 顺灏股份 | 51.7  | -447.4 | -3.4 |  -2.0   |   7.7   |
| 包装材料 | 002752 | 昇兴股份 | 48.5  |  25.8  | 2.9  |   4.8   |   8.5   |
| 包装材料 | 301062 | 上海艾录 | 46.7  |  36.8  | 0.2  |  -0.3   |   6.7   |
| 包装材料 | 600836 | 上海易连 | 45.7  | 524.6  | 1.0  |   0.7   |   5.8   |
| 包装材料 | 002735 | 王子新材 | 45.2  |  27.8  | 4.2  |   2.7   |   0.3   |
| 包装材料 | 002228 | 合兴包装 | 44.8  |  21.4  | 0.0  |   4.3   |   6.2   |
| 包装材料 | 000812 | 陕西金叶 | 44.5  | 171.2  | -0.9 |  -5.7   |  -1.0   |
| 包装材料 | 002014 | 永新股份 | 41.2  |  15.8  | 1.2  |   0.8   |   2.1   |
| 包装材料 | 000659 | 珠海中富 | 40.1  | -51.5  | -0.6 |   0.7   |   1.6   |
| 包装材料 | 002969 | 嘉美包装 | 39.3  | 167.3  | 0.7  |   0.7   |   2.0   |
| 包装材料 | 002951 | 金时科技 | 39.2  | 1023.3 | -6.6 |  13.1   |  19.8   |
| 包装材料 | 603687 |  大胜达  | 39.1  |  40.0  | 0.8  |   1.6   |   4.2   |
| 包装材料 | 300501 | 海顺新材 | 28.9  |  28.4  | -0.6 |  -1.0   |   4.5   |
| 包装材料 | 002799 | 环球印务 | 28.3  |  25.8  | -0.8 |  -0.2   |   0.7   |
| 包装材料 | 002599 | 盛通股份 | 27.1  | -27.3  | -0.8 |  -2.2   |  -2.7   |
| 包装材料 | 002846 | 英联股份 | 20.2  | -95.0  | 1.1  |  -2.8   |  -6.9   |
| 包装材料 | 002787 | 华源控股 | 18.4  | 143.7  | 0.5  |   1.2   |   3.7   |
| 包装材料 | 603022 |  新通联  | 18.3  |  57.1  | 1.4  |   3.5   |   4.3   |
| 包装材料 | 003003 | 天元股份 | 16.2  | 1391.1 | 0.1  |   0.6   |   3.9   |
+----------+--------+----------+-------+--------+------+---------+---------+
 




 [行业>单日涨幅]
+----------+--------+----------+-------+--------+------+---------+---------+
|   行业   |  代码  |   名称   | 市值  |   pe   | 涨幅 | 3日涨幅 | 6日涨幅 |
+----------+--------+----------+-------+--------+------+---------+---------+
| 包装材料 | 002735 | 王子新材 | 45.2  |  27.8  | 4.2  |   2.7   |   0.3   |
| 包装材料 | 002752 | 昇兴股份 | 48.5  |  25.8  | 2.9  |   4.8   |   8.5   |
| 包装材料 | 601968 | 宝钢包装 | 88.0  |  34.3  | 2.1  |   4.0   |   8.7   |
| 包装材料 | 603022 |  新通联  | 18.3  |  57.1  | 1.4  |   3.5   |   4.3   |
| 包装材料 | 002014 | 永新股份 | 41.2  |  15.8  | 1.2  |   0.8   |   2.1   |
| 包装材料 | 002846 | 英联股份 | 20.2  | -95.0  | 1.1  |  -2.8   |  -6.9   |
| 包装材料 | 600836 | 上海易连 | 45.7  | 524.6  | 1.0  |   0.7   |   5.8   |
| 包装材料 | 603687 |  大胜达  | 39.1  |  40.0  | 0.8  |   1.6   |   4.2   |
| 包装材料 | 002969 | 嘉美包装 | 39.3  | 167.3  | 0.7  |   0.7   |   2.0   |
| 包装材料 | 002191 | 劲嘉股份 | 157.7 |  13.0  | 0.6  |   2.2   |  13.8   |
| 包装材料 | 002787 | 华源控股 | 18.4  | 143.7  | 0.5  |   1.2   |   3.7   |
| 包装材料 | 002303 |  美盈森  | 52.8  |  32.1  | 0.3  |  -0.3   |   3.6   |
| 包装材料 | 301062 | 上海艾录 | 46.7  |  36.8  | 0.2  |  -0.3   |   6.7   |
| 包装材料 | 003003 | 天元股份 | 16.2  | 1391.1 | 0.1  |   0.6   |   3.9   |
| 包装材料 | 002228 | 合兴包装 | 44.8  |  21.4  | 0.0  |   4.3   |   6.2   |
| 包装材料 | 600210 | 紫江企业 | 96.9  |  20.0  | -0.2 |  -6.8   |   9.8   |
| 包装材料 | 601515 | 东风股份 | 85.0  |  17.5  | -0.2 |  -4.0   |   1.5   |
| 包装材料 | 002701 |  奥瑞金  | 133.8 |  16.2  | -0.6 |  -1.5   |   0.2   |
| 包装材料 | 300501 | 海顺新材 | 28.9  |  28.4  | -0.6 |  -1.0   |   4.5   |
| 包装材料 | 000659 | 珠海中富 | 40.1  | -51.5  | -0.6 |   0.7   |   1.6   |
| 包装材料 | 002799 | 环球印务 | 28.3  |  25.8  | -0.8 |  -0.2   |   0.7   |
| 包装材料 | 002599 | 盛通股份 | 27.1  | -27.3  | -0.8 |  -2.2   |  -2.7   |
| 包装材料 | 000812 | 陕西金叶 | 44.5  | 171.2  | -0.9 |  -5.7   |  -1.0   |
| 包装材料 | 002565 | 顺灏股份 | 51.7  | -447.4 | -3.4 |  -2.0   |   7.7   |
| 包装材料 | 002951 | 金时科技 | 39.2  | 1023.3 | -6.6 |  13.1   |  19.8   |
+----------+--------+----------+-------+--------+------+---------+---------+
