[行业>市值]
+----------+--------+----------+--------+-------+------+---------+---------+
|   行业   |  代码  |   名称   |  市值  |  pe   | 涨幅 | 3日涨幅 | 6日涨幅 |
+----------+--------+----------+--------+-------+------+---------+---------+
| 化纤行业 | 600346 | 恒力石化 | 1565.0 |  9.3  | 0.9  |   0.1   |  -0.1   |
| 化纤行业 | 002493 | 荣盛石化 | 1558.0 | 12.5  | 0.1  |   0.0   |  -1.3   |
| 化纤行业 | 000301 | 东方盛虹 | 1006.0 | 36.5  | 1.6  |  -9.6   |  -2.0   |
| 化纤行业 | 002064 | 华峰化学 | 418.8  |  7.7  | -0.3 |   4.1   |  10.6   |
| 化纤行业 | 000703 | 恒逸石化 | 385.3  | 13.2  | -0.8 |  -2.2   |  -1.1   |
| 化纤行业 | 601233 | 桐昆股份 | 382.9  |  6.4  | 0.4  |  -1.3   |   0.1   |
| 化纤行业 | 688295 | 中复神鹰 | 337.4  | 71.6  | 3.0  |  -1.6   |  -1.4   |
| 化纤行业 | 300777 | 中简科技 | 211.9  | 58.4  | 2.1  |   0.2   |   9.1   |
| 化纤行业 | 603225 |  新凤鸣  | 176.5  | 15.5  | 0.1  |   2.0   |   4.9   |
| 化纤行业 | 600063 | 皖维高新 | 146.0  |  8.8  | -1.6 |   0.3   |   8.8   |
| 化纤行业 | 002254 | 泰和新材 | 114.6  | 19.6  | 0.4  |   2.2   |   8.0   |
| 化纤行业 | 000420 | 吉林化纤 | 103.4  | -52.8 | -1.0 |  -3.2   |  -4.8   |
| 化纤行业 | 600810 | 神马股份 |  94.0  |  6.4  | 0.2  |  -1.4   |   2.3   |
| 化纤行业 | 002206 |  海利得  |  77.3  | 15.8  | -1.7 |  -3.5   |   0.8   |
| 化纤行业 | 000949 | 新乡化纤 |  53.4  | 32.6  | -0.6 |  -0.8   |   0.3   |
| 化纤行业 | 601113 | 华鼎股份 |  49.6  | -16.3 | 0.2  |  -6.2   |  -4.4   |
| 化纤行业 | 000936 | 华西股份 |  47.9  | 62.0  | -0.7 |  -1.1   |   0.7   |
| 化纤行业 | 600527 | 江南高纤 |  38.3  | 59.8  | 1.8  |   1.8   |   5.2   |
| 化纤行业 | 603332 | 苏州龙杰 |  38.1  | -71.0 | 6.7  |   4.8   |  17.4   |
| 化纤行业 | 688722 |  同益中  |  37.6  | 30.8  | 1.4  |  -4.0   |   0.5   |
| 化纤行业 | 002427 | *ST尤夫  |  37.1  | -5.2  | 5.0  |   4.6   |   1.3   |
| 化纤行业 | 002172 | 澳洋健康 |  28.5  | 21.9  | 2.8  |   6.4   |   8.9   |
| 化纤行业 | 301057 | 汇隆新材 |  26.6  | 53.6  | -1.7 |  -0.6   |   2.5   |
| 化纤行业 | 000677 | 恒天海龙 |  26.4  | 42.4  | 1.0  |   0.3   |   3.7   |
| 化纤行业 | 000782 | 美达股份 |  24.6  | 30.9  | -1.3 |   1.8   |   2.9   |
| 化纤行业 | 002998 | 优彩资源 |  23.2  | 19.4  | 0.6  |  -0.1   |   2.8   |
| 化纤行业 | 300876 | 蒙泰高新 |  21.5  | 35.4  | -0.5 |   0.1   |   3.9   |
| 化纤行业 | 600889 | 南京化纤 |  17.5  | -13.8 | 0.0  |  -1.2   |   2.1   |
+----------+--------+----------+--------+-------+------+---------+---------+
 




 [行业>单日涨幅]
+----------+--------+----------+--------+-------+------+---------+---------+
|   行业   |  代码  |   名称   |  市值  |  pe   | 涨幅 | 3日涨幅 | 6日涨幅 |
+----------+--------+----------+--------+-------+------+---------+---------+
| 化纤行业 | 603332 | 苏州龙杰 |  38.1  | -71.0 | 6.7  |   4.8   |  17.4   |
| 化纤行业 | 002427 | *ST尤夫  |  37.1  | -5.2  | 5.0  |   4.6   |   1.3   |
| 化纤行业 | 688295 | 中复神鹰 | 337.4  | 71.6  | 3.0  |  -1.6   |  -1.4   |
| 化纤行业 | 002172 | 澳洋健康 |  28.5  | 21.9  | 2.8  |   6.4   |   8.9   |
| 化纤行业 | 300777 | 中简科技 | 211.9  | 58.4  | 2.1  |   0.2   |   9.1   |
| 化纤行业 | 600527 | 江南高纤 |  38.3  | 59.8  | 1.8  |   1.8   |   5.2   |
| 化纤行业 | 000301 | 东方盛虹 | 1006.0 | 36.5  | 1.6  |  -9.6   |  -2.0   |
| 化纤行业 | 688722 |  同益中  |  37.6  | 30.8  | 1.4  |  -4.0   |   0.5   |
| 化纤行业 | 000677 | 恒天海龙 |  26.4  | 42.4  | 1.0  |   0.3   |   3.7   |
| 化纤行业 | 600346 | 恒力石化 | 1565.0 |  9.3  | 0.9  |   0.1   |  -0.1   |
| 化纤行业 | 002998 | 优彩资源 |  23.2  | 19.4  | 0.6  |  -0.1   |   2.8   |
| 化纤行业 | 601233 | 桐昆股份 | 382.9  |  6.4  | 0.4  |  -1.3   |   0.1   |
| 化纤行业 | 002254 | 泰和新材 | 114.6  | 19.6  | 0.4  |   2.2   |   8.0   |
| 化纤行业 | 601113 | 华鼎股份 |  49.6  | -16.3 | 0.2  |  -6.2   |  -4.4   |
| 化纤行业 | 600810 | 神马股份 |  94.0  |  6.4  | 0.2  |  -1.4   |   2.3   |
| 化纤行业 | 002493 | 荣盛石化 | 1558.0 | 12.5  | 0.1  |   0.0   |  -1.3   |
| 化纤行业 | 603225 |  新凤鸣  | 176.5  | 15.5  | 0.1  |   2.0   |   4.9   |
| 化纤行业 | 600889 | 南京化纤 |  17.5  | -13.8 | 0.0  |  -1.2   |   2.1   |
| 化纤行业 | 002064 | 华峰化学 | 418.8  |  7.7  | -0.3 |   4.1   |  10.6   |
| 化纤行业 | 300876 | 蒙泰高新 |  21.5  | 35.4  | -0.5 |   0.1   |   3.9   |
| 化纤行业 | 000949 | 新乡化纤 |  53.4  | 32.6  | -0.6 |  -0.8   |   0.3   |
| 化纤行业 | 000936 | 华西股份 |  47.9  | 62.0  | -0.7 |  -1.1   |   0.7   |
| 化纤行业 | 000703 | 恒逸石化 | 385.3  | 13.2  | -0.8 |  -2.2   |  -1.1   |
| 化纤行业 | 000420 | 吉林化纤 | 103.4  | -52.8 | -1.0 |  -3.2   |  -4.8   |
| 化纤行业 | 000782 | 美达股份 |  24.6  | 30.9  | -1.3 |   1.8   |   2.9   |
| 化纤行业 | 600063 | 皖维高新 | 146.0  |  8.8  | -1.6 |   0.3   |   8.8   |
| 化纤行业 | 301057 | 汇隆新材 |  26.6  | 53.6  | -1.7 |  -0.6   |   2.5   |
| 化纤行业 | 002206 |  海利得  |  77.3  | 15.8  | -1.7 |  -3.5   |   0.8   |
+----------+--------+----------+--------+-------+------+---------+---------+
