[行业>市值]
+----------+--------+----------+-------+--------+------+---------+---------+
|   行业   |  代码  |   名称   | 市值  |   pe   | 涨幅 | 3日涨幅 | 6日涨幅 |
+----------+--------+----------+-------+--------+------+---------+---------+
| 多元金融 | 000617 | 中油资本 | 608.1 |  8.8   | 0.0  |  -0.2   |   0.2   |
| 多元金融 | 000987 | 越秀金控 | 352.7 |  15.1  | 1.4  |   2.5   |   3.3   |
| 多元金融 | 600705 | 中航产融 | 308.6 | 673.6  | -0.9 |  -0.3   |  -0.6   |
| 多元金融 | 600927 | 永安期货 | 293.6 | 225.2  | 0.9  |  -2.4   |   1.6   |
| 多元金融 | 600816 |  ST安信  | 231.3 | -12.1  | 0.5  |   2.9   |   2.9   |
| 多元金融 | 600390 | 五矿资本 | 220.0 |  7.8   | 0.0  |  -0.8   |  -0.6   |
| 多元金融 | 002423 | 中粮资本 | 154.6 | -11.3  | -1.2 |  -1.2   |  -1.0   |
| 多元金融 | 600901 | 江苏租赁 | 153.2 |  6.2   | -0.6 |   0.6   |   2.4   |
| 多元金融 | 000567 | 海德股份 | 137.6 |  27.0  | -0.7 |  -3.1   |  -1.1   |
| 多元金融 | 000415 | 渤海租赁 | 134.2 |  -4.5  | -1.4 |  -0.5   |   1.4   |
| 多元金融 | 000563 | 陕国投Ａ  | 123.7 |  17.6  | 0.3  |  -0.3   |   0.0   |
| 多元金融 | 600120 | 浙江东方 | 116.1 |  72.7  | 0.0  |   1.8   |   3.1   |
| 多元金融 | 600643 | 爱建集团 | 96.2  |  8.1   | 0.0  |   0.3   |   1.4   |
| 多元金融 | 002961 | 瑞达期货 | 80.3  |  21.1  | 3.3  |   1.2   |   6.6   |
| 多元金融 | 000046 | 泛海控股 | 79.0  |  -2.5  | 0.0  |   1.3   |   4.1   |
| 多元金融 | 600053 | 九鼎投资 | 70.7  |  39.8  | -1.5 |  -3.5   |  -5.1   |
| 多元金融 | 603093 | 南华期货 | 64.6  |  57.5  | 1.1  |  -0.4   |   2.7   |
| 多元金融 | 000666 | 经纬纺机 | 63.2  |  11.6  | 0.8  |   1.6   |   4.7   |
| 多元金融 | 600318 | 新力金融 | 38.2  | 416.6  | 1.1  |  -3.2   |  -2.2   |
| 多元金融 | 002647 | 仁东控股 | 37.6  | -45.6  | -0.6 |  -2.0   |  -1.6   |
| 多元金融 | 600830 | 香溢融通 | 25.7  |  53.6  | 0.2  |   0.2   |   0.2   |
| 多元金融 | 000416 | 民生控股 | 20.6  | -111.0 | -1.8 |   0.0   |   3.8   |
| 多元金融 | 600599 |  ST熊猫  | 15.5  |  10.7  | -0.5 |  -2.2   |  -0.4   |
| 多元金融 | 600139 | *ST西源  | 14.3  |  -9.7  | -4.8 |  -10.7  |  -9.2   |
| 多元金融 | 300309 | *ST吉艾  | 14.3  |  -3.2  | 1.3  |  -7.5   |  -10.6  |
| 多元金融 | 001236 | 弘业期货 |  0.0  |  0.0   | 0.0  |   0.0   |   0.0   |
+----------+--------+----------+-------+--------+------+---------+---------+
 




 [行业>单日涨幅]
+----------+--------+----------+-------+--------+------+---------+---------+
|   行业   |  代码  |   名称   | 市值  |   pe   | 涨幅 | 3日涨幅 | 6日涨幅 |
+----------+--------+----------+-------+--------+------+---------+---------+
| 多元金融 | 002961 | 瑞达期货 | 80.3  |  21.1  | 3.3  |   1.2   |   6.6   |
| 多元金融 | 000987 | 越秀金控 | 352.7 |  15.1  | 1.4  |   2.5   |   3.3   |
| 多元金融 | 300309 | *ST吉艾  | 14.3  |  -3.2  | 1.3  |  -7.5   |  -10.6  |
| 多元金融 | 600318 | 新力金融 | 38.2  | 416.6  | 1.1  |  -3.2   |  -2.2   |
| 多元金融 | 603093 | 南华期货 | 64.6  |  57.5  | 1.1  |  -0.4   |   2.7   |
| 多元金融 | 600927 | 永安期货 | 293.6 | 225.2  | 0.9  |  -2.4   |   1.6   |
| 多元金融 | 000666 | 经纬纺机 | 63.2  |  11.6  | 0.8  |   1.6   |   4.7   |
| 多元金融 | 600816 |  ST安信  | 231.3 | -12.1  | 0.5  |   2.9   |   2.9   |
| 多元金融 | 000563 | 陕国投Ａ  | 123.7 |  17.6  | 0.3  |  -0.3   |   0.0   |
| 多元金融 | 600830 | 香溢融通 | 25.7  |  53.6  | 0.2  |   0.2   |   0.2   |
| 多元金融 | 000617 | 中油资本 | 608.1 |  8.8   | 0.0  |  -0.2   |   0.2   |
| 多元金融 | 600390 | 五矿资本 | 220.0 |  7.8   | 0.0  |  -0.8   |  -0.6   |
| 多元金融 | 600120 | 浙江东方 | 116.1 |  72.7  | 0.0  |   1.8   |   3.1   |
| 多元金融 | 600643 | 爱建集团 | 96.2  |  8.1   | 0.0  |   0.3   |   1.4   |
| 多元金融 | 000046 | 泛海控股 | 79.0  |  -2.5  | 0.0  |   1.3   |   4.1   |
| 多元金融 | 001236 | 弘业期货 |  0.0  |  0.0   | 0.0  |   0.0   |   0.0   |
| 多元金融 | 600599 |  ST熊猫  | 15.5  |  10.7  | -0.5 |  -2.2   |  -0.4   |
| 多元金融 | 600901 | 江苏租赁 | 153.2 |  6.2   | -0.6 |   0.6   |   2.4   |
| 多元金融 | 002647 | 仁东控股 | 37.6  | -45.6  | -0.6 |  -2.0   |  -1.6   |
| 多元金融 | 000567 | 海德股份 | 137.6 |  27.0  | -0.7 |  -3.1   |  -1.1   |
| 多元金融 | 600705 | 中航产融 | 308.6 | 673.6  | -0.9 |  -0.3   |  -0.6   |
| 多元金融 | 002423 | 中粮资本 | 154.6 | -11.3  | -1.2 |  -1.2   |  -1.0   |
| 多元金融 | 000415 | 渤海租赁 | 134.2 |  -4.5  | -1.4 |  -0.5   |   1.4   |
| 多元金融 | 600053 | 九鼎投资 | 70.7  |  39.8  | -1.5 |  -3.5   |  -5.1   |
| 多元金融 | 000416 | 民生控股 | 20.6  | -111.0 | -1.8 |   0.0   |   3.8   |
| 多元金融 | 600139 | *ST西源  | 14.3  |  -9.7  | -4.8 |  -10.7  |  -9.2   |
+----------+--------+----------+-------+--------+------+---------+---------+
