[行业>市值]
+----------+--------+----------+-------+--------+------+---------+---------+
|   行业   |  代码  |   名称   | 市值  |   pe   | 涨幅 | 3日涨幅 | 6日涨幅 |
+----------+--------+----------+-------+--------+------+---------+---------+
| 家用轻工 | 603899 | 晨光股份 | 519.8 |  47.1  | 4.6  |   9.5   |  11.7   |
| 家用轻工 | 001323 | 慕思股份 | 196.2 |  39.5  | 1.6  |   1.8   |  26.0   |
| 家用轻工 | 605099 | 共创草坪 | 106.8 |  31.3  | -1.7 |  -5.0   |  -5.9   |
| 家用轻工 | 603398 | 沐邦高科 | 96.2  | -264.0 | -0.4 |  -2.8   |   6.2   |
| 家用轻工 | 002489 | 浙江永强 | 79.2  |  14.4  | 1.7  |  -9.7   |  -8.1   |
| 家用轻工 | 002678 | 珠江钢琴 | 78.9  |  37.2  | 0.9  |  -0.2   |   2.3   |
| 家用轻工 | 301101 | 明月镜片 | 69.0  |  78.0  | 7.5  |  14.5   |  18.9   |
| 家用轻工 | 603848 | XD好太太 | 68.8  |  38.0  | -3.2 |  -3.9   |  12.6   |
| 家用轻工 | 002605 | 姚记科技 | 67.5  |  18.4  | 0.7  |  -0.9   |  -2.9   |
| 家用轻工 | 002301 | 齐心集团 | 48.5  |  22.1  | 1.1  |   3.6   |   6.6   |
| 家用轻工 | 605299 | 舒华体育 | 44.9  |  84.6  | 0.9  |  -2.2   |   6.8   |
| 家用轻工 | 300729 | 乐歌股份 | 38.7  |  53.8  | -0.1 |  -1.0   |  -1.5   |
| 家用轻工 | 300651 | 金陵体育 | 32.8  | 320.9  | 0.6  |  -2.1   |   1.3   |
| 家用轻工 | 600439 |  瑞贝卡  | 31.0  |  60.7  | 0.7  |   0.7   |   2.6   |
| 家用轻工 | 002571 | 德力股份 | 28.5  | 276.1  | 0.0  |  -10.9  |   6.6   |
| 家用轻工 | 002575 | 群兴玩具 | 28.5  | 410.6  | -0.4 |  -0.7   |   0.2   |
| 家用轻工 | 002615 |  哈尔斯  | 25.7  |  20.9  | 3.0  |   1.3   |  12.1   |
| 家用轻工 | 002103 | 广博股份 | 23.7  | -39.6  | 0.7  |   0.5   |   0.9   |
| 家用轻工 | 301004 | 嘉益股份 | 23.7  |  17.9  | -0.3 |  -5.7   |   1.6   |
| 家用轻工 | 002348 | 高乐股份 | 21.2  | -10.6  | 2.8  |   4.7   |   9.8   |
| 家用轻工 | 300329 | 海伦钢琴 | 18.0  |  71.3  | 0.8  |   0.1   |   1.6   |
| 家用轻工 | 300640 | 德艺文创 | 16.8  |  50.9  | 0.7  |   1.9   |   4.6   |
| 家用轻工 | 300703 | 创源股份 | 16.8  | 104.0  | 0.8  |  -0.3   |   1.8   |
| 家用轻工 | 002899 |  英派斯  | 14.7  | 275.5  | 1.5  |   1.9   |   3.5   |
| 家用轻工 | 002862 | 实丰文化 | 13.5  | 175.5  | 0.5  |   1.3   |   3.5   |
+----------+--------+----------+-------+--------+------+---------+---------+
 




 [行业>单日涨幅]
+----------+--------+----------+-------+--------+------+---------+---------+
|   行业   |  代码  |   名称   | 市值  |   pe   | 涨幅 | 3日涨幅 | 6日涨幅 |
+----------+--------+----------+-------+--------+------+---------+---------+
| 家用轻工 | 301101 | 明月镜片 | 69.0  |  78.0  | 7.5  |  14.5   |  18.9   |
| 家用轻工 | 603899 | 晨光股份 | 519.8 |  47.1  | 4.6  |   9.5   |  11.7   |
| 家用轻工 | 002615 |  哈尔斯  | 25.7  |  20.9  | 3.0  |   1.3   |  12.1   |
| 家用轻工 | 002348 | 高乐股份 | 21.2  | -10.6  | 2.8  |   4.7   |   9.8   |
| 家用轻工 | 002489 | 浙江永强 | 79.2  |  14.4  | 1.7  |  -9.7   |  -8.1   |
| 家用轻工 | 001323 | 慕思股份 | 196.2 |  39.5  | 1.6  |   1.8   |  26.0   |
| 家用轻工 | 002899 |  英派斯  | 14.7  | 275.5  | 1.5  |   1.9   |   3.5   |
| 家用轻工 | 002301 | 齐心集团 | 48.5  |  22.1  | 1.1  |   3.6   |   6.6   |
| 家用轻工 | 605299 | 舒华体育 | 44.9  |  84.6  | 0.9  |  -2.2   |   6.8   |
| 家用轻工 | 002678 | 珠江钢琴 | 78.9  |  37.2  | 0.9  |  -0.2   |   2.3   |
| 家用轻工 | 300329 | 海伦钢琴 | 18.0  |  71.3  | 0.8  |   0.1   |   1.6   |
| 家用轻工 | 300703 | 创源股份 | 16.8  | 104.0  | 0.8  |  -0.3   |   1.8   |
| 家用轻工 | 600439 |  瑞贝卡  | 31.0  |  60.7  | 0.7  |   0.7   |   2.6   |
| 家用轻工 | 002103 | 广博股份 | 23.7  | -39.6  | 0.7  |   0.5   |   0.9   |
| 家用轻工 | 300640 | 德艺文创 | 16.8  |  50.9  | 0.7  |   1.9   |   4.6   |
| 家用轻工 | 002605 | 姚记科技 | 67.5  |  18.4  | 0.7  |  -0.9   |  -2.9   |
| 家用轻工 | 300651 | 金陵体育 | 32.8  | 320.9  | 0.6  |  -2.1   |   1.3   |
| 家用轻工 | 002862 | 实丰文化 | 13.5  | 175.5  | 0.5  |   1.3   |   3.5   |
| 家用轻工 | 002571 | 德力股份 | 28.5  | 276.1  | 0.0  |  -10.9  |   6.6   |
| 家用轻工 | 300729 | 乐歌股份 | 38.7  |  53.8  | -0.1 |  -1.0   |  -1.5   |
| 家用轻工 | 301004 | 嘉益股份 | 23.7  |  17.9  | -0.3 |  -5.7   |   1.6   |
| 家用轻工 | 603398 | 沐邦高科 | 96.2  | -264.0 | -0.4 |  -2.8   |   6.2   |
| 家用轻工 | 002575 | 群兴玩具 | 28.5  | 410.6  | -0.4 |  -0.7   |   0.2   |
| 家用轻工 | 605099 | 共创草坪 | 106.8 |  31.3  | -1.7 |  -5.0   |  -5.9   |
| 家用轻工 | 603848 | XD好太太 | 68.8  |  38.0  | -3.2 |  -3.9   |  12.6   |
+----------+--------+----------+-------+--------+------+---------+---------+
