[行业>市值]
+----------+--------+----------+--------+--------+------+---------+---------+
|   行业   |  代码  |   名称   |  市值  |   pe   | 涨幅 | 3日涨幅 | 6日涨幅 |
+----------+--------+----------+--------+--------+------+---------+---------+
| 工程机械 | 600031 | 三一重工 | 1619.0 |  25.5  | 3.6  |   2.6   |   5.8   |
| 工程机械 | 601100 | 恒立液压 | 805.7  |  38.1  | 2.8  |   3.0   |  11.8   |
| 工程机械 | 000157 | 中联重科 | 534.6  |  14.7  | 1.1  |   1.1   |   3.5   |
| 工程机械 | 000425 | 徐工机械 | 422.2  |  7.5   | 0.2  |   0.6   |   1.9   |
| 工程机械 | 603338 | 浙江鼎力 | 256.7  |  32.8  | 2.1  |   2.3   |   5.2   |
| 工程机械 | 688425 | 铁建重工 | 217.1  |  14.4  | 0.5  |  -0.7   |  -1.4   |
| 工程机械 | 603638 | 艾迪精密 | 172.2  |  59.5  | 0.8  |  -0.6   |   9.0   |
| 工程机械 | 603298 | 杭叉集团 | 133.7  |  17.6  | -0.3 |   0.4   |   8.1   |
| 工程机械 | 000528 |   柳工   | 127.3  |  12.5  | -0.5 |  -0.1   |   1.7   |
| 工程机械 | 600761 | 安徽合力 |  88.1  |  11.4  | 0.9  |   5.8   |  16.6   |
| 工程机械 | 002204 | 大连重工 |  84.4  |  30.2  | -0.2 |  -4.6   |  -14.8  |
| 工程机械 | 600984 | 建设机械 |  81.5  | -37.8  | 4.2  |   6.1   |  12.9   |
| 工程机械 | 000680 | 山推股份 |  78.1  |  5.4   | 4.2  |   3.4   |   7.7   |
| 工程机械 | 002097 | 山河智能 |  73.8  | -37.7  | 0.4  |   0.4   |   5.1   |
| 工程机械 | 605305 | 中际联合 |  73.5  |  41.7  | -0.9 |  -8.5   |  -0.8   |
| 工程机械 | 600375 | 汉马科技 |  60.7  |  -9.3  | -1.1 |  -7.1   |  -4.9   |
| 工程机械 | 601226 | 华电重工 |  57.9  | -13.3  | -0.8 |  -2.0   |  -0.6   |
| 工程机械 | 600817 | 宇通重工 |  51.9  |  15.3  | -1.9 |  -2.9   |   0.0   |
| 工程机械 | 600815 | 厦工股份 |  49.5  | -647.3 | -0.4 |  -1.4   |  -0.4   |
| 工程机械 | 300718 | 长盛轴承 |  49.3  |  40.7  | 2.2  |  12.1   |  20.8   |
| 工程机械 | 603611 | 诺力股份 |  46.4  |  16.1  | 0.9  |   0.6   |   0.5   |
| 工程机械 | 605389 | 长龄液压 |  36.5  |  21.6  | 0.1  |  -0.8   |  -0.1   |
| 工程机械 | 301040 | 中环海陆 |  30.5  |  44.8  | 1.1  |  -3.4   |   4.3   |
| 工程机械 | 002272 | 川润股份 |  26.1  |  67.2  | 10.0 |   5.5   |  10.2   |
| 工程机械 | 001288 | 运机集团 |  25.0  |  29.6  | -1.3 |   3.6   |   7.8   |
| 工程机械 | 300201 | *ST海伦  |  20.8  |  15.9  | 0.5  |  -0.5   |  -2.4   |
| 工程机械 | 300022 | 吉峰科技 |  17.9  | -214.4 | -0.4 |  -2.3   |  -0.4   |
+----------+--------+----------+--------+--------+------+---------+---------+
 




 [行业>单日涨幅]
+----------+--------+----------+--------+--------+------+---------+---------+
|   行业   |  代码  |   名称   |  市值  |   pe   | 涨幅 | 3日涨幅 | 6日涨幅 |
+----------+--------+----------+--------+--------+------+---------+---------+
| 工程机械 | 002272 | 川润股份 |  26.1  |  67.2  | 10.0 |   5.5   |  10.2   |
| 工程机械 | 000680 | 山推股份 |  78.1  |  5.4   | 4.2  |   3.4   |   7.7   |
| 工程机械 | 600984 | 建设机械 |  81.5  | -37.8  | 4.2  |   6.1   |  12.9   |
| 工程机械 | 600031 | 三一重工 | 1619.0 |  25.5  | 3.6  |   2.6   |   5.8   |
| 工程机械 | 601100 | 恒立液压 | 805.7  |  38.1  | 2.8  |   3.0   |  11.8   |
| 工程机械 | 300718 | 长盛轴承 |  49.3  |  40.7  | 2.2  |  12.1   |  20.8   |
| 工程机械 | 603338 | 浙江鼎力 | 256.7  |  32.8  | 2.1  |   2.3   |   5.2   |
| 工程机械 | 000157 | 中联重科 | 534.6  |  14.7  | 1.1  |   1.1   |   3.5   |
| 工程机械 | 301040 | 中环海陆 |  30.5  |  44.8  | 1.1  |  -3.4   |   4.3   |
| 工程机械 | 600761 | 安徽合力 |  88.1  |  11.4  | 0.9  |   5.8   |  16.6   |
| 工程机械 | 603611 | 诺力股份 |  46.4  |  16.1  | 0.9  |   0.6   |   0.5   |
| 工程机械 | 603638 | 艾迪精密 | 172.2  |  59.5  | 0.8  |  -0.6   |   9.0   |
| 工程机械 | 300201 | *ST海伦  |  20.8  |  15.9  | 0.5  |  -0.5   |  -2.4   |
| 工程机械 | 688425 | 铁建重工 | 217.1  |  14.4  | 0.5  |  -0.7   |  -1.4   |
| 工程机械 | 002097 | 山河智能 |  73.8  | -37.7  | 0.4  |   0.4   |   5.1   |
| 工程机械 | 000425 | 徐工机械 | 422.2  |  7.5   | 0.2  |   0.6   |   1.9   |
| 工程机械 | 605389 | 长龄液压 |  36.5  |  21.6  | 0.1  |  -0.8   |  -0.1   |
| 工程机械 | 002204 | 大连重工 |  84.4  |  30.2  | -0.2 |  -4.6   |  -14.8  |
| 工程机械 | 603298 | 杭叉集团 | 133.7  |  17.6  | -0.3 |   0.4   |   8.1   |
| 工程机械 | 600815 | 厦工股份 |  49.5  | -647.3 | -0.4 |  -1.4   |  -0.4   |
| 工程机械 | 300022 | 吉峰科技 |  17.9  | -214.4 | -0.4 |  -2.3   |  -0.4   |
| 工程机械 | 000528 |   柳工   | 127.3  |  12.5  | -0.5 |  -0.1   |   1.7   |
| 工程机械 | 601226 | 华电重工 |  57.9  | -13.3  | -0.8 |  -2.0   |  -0.6   |
| 工程机械 | 605305 | 中际联合 |  73.5  |  41.7  | -0.9 |  -8.5   |  -0.8   |
| 工程机械 | 600375 | 汉马科技 |  60.7  |  -9.3  | -1.1 |  -7.1   |  -4.9   |
| 工程机械 | 001288 | 运机集团 |  25.0  |  29.6  | -1.3 |   3.6   |   7.8   |
| 工程机械 | 600817 | 宇通重工 |  51.9  |  15.3  | -1.9 |  -2.9   |   0.0   |
+----------+--------+----------+--------+--------+------+---------+---------+
