[行业>市值]
+----------+--------+----------+-------+--------+------+---------+---------+
|   行业   |  代码  |   名称   | 市值  |   pe   | 涨幅 | 3日涨幅 | 6日涨幅 |
+----------+--------+----------+-------+--------+------+---------+---------+
| 橡胶制品 | 601966 | 玲珑轮胎 | 376.6 | -102.5 | -1.0 |  -2.2   |   7.0   |
| 橡胶制品 | 601058 | 赛轮轮胎 | 345.3 |  26.8  | -4.3 |  -5.1   |  -0.5   |
| 橡胶制品 | 000887 | 中鼎股份 | 240.1 |  23.9  | 0.5  |  -8.2   |   0.8   |
| 橡胶制品 | 601118 | 海南橡胶 | 204.6 | -180.6 | 3.9  |   1.9   |   2.8   |
| 橡胶制品 | 002984 |  森麒麟  | 202.1 |  21.7  | 0.9  |  -7.1   |  -2.5   |
| 橡胶制品 | 603650 | 彤程新材 | 194.2 |  67.4  | 6.5  |   6.1   |  18.9   |
| 橡胶制品 | 603033 | 三维股份 | 174.8 |  89.8  | 1.1  |  -3.7   |   4.9   |
| 橡胶制品 | 300767 | 震安科技 | 141.2 | 108.4  | 4.8  |  -1.2   |  -3.5   |
| 橡胶制品 | 300587 | 天铁股份 | 129.3 |  27.9  | 6.7  |   3.0   |  19.8   |
| 橡胶制品 | 002068 | 黑猫股份 | 104.4 | -250.2 | -0.6 |  -6.9   |  -7.1   |
| 橡胶制品 | 601163 | 三角轮胎 | 93.3  |  39.9  | -0.5 |  -2.3   |   1.0   |
| 橡胶制品 | 300320 | 海达股份 | 90.2  |  56.0  | 5.7  |   3.3   |  10.4   |
| 橡胶制品 | 605183 | 确成股份 | 80.6  |  24.1  | 1.6  |  -1.3   |   7.8   |
| 橡胶制品 | 000589 | 贵州轮胎 | 50.5  |  22.4  | -0.9 |  -5.4   |  -4.8   |
| 橡胶制品 | 601500 | 通用股份 | 48.3  | 162.6  | -2.0 |  -0.9   |   0.9   |
| 橡胶制品 | 600182 | S*ST佳通 | 45.3  | 281.5  | -1.0 |  -1.4   |   6.6   |
| 橡胶制品 | 300121 | 阳谷华泰 | 40.2  |  8.9   | -0.4 |  -1.2   |   3.5   |
| 橡胶制品 | 002753 | 永东股份 | 38.9  |  92.0  | -2.5 |  -4.3   |   9.8   |
| 橡胶制品 | 600469 | 风神股份 | 36.0  | -21.8  | 2.7  |   8.6   |  10.0   |
| 橡胶制品 | 300547 | 川环科技 | 35.2  |  41.8  | -1.8 |  -5.2   |   0.9   |
| 橡胶制品 | 002224 |  三力士  | 33.9  | -156.2 | 0.2  |  -4.7   |   5.0   |
| 橡胶制品 | 000599 | 青岛双星 | 33.0  |  -5.6  | -0.5 |  -0.7   |  -0.2   |
| 橡胶制品 | 001207 | 联科科技 | 31.3  |  32.9  | 0.7  |  -0.9   |   2.5   |
| 橡胶制品 | 300731 | 科创新源 | 30.6  | -68.6  | 1.0  |  -18.4  |   9.4   |
| 橡胶制品 | 002442 | 龙星化工 | 27.1  |  59.5  | 0.6  |  -3.1   |   2.4   |
| 橡胶制品 | 002381 | 双箭股份 | 26.4  |  20.3  | 1.3  |   1.4   |   4.9   |
| 橡胶制品 | 301233 | 盛帮股份 | 21.4  |  36.3  | 0.0  |   0.0   |   0.0   |
+----------+--------+----------+-------+--------+------+---------+---------+
 




 [行业>单日涨幅]
+----------+--------+----------+-------+--------+------+---------+---------+
|   行业   |  代码  |   名称   | 市值  |   pe   | 涨幅 | 3日涨幅 | 6日涨幅 |
+----------+--------+----------+-------+--------+------+---------+---------+
| 橡胶制品 | 300587 | 天铁股份 | 129.3 |  27.9  | 6.7  |   3.0   |  19.8   |
| 橡胶制品 | 603650 | 彤程新材 | 194.2 |  67.4  | 6.5  |   6.1   |  18.9   |
| 橡胶制品 | 300320 | 海达股份 | 90.2  |  56.0  | 5.7  |   3.3   |  10.4   |
| 橡胶制品 | 300767 | 震安科技 | 141.2 | 108.4  | 4.8  |  -1.2   |  -3.5   |
| 橡胶制品 | 601118 | 海南橡胶 | 204.6 | -180.6 | 3.9  |   1.9   |   2.8   |
| 橡胶制品 | 600469 | 风神股份 | 36.0  | -21.8  | 2.7  |   8.6   |  10.0   |
| 橡胶制品 | 605183 | 确成股份 | 80.6  |  24.1  | 1.6  |  -1.3   |   7.8   |
| 橡胶制品 | 002381 | 双箭股份 | 26.4  |  20.3  | 1.3  |   1.4   |   4.9   |
| 橡胶制品 | 603033 | 三维股份 | 174.8 |  89.8  | 1.1  |  -3.7   |   4.9   |
| 橡胶制品 | 300731 | 科创新源 | 30.6  | -68.6  | 1.0  |  -18.4  |   9.4   |
| 橡胶制品 | 002984 |  森麒麟  | 202.1 |  21.7  | 0.9  |  -7.1   |  -2.5   |
| 橡胶制品 | 001207 | 联科科技 | 31.3  |  32.9  | 0.7  |  -0.9   |   2.5   |
| 橡胶制品 | 002442 | 龙星化工 | 27.1  |  59.5  | 0.6  |  -3.1   |   2.4   |
| 橡胶制品 | 000887 | 中鼎股份 | 240.1 |  23.9  | 0.5  |  -8.2   |   0.8   |
| 橡胶制品 | 002224 |  三力士  | 33.9  | -156.2 | 0.2  |  -4.7   |   5.0   |
| 橡胶制品 | 301233 | 盛帮股份 | 21.4  |  36.3  | 0.0  |   0.0   |   0.0   |
| 橡胶制品 | 300121 | 阳谷华泰 | 40.2  |  8.9   | -0.4 |  -1.2   |   3.5   |
| 橡胶制品 | 000599 | 青岛双星 | 33.0  |  -5.6  | -0.5 |  -0.7   |  -0.2   |
| 橡胶制品 | 601163 | 三角轮胎 | 93.3  |  39.9  | -0.5 |  -2.3   |   1.0   |
| 橡胶制品 | 002068 | 黑猫股份 | 104.4 | -250.2 | -0.6 |  -6.9   |  -7.1   |
| 橡胶制品 | 000589 | 贵州轮胎 | 50.5  |  22.4  | -0.9 |  -5.4   |  -4.8   |
| 橡胶制品 | 601966 | 玲珑轮胎 | 376.6 | -102.5 | -1.0 |  -2.2   |   7.0   |
| 橡胶制品 | 600182 | S*ST佳通 | 45.3  | 281.5  | -1.0 |  -1.4   |   6.6   |
| 橡胶制品 | 300547 | 川环科技 | 35.2  |  41.8  | -1.8 |  -5.2   |   0.9   |
| 橡胶制品 | 601500 | 通用股份 | 48.3  | 162.6  | -2.0 |  -0.9   |   0.9   |
| 橡胶制品 | 002753 | 永东股份 | 38.9  |  92.0  | -2.5 |  -4.3   |   9.8   |
| 橡胶制品 | 601058 | 赛轮轮胎 | 345.3 |  26.8  | -4.3 |  -5.1   |  -0.5   |
+----------+--------+----------+-------+--------+------+---------+---------+
