[行业>市值]
+----------+--------+----------+--------+-------+------+---------+---------+
|   行业   |  代码  |   名称   |  市值  |  pe   | 涨幅 | 3日涨幅 | 6日涨幅 |
+----------+--------+----------+--------+-------+------+---------+---------+
| 汽车整车 | 002594 |  比亚迪  | 9708.0 | 300.2 | 0.6  |  -4.6   |  -1.9   |
| 汽车整车 | 601633 | 长城汽车 | 3433.0 | 52.5  | -2.5 |  -9.6   |  -2.5   |
| 汽车整车 | 600104 | 上汽集团 | 2081.0 |  9.4  | -0.6 |  -3.3   |   1.4   |
| 汽车整车 | 000625 | 长安汽车 | 1718.0 |  9.5  | -5.5 |  -6.4   |  15.4   |
| 汽车整车 | 601238 | 广汽集团 | 1595.0 | 13.2  | -3.4 |  -14.3  |  -6.3   |
| 汽车整车 | 601127 | 小康股份 | 1103.0 | -32.9 | 2.7  |  -1.4   |  15.3   |
| 汽车整车 | 000800 | 一汽解放 | 434.7  | 24.0  | -1.6 |  -2.9   |   0.1   |
| 汽车整车 | 600733 | 北汽蓝谷 | 397.4  | -10.4 | 0.3  |  -7.4   |   3.1   |
| 汽车整车 | 600418 | 江淮汽车 | 374.8  | -32.3 | 8.1  |  15.8   |  32.8   |
| 汽车整车 | 601777 | 力帆科技 | 249.8  | 122.8 | 0.0  |  -3.3   |   8.8   |
| 汽车整车 | 301039 | 中集车辆 | 218.5  | 43.9  | -3.4 |  -10.3  |  -4.8   |
| 汽车整车 | 600066 | 宇通客车 | 191.5  | -41.4 | -1.1 |  -4.0   |  -2.7   |
| 汽车整车 | 600166 | 福田汽车 | 186.1  | 34.4  | -1.7 |  -4.4   |   0.7   |
| 汽车整车 | 000980 |  ST众泰  | 178.4  | -28.5 | -1.7 |  -2.2   |  -5.9   |
| 汽车整车 | 000951 | 中国重汽 | 152.6  | 30.8  | 1.2  |  -2.2   |   0.5   |
| 汽车整车 | 600006 | 东风汽车 | 151.0  | 31.8  | -4.4 |  -5.4   |  -0.8   |
| 汽车整车 | 000550 | 江铃汽车 | 138.8  | 17.9  | -1.5 |  -8.5   |   2.3   |
| 汽车整车 | 000957 | 中通客车 | 126.4  | -89.6 | 0.0  |   0.0   |   0.0   |
| 汽车整车 | 000572 | 海马汽车 | 100.2  | -41.1 | -5.4 |  -6.3   |  -1.3   |
| 汽车整车 | 600686 | 金龙汽车 |  49.9  | 321.8 | -4.0 |  -8.4   |   2.6   |
| 汽车整车 | 000868 | 安凯客车 |  48.5  | -30.3 | -9.9 |  -10.8  |  18.7   |
| 汽车整车 | 600213 | 亚星客车 |  31.9  | -18.3 | 6.3  |   7.0   |  29.7   |
| 汽车整车 | 600303 |  ST曙光  |  23.5  | -18.0 | -1.1 |  -3.9   |   4.2   |
+----------+--------+----------+--------+-------+------+---------+---------+
 




 [行业>单日涨幅]
+----------+--------+----------+--------+-------+------+---------+---------+
|   行业   |  代码  |   名称   |  市值  |  pe   | 涨幅 | 3日涨幅 | 6日涨幅 |
+----------+--------+----------+--------+-------+------+---------+---------+
| 汽车整车 | 600418 | 江淮汽车 | 374.8  | -32.3 | 8.1  |  15.8   |  32.8   |
| 汽车整车 | 600213 | 亚星客车 |  31.9  | -18.3 | 6.3  |   7.0   |  29.7   |
| 汽车整车 | 601127 | 小康股份 | 1103.0 | -32.9 | 2.7  |  -1.4   |  15.3   |
| 汽车整车 | 000951 | 中国重汽 | 152.6  | 30.8  | 1.2  |  -2.2   |   0.5   |
| 汽车整车 | 002594 |  比亚迪  | 9708.0 | 300.2 | 0.6  |  -4.6   |  -1.9   |
| 汽车整车 | 600733 | 北汽蓝谷 | 397.4  | -10.4 | 0.3  |  -7.4   |   3.1   |
| 汽车整车 | 601777 | 力帆科技 | 249.8  | 122.8 | 0.0  |  -3.3   |   8.8   |
| 汽车整车 | 000957 | 中通客车 | 126.4  | -89.6 | 0.0  |   0.0   |   0.0   |
| 汽车整车 | 600104 | 上汽集团 | 2081.0 |  9.4  | -0.6 |  -3.3   |   1.4   |
| 汽车整车 | 600066 | 宇通客车 | 191.5  | -41.4 | -1.1 |  -4.0   |  -2.7   |
| 汽车整车 | 600303 |  ST曙光  |  23.5  | -18.0 | -1.1 |  -3.9   |   4.2   |
| 汽车整车 | 000550 | 江铃汽车 | 138.8  | 17.9  | -1.5 |  -8.5   |   2.3   |
| 汽车整车 | 000800 | 一汽解放 | 434.7  | 24.0  | -1.6 |  -2.9   |   0.1   |
| 汽车整车 | 000980 |  ST众泰  | 178.4  | -28.5 | -1.7 |  -2.2   |  -5.9   |
| 汽车整车 | 600166 | 福田汽车 | 186.1  | 34.4  | -1.7 |  -4.4   |   0.7   |
| 汽车整车 | 601633 | 长城汽车 | 3433.0 | 52.5  | -2.5 |  -9.6   |  -2.5   |
| 汽车整车 | 301039 | 中集车辆 | 218.5  | 43.9  | -3.4 |  -10.3  |  -4.8   |
| 汽车整车 | 601238 | 广汽集团 | 1595.0 | 13.2  | -3.4 |  -14.3  |  -6.3   |
| 汽车整车 | 600686 | 金龙汽车 |  49.9  | 321.8 | -4.0 |  -8.4   |   2.6   |
| 汽车整车 | 600006 | 东风汽车 | 151.0  | 31.8  | -4.4 |  -5.4   |  -0.8   |
| 汽车整车 | 000572 | 海马汽车 | 100.2  | -41.1 | -5.4 |  -6.3   |  -1.3   |
| 汽车整车 | 000625 | 长安汽车 | 1718.0 |  9.5  | -5.5 |  -6.4   |  15.4   |
| 汽车整车 | 000868 | 安凯客车 |  48.5  | -30.3 | -9.9 |  -10.8  |  18.7   |
+----------+--------+----------+--------+-------+------+---------+---------+
