[行业>市值]
+------+--------+----------+-------+--------+------+---------+---------+
| 行业 |  代码  |   名称   | 市值  |   pe   | 涨幅 | 3日涨幅 | 6日涨幅 |
+------+--------+----------+-------+--------+------+---------+---------+
| 燃气 | 600803 | 新奥股份 | 529.0 |  17.6  | -0.7 |  -1.7   |   5.6   |
| 燃气 | 600956 | 新天绿能 | 515.8 |  13.8  | -0.1 |  -2.1   |   1.7   |
| 燃气 | 601139 | 深圳燃气 | 199.6 |  22.0  | -0.1 |  -1.6   |   0.6   |
| 燃气 | 605090 | 九丰能源 | 125.7 |  8.0   | -1.4 |  -4.2   |  -3.1   |
| 燃气 | 600917 | 重庆燃气 | 113.5 |  28.1  | -0.7 |  -1.6   |   1.7   |
| 燃气 | 000968 | 蓝焰控股 | 101.1 |  9.3   | 1.3  |  -1.4   |   1.1   |
| 燃气 | 300332 | 天壕环境 | 98.8  |  18.6  | 1.4  |  -0.4   |   6.9   |
| 燃气 | 600635 | 大众公用 | 97.4  |  -7.5  | 0.0  |  -0.6   |   0.6   |
| 燃气 | 603393 | 新天然气 | 90.5  |  11.0  | -0.1 |  -1.5   |  -0.2   |
| 燃气 | 600903 | 贵州燃气 | 88.7  | -35.8  | -0.4 |  -2.0   |  -2.5   |
| 燃气 | 002911 | 佛燃能源 | 85.8  |  28.6  | -0.2 |  -0.7   |   0.4   |
| 燃气 | 603053 | 成都燃气 | 83.0  |  10.6  | -0.5 |   0.1   |   1.5   |
| 燃气 | 002267 | 陕天然气 | 77.7  |  3.9   | 0.0  |  -1.1   |  -0.1   |
| 燃气 | 600617 | 国新能源 | 63.5  |  9.2   | -1.5 |  -1.1   |  -0.2   |
| 燃气 | 605368 | 蓝天燃气 | 62.4  |  8.1   | -0.7 |  -1.6   |  -1.6   |
| 燃气 | 600681 | 百川能源 | 60.4  |  10.3  | -0.7 |  -1.3   |  -1.1   |
| 燃气 | 300435 | 中泰股份 | 57.8  |  23.1  | -0.6 |  -4.1   |   0.3   |
| 燃气 | 300483 | 首华燃气 | 37.6  |  22.0  | -1.9 |  -4.7   |   2.6   |
| 燃气 | 603689 | 皖天然气 | 33.2  |  12.3  | -2.2 |  -2.4   |  -0.4   |
| 燃气 | 000407 | 胜利股份 | 32.7  |  26.5  | 0.0  |   1.6   |   1.9   |
| 燃气 | 605169 | 洪通燃气 | 31.9  |  14.9  | 0.4  |  -1.4   |  -0.1   |
| 燃气 | 600333 | 长春燃气 | 30.0  | -64.3  | -0.4 |  -1.0   |  -1.0   |
| 燃气 | 603706 | 东方环宇 | 29.6  |  11.8  | 3.3  |   1.6   |   2.2   |
| 燃气 | 603318 | 水发燃气 | 29.0  |  56.0  | -1.4 |  -3.6   |  -2.0   |
| 燃气 | 000421 | 南京公用 | 27.8  | -53.1  | 2.6  |   2.8   |   4.1   |
| 燃气 | 002259 |  ST升达  | 21.6  | -144.4 | -0.3 |  -1.4   |  -1.4   |
| 燃气 | 000593 | 德龙汇能 | 20.1  | 213.0  | 0.2  |   0.0   |   1.1   |
| 燃气 | 603080 | 新疆火炬 | 18.5  |  12.8  | 0.6  |  -1.1   |   0.1   |
| 燃气 | 002700 |  ST浩源  | 17.7  |  29.8  | 1.2  |  -1.9   |   1.9   |
| 燃气 | 000669 |  ST金鸿  | 11.2  | -46.4  | 0.0  |   3.8   |   1.9   |
+------+--------+----------+-------+--------+------+---------+---------+
 




 [行业>单日涨幅]
+------+--------+----------+-------+--------+------+---------+---------+
| 行业 |  代码  |   名称   | 市值  |   pe   | 涨幅 | 3日涨幅 | 6日涨幅 |
+------+--------+----------+-------+--------+------+---------+---------+
| 燃气 | 603706 | 东方环宇 | 29.6  |  11.8  | 3.3  |   1.6   |   2.2   |
| 燃气 | 000421 | 南京公用 | 27.8  | -53.1  | 2.6  |   2.8   |   4.1   |
| 燃气 | 300332 | 天壕环境 | 98.8  |  18.6  | 1.4  |  -0.4   |   6.9   |
| 燃气 | 000968 | 蓝焰控股 | 101.1 |  9.3   | 1.3  |  -1.4   |   1.1   |
| 燃气 | 002700 |  ST浩源  | 17.7  |  29.8  | 1.2  |  -1.9   |   1.9   |
| 燃气 | 603080 | 新疆火炬 | 18.5  |  12.8  | 0.6  |  -1.1   |   0.1   |
| 燃气 | 605169 | 洪通燃气 | 31.9  |  14.9  | 0.4  |  -1.4   |  -0.1   |
| 燃气 | 000593 | 德龙汇能 | 20.1  | 213.0  | 0.2  |   0.0   |   1.1   |
| 燃气 | 600635 | 大众公用 | 97.4  |  -7.5  | 0.0  |  -0.6   |   0.6   |
| 燃气 | 002267 | 陕天然气 | 77.7  |  3.9   | 0.0  |  -1.1   |  -0.1   |
| 燃气 | 000407 | 胜利股份 | 32.7  |  26.5  | 0.0  |   1.6   |   1.9   |
| 燃气 | 000669 |  ST金鸿  | 11.2  | -46.4  | 0.0  |   3.8   |   1.9   |
| 燃气 | 600956 | 新天绿能 | 515.8 |  13.8  | -0.1 |  -2.1   |   1.7   |
| 燃气 | 601139 | 深圳燃气 | 199.6 |  22.0  | -0.1 |  -1.6   |   0.6   |
| 燃气 | 603393 | 新天然气 | 90.5  |  11.0  | -0.1 |  -1.5   |  -0.2   |
| 燃气 | 002911 | 佛燃能源 | 85.8  |  28.6  | -0.2 |  -0.7   |   0.4   |
| 燃气 | 002259 |  ST升达  | 21.6  | -144.4 | -0.3 |  -1.4   |  -1.4   |
| 燃气 | 600903 | 贵州燃气 | 88.7  | -35.8  | -0.4 |  -2.0   |  -2.5   |
| 燃气 | 600333 | 长春燃气 | 30.0  | -64.3  | -0.4 |  -1.0   |  -1.0   |
| 燃气 | 603053 | 成都燃气 | 83.0  |  10.6  | -0.5 |   0.1   |   1.5   |
| 燃气 | 300435 | 中泰股份 | 57.8  |  23.1  | -0.6 |  -4.1   |   0.3   |
| 燃气 | 600681 | 百川能源 | 60.4  |  10.3  | -0.7 |  -1.3   |  -1.1   |
| 燃气 | 600803 | 新奥股份 | 529.0 |  17.6  | -0.7 |  -1.7   |   5.6   |
| 燃气 | 600917 | 重庆燃气 | 113.5 |  28.1  | -0.7 |  -1.6   |   1.7   |
| 燃气 | 605368 | 蓝天燃气 | 62.4  |  8.1   | -0.7 |  -1.6   |  -1.6   |
| 燃气 | 605090 | 九丰能源 | 125.7 |  8.0   | -1.4 |  -4.2   |  -3.1   |
| 燃气 | 603318 | 水发燃气 | 29.0  |  56.0  | -1.4 |  -3.6   |  -2.0   |
| 燃气 | 600617 | 国新能源 | 63.5  |  9.2   | -1.5 |  -1.1   |  -0.2   |
| 燃气 | 300483 | 首华燃气 | 37.6  |  22.0  | -1.9 |  -4.7   |   2.6   |
| 燃气 | 603689 | 皖天然气 | 33.2  |  12.3  | -2.2 |  -2.4   |  -0.4   |
+------+--------+----------+-------+--------+------+---------+---------+
