[行业>市值]
+----------+--------+----------+-------+--------+------+---------+---------+
|   行业   |  代码  |   名称   | 市值  |   pe   | 涨幅 | 3日涨幅 | 6日涨幅 |
+----------+--------+----------+-------+--------+------+---------+---------+
| 电源设备 | 601727 | 上海电气 | 640.3 | 1266.5 | -0.2 |   0.2   |   0.5   |
| 电源设备 | 600875 | 东方电气 | 513.1 |  13.8  | 1.3  |  -0.1   |  -1.4   |
| 电源设备 | 300376 |  易事特  | 188.5 |  47.8  | 4.8  |   1.9   |   5.2   |
| 电源设备 | 002518 |  科士达  | 178.2 |  82.1  | 9.1  |   3.7   |   5.8   |
| 电源设备 | 300593 |  新雷能  | 154.6 |  44.5  | 1.0  |  -3.8   |   7.7   |
| 电源设备 | 002335 | 科华数据 | 142.4 |  36.3  | 4.7  |   1.2   |  14.6   |
| 电源设备 | 002851 | 麦格米特 | 130.7 |  44.5  | 5.3  |  -0.5   |   4.1   |
| 电源设备 | 002534 | 西子洁能 | 120.4 |  74.9  | -0.1 |  -8.0   |   2.5   |
| 电源设备 | 300820 | 英杰电气 | 92.7  |  42.9  | 1.9  |  -4.5   |  -3.1   |
| 电源设备 | 002665 | 首航高科 | 79.2  | -36.7  | -0.3 |  -2.5   |   1.6   |
| 电源设备 | 600475 | 华光环能 | 76.2  |  9.2   | -0.4 |  -0.1   |   1.1   |
| 电源设备 | 300693 | 盛弘股份 | 59.9  |  65.2  | 9.2  |   1.4   |   6.4   |
| 电源设备 | 002255 | 海陆重工 | 47.6  |  36.5  | 0.4  |  -6.5   |  13.0   |
| 电源设备 | 300870 |  欧陆通  | 46.9  | -39.9  | 2.6  |   0.9   |   2.8   |
| 电源设备 | 002364 | 中恒电气 | 43.3  | 190.6  | 0.3  |  -8.2   |   5.9   |
| 电源设备 | 002630 | 华西能源 | 37.5  |  -6.1  | -3.9 |   9.3   |   6.3   |
| 电源设备 | 002227 |  奥特迅  | 35.8  | -103.4 | 2.0  |  -3.9   |  -6.4   |
| 电源设备 | 002366 | *ST海核  | 34.1  | -27.6  | -1.8 |  -0.2   |  -0.8   |
| 电源设备 | 600405 |  动力源  | 33.8  | -44.1  | 5.9  |  -1.5   |  -1.6   |
| 电源设备 | 688551 |  科威尔  | 31.5  | 105.6  | 0.3  |  -4.8   |   2.7   |
| 电源设备 | 300105 | 龙源技术 | 30.1  | -103.1 | -0.2 |  -2.2   |  -0.5   |
| 电源设备 | 300153 | 科泰电源 | 27.3  | 145.2  | 0.8  |  -2.1   |   1.1   |
| 电源设备 | 300491 | 通合科技 | 25.4  | -77.0  | 3.4  |  -3.0   |   5.3   |
| 电源设备 | 300713 |  英可瑞  | 24.1  | 362.6  | 3.6  |   1.0   |   4.8   |
| 电源设备 | 600202 |  哈空调  | 20.1  |  85.2  | -0.4 |  -1.5   |   0.6   |
+----------+--------+----------+-------+--------+------+---------+---------+
 




 [行业>单日涨幅]
+----------+--------+----------+-------+--------+------+---------+---------+
|   行业   |  代码  |   名称   | 市值  |   pe   | 涨幅 | 3日涨幅 | 6日涨幅 |
+----------+--------+----------+-------+--------+------+---------+---------+
| 电源设备 | 300693 | 盛弘股份 | 59.9  |  65.2  | 9.2  |   1.4   |   6.4   |
| 电源设备 | 002518 |  科士达  | 178.2 |  82.1  | 9.1  |   3.7   |   5.8   |
| 电源设备 | 600405 |  动力源  | 33.8  | -44.1  | 5.9  |  -1.5   |  -1.6   |
| 电源设备 | 002851 | 麦格米特 | 130.7 |  44.5  | 5.3  |  -0.5   |   4.1   |
| 电源设备 | 300376 |  易事特  | 188.5 |  47.8  | 4.8  |   1.9   |   5.2   |
| 电源设备 | 002335 | 科华数据 | 142.4 |  36.3  | 4.7  |   1.2   |  14.6   |
| 电源设备 | 300713 |  英可瑞  | 24.1  | 362.6  | 3.6  |   1.0   |   4.8   |
| 电源设备 | 300491 | 通合科技 | 25.4  | -77.0  | 3.4  |  -3.0   |   5.3   |
| 电源设备 | 300870 |  欧陆通  | 46.9  | -39.9  | 2.6  |   0.9   |   2.8   |
| 电源设备 | 002227 |  奥特迅  | 35.8  | -103.4 | 2.0  |  -3.9   |  -6.4   |
| 电源设备 | 300820 | 英杰电气 | 92.7  |  42.9  | 1.9  |  -4.5   |  -3.1   |
| 电源设备 | 600875 | 东方电气 | 513.1 |  13.8  | 1.3  |  -0.1   |  -1.4   |
| 电源设备 | 300593 |  新雷能  | 154.6 |  44.5  | 1.0  |  -3.8   |   7.7   |
| 电源设备 | 300153 | 科泰电源 | 27.3  | 145.2  | 0.8  |  -2.1   |   1.1   |
| 电源设备 | 002255 | 海陆重工 | 47.6  |  36.5  | 0.4  |  -6.5   |  13.0   |
| 电源设备 | 688551 |  科威尔  | 31.5  | 105.6  | 0.3  |  -4.8   |   2.7   |
| 电源设备 | 002364 | 中恒电气 | 43.3  | 190.6  | 0.3  |  -8.2   |   5.9   |
| 电源设备 | 002534 | 西子洁能 | 120.4 |  74.9  | -0.1 |  -8.0   |   2.5   |
| 电源设备 | 300105 | 龙源技术 | 30.1  | -103.1 | -0.2 |  -2.2   |  -0.5   |
| 电源设备 | 601727 | 上海电气 | 640.3 | 1266.5 | -0.2 |   0.2   |   0.5   |
| 电源设备 | 002665 | 首航高科 | 79.2  | -36.7  | -0.3 |  -2.5   |   1.6   |
| 电源设备 | 600475 | 华光环能 | 76.2  |  9.2   | -0.4 |  -0.1   |   1.1   |
| 电源设备 | 600202 |  哈空调  | 20.1  |  85.2  | -0.4 |  -1.5   |   0.6   |
| 电源设备 | 002366 | *ST海核  | 34.1  | -27.6  | -1.8 |  -0.2   |  -0.8   |
| 电源设备 | 002630 | 华西能源 | 37.5  |  -6.1  | -3.9 |   9.3   |   6.3   |
+----------+--------+----------+-------+--------+------+---------+---------+
