[行业>市值]
+------+--------+----------+-------+-------+------+---------+---------+
| 行业 |  代码  |   名称   | 市值  |  pe   | 涨幅 | 3日涨幅 | 6日涨幅 |
+------+--------+----------+-------+-------+------+---------+---------+
| 电机 | 002176 | 江特电机 | 427.3 | 16.0  | 2.8  |  -3.8   |  -0.4   |
| 电机 | 603489 | XD八方股 | 234.0 | 32.6  | -2.5 |  -5.1   |   3.2   |
| 电机 | 600580 | 卧龙电驱 | 189.7 | 23.9  | 3.1  |  -2.3   |   5.3   |
| 电机 | 002249 | 大洋电机 | 145.2 | 24.7  | 0.2  |  -2.7   |  -0.5   |
| 电机 | 300660 | 江苏雷利 | 94.3  | 34.0  | 20.0 |  15.7   |  10.9   |
| 电机 | 603728 | 鸣志电器 | 89.2  | 57.0  | -2.1 |  -9.0   |  12.9   |
| 电机 | 003021 | 兆威机电 | 82.0  | 90.3  | -5.6 |  -5.3   |   3.0   |
| 电机 | 002801 | 微光股份 | 68.5  | 22.1  | 4.0  |  -0.9   |   7.9   |
| 电机 | 000922 | 佳电股份 | 50.7  | 16.8  | -0.5 |  -2.2   |   2.8   |
| 电机 | 002196 | 方正电机 | 48.7  | 204.1 | -2.6 |  -5.4   |   0.6   |
| 电机 | 002892 |  科力尔  | 45.0  | 70.6  | -6.4 |   0.7   |  12.1   |
| 电机 | 603819 | 神力股份 | 38.1  | 33.2  | -0.1 |  -1.6   |  -2.4   |
| 电机 | 002823 | 凯中精密 | 29.2  | 36.4  | 0.8  |  -1.9   |   2.5   |
| 电机 | 603988 | 中电电机 | 25.7  | 47.8  | -1.7 |  -4.2   |  -5.2   |
| 电机 | 301023 | 江南奕帆 | 23.9  | 29.3  | 0.0  |  -6.2   |  -3.3   |
| 电机 | 301226 | 祥明智能 | 23.9  | 39.5  | 1.4  |  -2.7   |   0.8   |
| 电机 | 002576 | 通达动力 | 22.2  | 54.9  | 0.2  |  -8.5   |  -8.1   |
| 电机 | 300907 | 康平科技 | 19.8  | 96.3  | -1.0 |  -2.7   |   2.3   |
| 电机 | 688395 | 正弦电气 | 18.1  | 31.6  | 1.7  |   2.0   |   7.5   |
| 电机 | 300626 | 华瑞股份 | 16.0  | 62.4  | -0.1 |  -0.9   |  -1.0   |
| 电机 | 603320 | 迪贝电气 | 15.6  | 32.0  | -0.2 |  -1.2   |   2.7   |
+------+--------+----------+-------+-------+------+---------+---------+
 




 [行业>单日涨幅]
+------+--------+----------+-------+-------+------+---------+---------+
| 行业 |  代码  |   名称   | 市值  |  pe   | 涨幅 | 3日涨幅 | 6日涨幅 |
+------+--------+----------+-------+-------+------+---------+---------+
| 电机 | 300660 | 江苏雷利 | 94.3  | 34.0  | 20.0 |  15.7   |  10.9   |
| 电机 | 002801 | 微光股份 | 68.5  | 22.1  | 4.0  |  -0.9   |   7.9   |
| 电机 | 600580 | 卧龙电驱 | 189.7 | 23.9  | 3.1  |  -2.3   |   5.3   |
| 电机 | 002176 | 江特电机 | 427.3 | 16.0  | 2.8  |  -3.8   |  -0.4   |
| 电机 | 688395 | 正弦电气 | 18.1  | 31.6  | 1.7  |   2.0   |   7.5   |
| 电机 | 301226 | 祥明智能 | 23.9  | 39.5  | 1.4  |  -2.7   |   0.8   |
| 电机 | 002823 | 凯中精密 | 29.2  | 36.4  | 0.8  |  -1.9   |   2.5   |
| 电机 | 002576 | 通达动力 | 22.2  | 54.9  | 0.2  |  -8.5   |  -8.1   |
| 电机 | 002249 | 大洋电机 | 145.2 | 24.7  | 0.2  |  -2.7   |  -0.5   |
| 电机 | 301023 | 江南奕帆 | 23.9  | 29.3  | 0.0  |  -6.2   |  -3.3   |
| 电机 | 603819 | 神力股份 | 38.1  | 33.2  | -0.1 |  -1.6   |  -2.4   |
| 电机 | 300626 | 华瑞股份 | 16.0  | 62.4  | -0.1 |  -0.9   |  -1.0   |
| 电机 | 603320 | 迪贝电气 | 15.6  | 32.0  | -0.2 |  -1.2   |   2.7   |
| 电机 | 000922 | 佳电股份 | 50.7  | 16.8  | -0.5 |  -2.2   |   2.8   |
| 电机 | 300907 | 康平科技 | 19.8  | 96.3  | -1.0 |  -2.7   |   2.3   |
| 电机 | 603988 | 中电电机 | 25.7  | 47.8  | -1.7 |  -4.2   |  -5.2   |
| 电机 | 603728 | 鸣志电器 | 89.2  | 57.0  | -2.1 |  -9.0   |  12.9   |
| 电机 | 603489 | XD八方股 | 234.0 | 32.6  | -2.5 |  -5.1   |   3.2   |
| 电机 | 002196 | 方正电机 | 48.7  | 204.1 | -2.6 |  -5.4   |   0.6   |
| 电机 | 003021 | 兆威机电 | 82.0  | 90.3  | -5.6 |  -5.3   |   3.0   |
| 电机 | 002892 |  科力尔  | 45.0  | 70.6  | -6.4 |   0.7   |  12.1   |
+------+--------+----------+-------+-------+------+---------+---------+
