[行业>市值]
+----------+--------+----------+-------+--------+------+---------+---------+
|   行业   |  代码  |   名称   | 市值  |   pe   | 涨幅 | 3日涨幅 | 6日涨幅 |
+----------+--------+----------+-------+--------+------+---------+---------+
| 铁路公路 | 001965 | 招商公路 | 471.4 |  10.8  | 0.8  |   2.1   |   1.6   |
| 铁路公路 | 600377 | 宁沪高速 | 431.7 |  13.6  | 1.3  |   2.0   |   2.6   |
| 铁路公路 | 600350 | 山东高速 | 252.6 |  8.8   | 0.0  |  -0.2   |  -0.4   |
| 铁路公路 | 600548 |  深高速  | 208.0 |  12.6  | 1.2  |   1.1   |   2.5   |
| 铁路公路 | 000429 | 粤高速Ａ  | 168.3 |  9.8   | -0.1 |  -1.0   |  -0.4   |
| 铁路公路 | 600662 | 外服控股 | 154.1 |  22.3  | 1.2  |   1.7   |   9.2   |
| 铁路公路 | 603069 | 海汽集团 | 137.9 | -211.6 | 4.4  |   4.9   |  15.3   |
| 铁路公路 | 603032 | 德新交运 | 132.2 |  63.7  | 0.0  |  -9.6   |  -6.0   |
| 铁路公路 | 600012 | 皖通高速 | 123.9 |  7.6   | 1.1  |   2.2   |   2.0   |
| 铁路公路 | 601107 | 四川成渝 | 121.1 |  12.0  | 0.5  |  -0.5   |  -2.2   |
| 铁路公路 | 000828 | 东莞控股 | 106.6 |  15.7  | 0.4  |   1.3   |   1.6   |
| 铁路公路 | 600269 | 赣粤高速 | 81.0  |  6.1   | 0.6  |   0.3   |   0.9   |
| 铁路公路 | 600620 | 天宸股份 | 77.1  | -79.5  | 10.0 |  10.0   |  23.9   |
| 铁路公路 | 600611 | 大众交通 | 76.8  |  -7.4  | 1.9  |   2.2   |   2.5   |
| 铁路公路 | 600033 | 福建高速 | 76.0  |  8.4   | 0.4  |   0.0   |   2.6   |
| 铁路公路 | 600650 | 锦江在线 | 72.9  |  3.2   | 3.4  |   6.1   |   5.8   |
| 铁路公路 | 600020 | 中原高速 | 70.1  |  12.4  | 1.0  |   0.7   |   1.6   |
| 铁路公路 | 000900 | 现代投资 | 62.5  |  9.7   | 0.0  |  -1.7   |  -1.4   |
| 铁路公路 | 000755 | 山西路桥 | 61.3  |  15.9  | -1.6 |   7.5   |   7.7   |
| 铁路公路 | 000885 | 城发环境 | 59.7  |  6.7   | 1.3  |   2.2   |   3.5   |
| 铁路公路 | 600106 | 重庆路桥 | 56.8  |  94.0  | 0.0  |   2.9   |   4.4   |
| 铁路公路 | 600035 | 楚天高速 | 52.6  |  5.3   | 1.2  |   0.6   |   2.8   |
| 铁路公路 | 600834 | 申通地铁 | 47.7  |  65.7  | 10.0 |  11.4   |  14.0   |
| 铁路公路 | 002627 | 三峡旅游 | 46.6  |  81.8  | 4.0  |   5.9   |  11.3   |
| 铁路公路 | 600368 | 五洲交通 | 43.2  |  6.0   | 0.3  |   0.8   |  -0.1   |
| 铁路公路 | 601188 | 龙江交通 | 42.5  |  18.0  | 2.2  |   4.2   |   1.9   |
| 铁路公路 | 601518 | 吉林高速 | 36.1  |  10.6  | 1.9  |   2.7   |   2.9   |
| 铁路公路 | 000548 | 湖南投资 | 23.0  |  69.8  | 2.0  |   2.9   |   2.2   |
| 铁路公路 | 002357 | 富临运业 | 19.0  |  10.4  | 2.2  |   7.6   |  13.0   |
| 铁路公路 | 600561 | XD江西长 | 15.5  | -24.1  | 2.2  |   2.7   |   4.5   |
+----------+--------+----------+-------+--------+------+---------+---------+
 




 [行业>单日涨幅]
+----------+--------+----------+-------+--------+------+---------+---------+
|   行业   |  代码  |   名称   | 市值  |   pe   | 涨幅 | 3日涨幅 | 6日涨幅 |
+----------+--------+----------+-------+--------+------+---------+---------+
| 铁路公路 | 600834 | 申通地铁 | 47.7  |  65.7  | 10.0 |  11.4   |  14.0   |
| 铁路公路 | 600620 | 天宸股份 | 77.1  | -79.5  | 10.0 |  10.0   |  23.9   |
| 铁路公路 | 603069 | 海汽集团 | 137.9 | -211.6 | 4.4  |   4.9   |  15.3   |
| 铁路公路 | 002627 | 三峡旅游 | 46.6  |  81.8  | 4.0  |   5.9   |  11.3   |
| 铁路公路 | 600650 | 锦江在线 | 72.9  |  3.2   | 3.4  |   6.1   |   5.8   |
| 铁路公路 | 600561 | XD江西长 | 15.5  | -24.1  | 2.2  |   2.7   |   4.5   |
| 铁路公路 | 601188 | 龙江交通 | 42.5  |  18.0  | 2.2  |   4.2   |   1.9   |
| 铁路公路 | 002357 | 富临运业 | 19.0  |  10.4  | 2.2  |   7.6   |  13.0   |
| 铁路公路 | 000548 | 湖南投资 | 23.0  |  69.8  | 2.0  |   2.9   |   2.2   |
| 铁路公路 | 601518 | 吉林高速 | 36.1  |  10.6  | 1.9  |   2.7   |   2.9   |
| 铁路公路 | 600611 | 大众交通 | 76.8  |  -7.4  | 1.9  |   2.2   |   2.5   |
| 铁路公路 | 000885 | 城发环境 | 59.7  |  6.7   | 1.3  |   2.2   |   3.5   |
| 铁路公路 | 600377 | 宁沪高速 | 431.7 |  13.6  | 1.3  |   2.0   |   2.6   |
| 铁路公路 | 600035 | 楚天高速 | 52.6  |  5.3   | 1.2  |   0.6   |   2.8   |
| 铁路公路 | 600662 | 外服控股 | 154.1 |  22.3  | 1.2  |   1.7   |   9.2   |
| 铁路公路 | 600548 |  深高速  | 208.0 |  12.6  | 1.2  |   1.1   |   2.5   |
| 铁路公路 | 600012 | 皖通高速 | 123.9 |  7.6   | 1.1  |   2.2   |   2.0   |
| 铁路公路 | 600020 | 中原高速 | 70.1  |  12.4  | 1.0  |   0.7   |   1.6   |
| 铁路公路 | 001965 | 招商公路 | 471.4 |  10.8  | 0.8  |   2.1   |   1.6   |
| 铁路公路 | 600269 | 赣粤高速 | 81.0  |  6.1   | 0.6  |   0.3   |   0.9   |
| 铁路公路 | 601107 | 四川成渝 | 121.1 |  12.0  | 0.5  |  -0.5   |  -2.2   |
| 铁路公路 | 000828 | 东莞控股 | 106.6 |  15.7  | 0.4  |   1.3   |   1.6   |
| 铁路公路 | 600033 | 福建高速 | 76.0  |  8.4   | 0.4  |   0.0   |   2.6   |
| 铁路公路 | 600368 | 五洲交通 | 43.2  |  6.0   | 0.3  |   0.8   |  -0.1   |
| 铁路公路 | 600350 | 山东高速 | 252.6 |  8.8   | 0.0  |  -0.2   |  -0.4   |
| 铁路公路 | 603032 | 德新交运 | 132.2 |  63.7  | 0.0  |  -9.6   |  -6.0   |
| 铁路公路 | 000900 | 现代投资 | 62.5  |  9.7   | 0.0  |  -1.7   |  -1.4   |
| 铁路公路 | 600106 | 重庆路桥 | 56.8  |  94.0  | 0.0  |   2.9   |   4.4   |
| 铁路公路 | 000429 | 粤高速Ａ  | 168.3 |  9.8   | -0.1 |  -1.0   |  -0.4   |
| 铁路公路 | 000755 | 山西路桥 | 61.3  |  15.9  | -1.6 |   7.5   |   7.7   |
+----------+--------+----------+-------+--------+------+---------+---------+
