[行业>市值]
+------------+--------+----------+--------+-------+------+---------+---------+
|    行业    |  代码  |   名称   |  市值  |  pe   | 涨幅 | 3日涨幅 | 6日涨幅 |
+------------+--------+----------+--------+-------+------+---------+---------+
| 非金属材料 | 603260 | 合盛硅业 | 1267.0 | 15.4  | 2.3  |  -2.1   |  -1.2   |
| 非金属材料 | 603688 | 石英股份 | 468.3  | 134.0 | 6.5  |  -3.9   |  10.5   |
| 非金属材料 | 300861 | 美畅股份 | 370.8  | 32.6  | 2.2  |  -4.1   |  -2.7   |
| 非金属材料 | 600516 | 方大炭素 | 289.3  | 214.5 | 0.7  |   0.8   |   4.1   |
| 非金属材料 | 603826 | 坤彩科技 | 275.5  | 258.1 | -0.5 |   3.5   |  -3.5   |
| 非金属材料 | 688281 | 华秦科技 | 245.5  | 103.5 | 6.5  |   3.5   |  -6.4   |
| 非金属材料 | 300395 |  菲利华  | 228.1  | 63.1  | -0.1 |  -2.7   |  10.8   |
| 非金属材料 | 300035 | 中科电气 | 202.2  | 39.2  | -0.4 |  -3.3   |  -0.2   |
| 非金属材料 | 301071 | 力量钻石 | 187.3  | 46.3  | 4.8  |  -7.4   |  -7.0   |
| 非金属材料 | 603612 | 索通发展 | 169.5  | 26.8  | 0.2  |  -0.5   |   5.1   |
| 非金属材料 | 300409 | 道氏技术 | 150.4  | 21.9  | 2.9  |  -4.4   |   2.5   |
| 非金属材料 | 688733 |  壹石通  | 133.7  | 76.7  | 2.0  |  -8.3   |   0.1   |
| 非金属材料 | 600172 | 黄河旋风 | 125.8  | 109.5 | 2.0  |  -4.8   |  -2.6   |
| 非金属材料 | 600330 | 天通股份 | 118.7  | 27.1  | 0.0  |  -8.2   |   5.3   |
| 非金属材料 | 688119 | 中钢洛耐 |  99.2  | 63.8  | -1.3 |  -2.6   |   1.0   |
| 非金属材料 | 600783 | 鲁信创投 |  98.7  | 50.2  | -0.3 |  -2.7   |  -3.4   |
| 非金属材料 | 002130 | 沃尔核材 |  77.4  | 18.1  | 2.3  |   2.0   |   5.7   |
| 非金属材料 | 688300 | 联瑞新材 |  66.8  | 39.1  | -0.2 |  -3.3   |   8.3   |
| 非金属材料 | 688357 | 建龙微纳 |  66.6  | 38.0  | 0.2  |  -5.6   |   0.6   |
| 非金属材料 | 001296 | 长江材料 |  26.3  | 45.8  | -1.1 |  -3.2   |   6.4   |
| 非金属材料 | 300743 | 天地数码 |  16.0  | 54.0  | 0.7  |   1.4   |   4.5   |
+------------+--------+----------+--------+-------+------+---------+---------+
 




 [行业>单日涨幅]
+------------+--------+----------+--------+-------+------+---------+---------+
|    行业    |  代码  |   名称   |  市值  |  pe   | 涨幅 | 3日涨幅 | 6日涨幅 |
+------------+--------+----------+--------+-------+------+---------+---------+
| 非金属材料 | 603688 | 石英股份 | 468.3  | 134.0 | 6.5  |  -3.9   |  10.5   |
| 非金属材料 | 688281 | 华秦科技 | 245.5  | 103.5 | 6.5  |   3.5   |  -6.4   |
| 非金属材料 | 301071 | 力量钻石 | 187.3  | 46.3  | 4.8  |  -7.4   |  -7.0   |
| 非金属材料 | 300409 | 道氏技术 | 150.4  | 21.9  | 2.9  |  -4.4   |   2.5   |
| 非金属材料 | 603260 | 合盛硅业 | 1267.0 | 15.4  | 2.3  |  -2.1   |  -1.2   |
| 非金属材料 | 002130 | 沃尔核材 |  77.4  | 18.1  | 2.3  |   2.0   |   5.7   |
| 非金属材料 | 300861 | 美畅股份 | 370.8  | 32.6  | 2.2  |  -4.1   |  -2.7   |
| 非金属材料 | 600172 | 黄河旋风 | 125.8  | 109.5 | 2.0  |  -4.8   |  -2.6   |
| 非金属材料 | 688733 |  壹石通  | 133.7  | 76.7  | 2.0  |  -8.3   |   0.1   |
| 非金属材料 | 300743 | 天地数码 |  16.0  | 54.0  | 0.7  |   1.4   |   4.5   |
| 非金属材料 | 600516 | 方大炭素 | 289.3  | 214.5 | 0.7  |   0.8   |   4.1   |
| 非金属材料 | 603612 | 索通发展 | 169.5  | 26.8  | 0.2  |  -0.5   |   5.1   |
| 非金属材料 | 688357 | 建龙微纳 |  66.6  | 38.0  | 0.2  |  -5.6   |   0.6   |
| 非金属材料 | 600330 | 天通股份 | 118.7  | 27.1  | 0.0  |  -8.2   |   5.3   |
| 非金属材料 | 300395 |  菲利华  | 228.1  | 63.1  | -0.1 |  -2.7   |  10.8   |
| 非金属材料 | 688300 | 联瑞新材 |  66.8  | 39.1  | -0.2 |  -3.3   |   8.3   |
| 非金属材料 | 600783 | 鲁信创投 |  98.7  | 50.2  | -0.3 |  -2.7   |  -3.4   |
| 非金属材料 | 300035 | 中科电气 | 202.2  | 39.2  | -0.4 |  -3.3   |  -0.2   |
| 非金属材料 | 603826 | 坤彩科技 | 275.5  | 258.1 | -0.5 |   3.5   |  -3.5   |
| 非金属材料 | 001296 | 长江材料 |  26.3  | 45.8  | -1.1 |  -3.2   |   6.4   |
| 非金属材料 | 688119 | 中钢洛耐 |  99.2  | 63.8  | -1.3 |  -2.6   |   1.0   |
+------------+--------+----------+--------+-------+------+---------+---------+
