[行业>市值]
+------+--------+----------+--------+------+------+---------+---------+
| 行业 |  代码  |   名称   |  市值  |  pe  | 涨幅 | 3日涨幅 | 6日涨幅 |
+------+--------+----------+--------+------+------+---------+---------+
| 保险 | 601318 | 中国平安 | 8091.0 | 9.8  | 0.6  |   0.1   |   2.6   |
| 保险 | 601628 | 中国人寿 | 7083.0 | 11.7 | -0.2 |   0.8   |   3.1   |
| 保险 | 601319 | 中国人保 | 2052.0 | 5.9  | 0.7  |  -0.8   |   0.2   |
| 保险 | 601601 | 中国太保 | 2043.0 | 9.4  | 0.8  |  -0.1   |   0.0   |
| 保险 | 601336 | 新华保险 | 886.0  | 16.5 | 0.9  |   0.7   |   1.8   |
| 保险 | 000627 | 天茂集团 | 146.2  | 24.8 | 0.7  |   1.2   |   1.9   |
+------+--------+----------+--------+------+------+---------+---------+
 




 [行业>单日涨幅]
+------+--------+----------+--------+------+------+---------+---------+
| 行业 |  代码  |   名称   |  市值  |  pe  | 涨幅 | 3日涨幅 | 6日涨幅 |
+------+--------+----------+--------+------+------+---------+---------+
| 保险 | 601336 | 新华保险 | 886.0  | 16.5 | 0.9  |   0.7   |   1.8   |
| 保险 | 601601 | 中国太保 | 2043.0 | 9.4  | 0.8  |  -0.1   |   0.0   |
| 保险 | 000627 | 天茂集团 | 146.2  | 24.8 | 0.7  |   1.2   |   1.9   |
| 保险 | 601319 | 中国人保 | 2052.0 | 5.9  | 0.7  |  -0.8   |   0.2   |
| 保险 | 601318 | 中国平安 | 8091.0 | 9.8  | 0.6  |   0.1   |   2.6   |
| 保险 | 601628 | 中国人寿 | 7083.0 | 11.7 | -0.2 |   0.8   |   3.1   |
+------+--------+----------+--------+------+------+---------+---------+
