[行业>市值]
+----------+--------+----------+-------+--------+------+---------+---------+
|   行业   |  代码  |   名称   | 市值  |   pe   | 涨幅 | 3日涨幅 | 6日涨幅 |
+----------+--------+----------+-------+--------+------+---------+---------+
| 包装材料 | 002191 | 劲嘉股份 | 145.5 |  11.9  | 5.2  |  10.3   |  13.0   |
| 包装材料 | 002701 |  奥瑞金  | 128.4 |  15.6  | 0.2  |   0.8   |   3.3   |
| 包装材料 | 600210 | 紫江企业 | 90.1  |  18.6  | -2.0 |   9.6   |   6.8   |
| 包装材料 | 601515 | 东风股份 | 83.5  |  17.2  | 1.1  |   3.2   |   5.1   |
| 包装材料 | 601968 | 宝钢包装 | 80.1  |  31.2  | -1.4 |  -0.1   |   2.2   |
| 包装材料 | 002303 |  美盈森  | 51.8  |  31.4  | -0.3 |   0.9   |   4.6   |
| 包装材料 | 002565 | 顺灏股份 | 50.9  | -440.1 | 10.1 |  17.6   |  19.4   |
| 包装材料 | 002735 | 王子新材 | 50.8  |  31.1  | -0.2 |   1.8   |   3.5   |
| 包装材料 | 301062 | 上海艾录 | 47.2  |  37.1  | -0.5 |   2.4   |   4.5   |
| 包装材料 | 600836 | 上海易连 | 46.4  | 532.3  | -2.0 |   0.6   |   8.3   |
| 包装材料 | 000812 | 陕西金叶 | 44.3  | 170.3  | 4.5  |   4.2   |   8.5   |
| 包装材料 | 000659 | 珠海中富 | 43.7  | -56.2  | -0.6 |  -3.7   |  -2.9   |
| 包装材料 | 002752 | 昇兴股份 | 43.7  |  23.2  | -1.8 |   1.1   |   2.3   |
| 包装材料 | 002228 | 合兴包装 | 42.9  |  20.5  | 0.0  |   1.8   |   3.0   |
| 包装材料 | 002014 | 永新股份 | 40.5  |  15.6  | -1.1 |  -0.6   |   3.5   |
| 包装材料 | 002969 | 嘉美包装 | 39.8  | 169.8  | -0.5 |   1.7   |   3.0   |
| 包装材料 | 603687 |  大胜达  | 36.0  |  36.9  | -0.2 |  -0.2   |   5.0   |
| 包装材料 | 002951 | 金时科技 | 33.4  | 872.1  | -1.7 |   0.2   |   1.4   |
| 包装材料 | 300501 | 海顺新材 | 27.9  |  27.3  | -1.4 |   0.6   |   3.0   |
| 包装材料 | 002799 | 环球印务 | 26.9  |  24.6  | 0.4  |   0.8   |   5.7   |
| 包装材料 | 002599 | 盛通股份 | 24.2  | -24.4  | -1.8 |  -2.0   |  -1.6   |
| 包装材料 | 002846 | 英联股份 | 19.6  | -92.1  | -2.8 |  -0.7   |  -1.9   |
| 包装材料 | 603022 |  新通联  | 17.8  |  55.8  | -0.8 |  -1.0   |  -2.2   |
| 包装材料 | 002787 | 华源控股 | 17.6  | 137.5  | -0.5 |   1.4   |   2.2   |
| 包装材料 | 003003 | 天元股份 | 16.0  | 1373.7 | -1.6 |  -0.1   |   0.7   |
+----------+--------+----------+-------+--------+------+---------+---------+
 




 [行业>单日涨幅]
+----------+--------+----------+-------+--------+------+---------+---------+
|   行业   |  代码  |   名称   | 市值  |   pe   | 涨幅 | 3日涨幅 | 6日涨幅 |
+----------+--------+----------+-------+--------+------+---------+---------+
| 包装材料 | 002565 | 顺灏股份 | 50.9  | -440.1 | 10.1 |  17.6   |  19.4   |
| 包装材料 | 002191 | 劲嘉股份 | 145.5 |  11.9  | 5.2  |  10.3   |  13.0   |
| 包装材料 | 000812 | 陕西金叶 | 44.3  | 170.3  | 4.5  |   4.2   |   8.5   |
| 包装材料 | 601515 | 东风股份 | 83.5  |  17.2  | 1.1  |   3.2   |   5.1   |
| 包装材料 | 002799 | 环球印务 | 26.9  |  24.6  | 0.4  |   0.8   |   5.7   |
| 包装材料 | 002701 |  奥瑞金  | 128.4 |  15.6  | 0.2  |   0.8   |   3.3   |
| 包装材料 | 002228 | 合兴包装 | 42.9  |  20.5  | 0.0  |   1.8   |   3.0   |
| 包装材料 | 002735 | 王子新材 | 50.8  |  31.1  | -0.2 |   1.8   |   3.5   |
| 包装材料 | 603687 |  大胜达  | 36.0  |  36.9  | -0.2 |  -0.2   |   5.0   |
| 包装材料 | 002303 |  美盈森  | 51.8  |  31.4  | -0.3 |   0.9   |   4.6   |
| 包装材料 | 002969 | 嘉美包装 | 39.8  | 169.8  | -0.5 |   1.7   |   3.0   |
| 包装材料 | 301062 | 上海艾录 | 47.2  |  37.1  | -0.5 |   2.4   |   4.5   |
| 包装材料 | 002787 | 华源控股 | 17.6  | 137.5  | -0.5 |   1.4   |   2.2   |
| 包装材料 | 000659 | 珠海中富 | 43.7  | -56.2  | -0.6 |  -3.7   |  -2.9   |
| 包装材料 | 603022 |  新通联  | 17.8  |  55.8  | -0.8 |  -1.0   |  -2.2   |
| 包装材料 | 002014 | 永新股份 | 40.5  |  15.6  | -1.1 |  -0.6   |   3.5   |
| 包装材料 | 601968 | 宝钢包装 | 80.1  |  31.2  | -1.4 |  -0.1   |   2.2   |
| 包装材料 | 300501 | 海顺新材 | 27.9  |  27.3  | -1.4 |   0.6   |   3.0   |
| 包装材料 | 003003 | 天元股份 | 16.0  | 1373.7 | -1.6 |  -0.1   |   0.7   |
| 包装材料 | 002951 | 金时科技 | 33.4  | 872.1  | -1.7 |   0.2   |   1.4   |
| 包装材料 | 002752 | 昇兴股份 | 43.7  |  23.2  | -1.8 |   1.1   |   2.3   |
| 包装材料 | 002599 | 盛通股份 | 24.2  | -24.4  | -1.8 |  -2.0   |  -1.6   |
| 包装材料 | 600210 | 紫江企业 | 90.1  |  18.6  | -2.0 |   9.6   |   6.8   |
| 包装材料 | 600836 | 上海易连 | 46.4  | 532.3  | -2.0 |   0.6   |   8.3   |
| 包装材料 | 002846 | 英联股份 | 19.6  | -92.1  | -2.8 |  -0.7   |  -1.9   |
+----------+--------+----------+-------+--------+------+---------+---------+
