[行业>市值]
+----------+--------+----------+--------+-------+------+---------+---------+
|   行业   |  代码  |   名称   |  市值  |  pe   | 涨幅 | 3日涨幅 | 6日涨幅 |
+----------+--------+----------+--------+-------+------+---------+---------+
| 化纤行业 | 600346 | 恒力石化 | 1590.0 |  9.4  | -0.5 |   1.2   |   4.0   |
| 化纤行业 | 002493 | 荣盛石化 | 1574.0 | 12.6  | -1.0 |   1.8   |   3.7   |
| 化纤行业 | 000301 | 东方盛虹 | 929.4  | 33.8  | -1.4 |   2.6   |   2.5   |
| 化纤行业 | 002064 | 华峰化学 | 418.8  |  7.7  | -0.6 |   2.4   |   7.7   |
| 化纤行业 | 601233 | 桐昆股份 | 411.8  |  6.8  | -0.5 |   1.7   |   5.0   |
| 化纤行业 | 000703 | 恒逸石化 | 388.3  | 13.3  | 0.7  |   2.5   |   8.4   |
| 化纤行业 | 688295 | 中复神鹰 | 328.1  | 69.6  | -0.4 |   4.3   |  15.6   |
| 化纤行业 | 300777 | 中简科技 | 207.4  | 57.2  | 1.2  |   5.9   |   4.3   |
| 化纤行业 | 603225 |  新凤鸣  | 180.2  | 15.8  | -1.4 |   3.4   |   6.8   |
| 化纤行业 | 600063 | 皖维高新 | 135.8  |  8.2  | -1.3 |  -2.2   |   1.9   |
| 化纤行业 | 002254 | 泰和新材 | 102.7  | 17.6  | -1.0 |   3.3   |   6.0   |
| 化纤行业 | 600810 | 神马股份 |  97.2  |  6.6  | -0.6 |   0.8   |   1.9   |
| 化纤行业 | 000420 | 吉林化纤 |  93.9  | -47.9 | 3.1  |   5.6   |  27.7   |
| 化纤行业 | 002206 | 海 利 得 |  79.7  | 16.3  | 4.2  |  12.6   |  13.4   |
| 化纤行业 | 000949 | 新乡化纤 |  54.3  | 33.1  | -1.1 |   1.6   |   2.2   |
| 化纤行业 | 601113 |  ST华鼎  |  48.3  | -15.8 | -2.8 |  -6.6   |  -7.4   |
| 化纤行业 | 000936 | 华西股份 |  46.8  | 60.6  | -5.0 |   8.0   |   9.8   |
| 化纤行业 | 002427 | *ST尤夫  |  37.6  | -5.3  | 2.3  |   2.3   |   6.3   |
| 化纤行业 | 600527 | 江南高纤 |  37.1  | 57.9  | 0.0  |   0.5   |   1.9   |
| 化纤行业 | 603332 | 苏州龙杰 |  34.1  | -63.4 | 3.5  |   6.9   |  11.4   |
| 化纤行业 | 688722 |  同益中  |  33.5  | 27.4  | 2.5  |   5.2   |  22.3   |
| 化纤行业 | 002172 | 澳洋健康 |  26.9  | 20.7  | 0.0  |   1.2   |   1.5   |
| 化纤行业 | 000677 | 恒天海龙 |  26.2  | 42.1  | -1.0 |  -1.0   |   2.0   |
| 化纤行业 | 301057 | 汇隆新材 |  25.8  | 52.0  | 0.2  |   6.0   |   2.1   |
| 化纤行业 | 000782 | 美达股份 |  24.6  | 30.9  | 0.2  |   1.5   |  -1.5   |
| 化纤行业 | 002998 | 优彩资源 |  24.0  | 20.1  | -1.3 |  -6.6   |   4.1   |
| 化纤行业 | 300876 | 蒙泰高新 |  22.5  | 37.0  | -1.6 |   2.2   |   1.9   |
| 化纤行业 | 600889 | 南京化纤 |  17.6  | -13.9 | -0.6 |   0.4   |   4.1   |
+----------+--------+----------+--------+-------+------+---------+---------+
 




 [行业>单日涨幅]
+----------+--------+----------+--------+-------+------+---------+---------+
|   行业   |  代码  |   名称   |  市值  |  pe   | 涨幅 | 3日涨幅 | 6日涨幅 |
+----------+--------+----------+--------+-------+------+---------+---------+
| 化纤行业 | 002206 | 海 利 得 |  79.7  | 16.3  | 4.2  |  12.6   |  13.4   |
| 化纤行业 | 603332 | 苏州龙杰 |  34.1  | -63.4 | 3.5  |   6.9   |  11.4   |
| 化纤行业 | 000420 | 吉林化纤 |  93.9  | -47.9 | 3.1  |   5.6   |  27.7   |
| 化纤行业 | 688722 |  同益中  |  33.5  | 27.4  | 2.5  |   5.2   |  22.3   |
| 化纤行业 | 002427 | *ST尤夫  |  37.6  | -5.3  | 2.3  |   2.3   |   6.3   |
| 化纤行业 | 300777 | 中简科技 | 207.4  | 57.2  | 1.2  |   5.9   |   4.3   |
| 化纤行业 | 000703 | 恒逸石化 | 388.3  | 13.3  | 0.7  |   2.5   |   8.4   |
| 化纤行业 | 000782 | 美达股份 |  24.6  | 30.9  | 0.2  |   1.5   |  -1.5   |
| 化纤行业 | 301057 | 汇隆新材 |  25.8  | 52.0  | 0.2  |   6.0   |   2.1   |
| 化纤行业 | 600527 | 江南高纤 |  37.1  | 57.9  | 0.0  |   0.5   |   1.9   |
| 化纤行业 | 002172 | 澳洋健康 |  26.9  | 20.7  | 0.0  |   1.2   |   1.5   |
| 化纤行业 | 688295 | 中复神鹰 | 328.1  | 69.6  | -0.4 |   4.3   |  15.6   |
| 化纤行业 | 601233 | 桐昆股份 | 411.8  |  6.8  | -0.5 |   1.7   |   5.0   |
| 化纤行业 | 600346 | 恒力石化 | 1590.0 |  9.4  | -0.5 |   1.2   |   4.0   |
| 化纤行业 | 002064 | 华峰化学 | 418.8  |  7.7  | -0.6 |   2.4   |   7.7   |
| 化纤行业 | 600889 | 南京化纤 |  17.6  | -13.9 | -0.6 |   0.4   |   4.1   |
| 化纤行业 | 600810 | 神马股份 |  97.2  |  6.6  | -0.6 |   0.8   |   1.9   |
| 化纤行业 | 000677 | 恒天海龙 |  26.2  | 42.1  | -1.0 |  -1.0   |   2.0   |
| 化纤行业 | 002254 | 泰和新材 | 102.7  | 17.6  | -1.0 |   3.3   |   6.0   |
| 化纤行业 | 002493 | 荣盛石化 | 1574.0 | 12.6  | -1.0 |   1.8   |   3.7   |
| 化纤行业 | 000949 | 新乡化纤 |  54.3  | 33.1  | -1.1 |   1.6   |   2.2   |
| 化纤行业 | 600063 | 皖维高新 | 135.8  |  8.2  | -1.3 |  -2.2   |   1.9   |
| 化纤行业 | 002998 | 优彩资源 |  24.0  | 20.1  | -1.3 |  -6.6   |   4.1   |
| 化纤行业 | 603225 |  新凤鸣  | 180.2  | 15.8  | -1.4 |   3.4   |   6.8   |
| 化纤行业 | 000301 | 东方盛虹 | 929.4  | 33.8  | -1.4 |   2.6   |   2.5   |
| 化纤行业 | 300876 | 蒙泰高新 |  22.5  | 37.0  | -1.6 |   2.2   |   1.9   |
| 化纤行业 | 601113 |  ST华鼎  |  48.3  | -15.8 | -2.8 |  -6.6   |  -7.4   |
| 化纤行业 | 000936 | 华西股份 |  46.8  | 60.6  | -5.0 |   8.0   |   9.8   |
+----------+--------+----------+--------+-------+------+---------+---------+
