[行业>市值]
+----------+--------+----------+--------+-------+-------+---------+---------+
|   行业   |  代码  |   名称   |  市值  |  pe   | 涨幅  | 3日涨幅 | 6日涨幅 |
+----------+--------+----------+--------+-------+-------+---------+---------+
| 化肥行业 | 000792 | 盐湖股份 | 1694.0 | 12.1  | -2.5  |   1.0   |   0.9   |
| 化肥行业 | 600096 |  云天化  | 514.4  |  7.8  |  0.6  |   1.3   |   4.2   |
| 化肥行业 | 000408 | 藏格矿业 | 498.8  | 15.3  | -0.1  |   6.4   |   4.4   |
| 化肥行业 | 600141 | 兴发集团 | 443.0  |  6.4  |  0.7  |   4.2   |   9.2   |
| 化肥行业 | 000893 | 亚钾国际 | 262.0  | 23.4  |  1.1  |   0.9   |  -3.9   |
| 化肥行业 | 000902 |  新洋丰  | 222.0  | 13.6  |  0.1  |   2.8   |   4.2   |
| 化肥行业 | 002312 | 川发龙蟒 | 210.4  | 19.3  |  2.5  |   6.9   |   9.4   |
| 化肥行业 | 002895 | 川恒股份 | 176.6  | 42.4  | -1.1  |   5.0   |  11.8   |
| 化肥行业 | 002539 | 云图控股 | 169.6  |  9.1  | -0.1  |   5.7   |  12.0   |
| 化肥行业 | 603938 | 三孚股份 | 124.8  | 20.8  | -0.3  |   0.6   |   1.3   |
| 化肥行业 | 002556 | 辉隆股份 | 113.9  | 13.6  | -1.7  |   5.7   |   9.8   |
| 化肥行业 | 002274 | 华昌化工 |  99.9  | 10.2  | -0.5  |   1.2   |  14.0   |
| 化肥行业 | 600691 | 阳煤化工 |  94.8  | 25.6  | -1.0  |   0.0   |   1.3   |
| 化肥行业 | 000912 |  泸天化  |  87.3  | 15.6  | -0.2  |   1.1   |   2.0   |
| 化肥行业 | 002588 |  史丹利  |  81.3  | 13.6  | -1.5  |   0.0   |   1.7   |
| 化肥行业 | 600078 | *ST澄星  |  78.0  | 28.9  | -5.0  |  -3.0   |  -4.0   |
| 化肥行业 | 002470 |  ST金正  |  77.2  | -74.1 |  0.4  |  -1.7   |   0.4   |
| 化肥行业 | 002538 |  司尔特  |  76.0  | 12.3  |  0.9  |   4.0   |   7.9   |
| 化肥行业 | 300505 |  川金诺  |  57.2  | 23.9  |  2.9  |   2.2   |   1.1   |
| 化肥行业 | 000731 | 四川美丰 |  55.0  |  7.7  | -1.2  |  -0.1   |   3.3   |
| 化肥行业 | 002170 | 芭田股份 |  50.1  | 57.7  | -1.2  |  -0.5   |   1.6   |
| 化肥行业 | 600470 | 六国化工 |  41.4  | 15.5  | -0.4  |   0.2   |   1.0   |
| 化肥行业 | 002999 | 天禾股份 |  27.1  | 48.5  | -2.5  |   2.9   |   6.4   |
| 化肥行业 | 300387 | 富邦股份 |  21.1  | 39.2  | -1.9  |  -2.1   |  -1.5   |
| 化肥行业 | 000611 |  天首退  |  3.6   | -11.4 | -69.2 |  -69.2  |  -69.2  |
+----------+--------+----------+--------+-------+-------+---------+---------+
 




 [行业>单日涨幅]
+----------+--------+----------+--------+-------+-------+---------+---------+
|   行业   |  代码  |   名称   |  市值  |  pe   | 涨幅  | 3日涨幅 | 6日涨幅 |
+----------+--------+----------+--------+-------+-------+---------+---------+
| 化肥行业 | 300505 |  川金诺  |  57.2  | 23.9  |  2.9  |   2.2   |   1.1   |
| 化肥行业 | 002312 | 川发龙蟒 | 210.4  | 19.3  |  2.5  |   6.9   |   9.4   |
| 化肥行业 | 000893 | 亚钾国际 | 262.0  | 23.4  |  1.1  |   0.9   |  -3.9   |
| 化肥行业 | 002538 |  司尔特  |  76.0  | 12.3  |  0.9  |   4.0   |   7.9   |
| 化肥行业 | 600141 | 兴发集团 | 443.0  |  6.4  |  0.7  |   4.2   |   9.2   |
| 化肥行业 | 600096 |  云天化  | 514.4  |  7.8  |  0.6  |   1.3   |   4.2   |
| 化肥行业 | 002470 |  ST金正  |  77.2  | -74.1 |  0.4  |  -1.7   |   0.4   |
| 化肥行业 | 000902 |  新洋丰  | 222.0  | 13.6  |  0.1  |   2.8   |   4.2   |
| 化肥行业 | 000408 | 藏格矿业 | 498.8  | 15.3  | -0.1  |   6.4   |   4.4   |
| 化肥行业 | 002539 | 云图控股 | 169.6  |  9.1  | -0.1  |   5.7   |  12.0   |
| 化肥行业 | 000912 |  泸天化  |  87.3  | 15.6  | -0.2  |   1.1   |   2.0   |
| 化肥行业 | 603938 | 三孚股份 | 124.8  | 20.8  | -0.3  |   0.6   |   1.3   |
| 化肥行业 | 600470 | 六国化工 |  41.4  | 15.5  | -0.4  |   0.2   |   1.0   |
| 化肥行业 | 002274 | 华昌化工 |  99.9  | 10.2  | -0.5  |   1.2   |  14.0   |
| 化肥行业 | 600691 | 阳煤化工 |  94.8  | 25.6  | -1.0  |   0.0   |   1.3   |
| 化肥行业 | 002895 | 川恒股份 | 176.6  | 42.4  | -1.1  |   5.0   |  11.8   |
| 化肥行业 | 000731 | 四川美丰 |  55.0  |  7.7  | -1.2  |  -0.1   |   3.3   |
| 化肥行业 | 002170 | 芭田股份 |  50.1  | 57.7  | -1.2  |  -0.5   |   1.6   |
| 化肥行业 | 002588 |  史丹利  |  81.3  | 13.6  | -1.5  |   0.0   |   1.7   |
| 化肥行业 | 002556 | 辉隆股份 | 113.9  | 13.6  | -1.7  |   5.7   |   9.8   |
| 化肥行业 | 300387 | 富邦股份 |  21.1  | 39.2  | -1.9  |  -2.1   |  -1.5   |
| 化肥行业 | 002999 | 天禾股份 |  27.1  | 48.5  | -2.5  |   2.9   |   6.4   |
| 化肥行业 | 000792 | 盐湖股份 | 1694.0 | 12.1  | -2.5  |   1.0   |   0.9   |
| 化肥行业 | 600078 | *ST澄星  |  78.0  | 28.9  | -5.0  |  -3.0   |  -4.0   |
| 化肥行业 | 000611 |  天首退  |  3.6   | -11.4 | -69.2 |  -69.2  |  -69.2  |
+----------+--------+----------+--------+-------+-------+---------+---------+
