[行业>市值]
+----------+--------+----------+-------+--------+------+---------+---------+
|   行业   |  代码  |   名称   | 市值  |   pe   | 涨幅 | 3日涨幅 | 6日涨幅 |
+----------+--------+----------+-------+--------+------+---------+---------+
| 多元金融 | 000617 | 中油资本 | 608.1 |  8.8   | -0.6 |   0.6   |   1.1   |
| 多元金融 | 600705 | 中航产融 | 305.1 | 665.8  | 0.3  |   1.2   |   2.4   |
| 多元金融 | 000987 | 越秀金控 | 295.5 |  12.7  | 0.2  |   2.0   |   2.2   |
| 多元金融 | 600927 | 永安期货 | 286.0 | 219.4  | -0.1 |   2.2   |   5.4   |
| 多元金融 | 600816 |  ST安信  | 230.8 | -12.1  | 1.2  |  -1.4   |  -3.4   |
| 多元金融 | 600390 | 五矿资本 | 216.8 |  7.7   | 0.0  |   2.3   |   2.8   |
| 多元金融 | 002423 | 中粮资本 | 163.1 | -11.9  | -0.6 |  -0.1   |   4.4   |
| 多元金融 | 600901 | 江苏租赁 | 147.8 |  6.0   | -0.8 |   0.8   |   2.1   |
| 多元金融 | 000567 | 海德股份 | 140.3 |  27.6  | 3.4  |   9.0   |  15.9   |
| 多元金融 | 000415 | 渤海租赁 | 132.3 |  -4.5  | -0.5 |   0.5   |   0.9   |
| 多元金融 | 000563 | 陕国投Ａ  | 120.1 |  17.1  | -0.3 |   1.0   |   1.3   |
| 多元金融 | 600120 | 浙江东方 | 113.0 |  70.7  | -1.0 |   2.1   |   5.2   |
| 多元金融 | 600643 | 爱建集团 | 98.5  |  8.3   | -0.7 |  -0.2   |   0.2   |
| 多元金融 | 000046 | 泛海控股 | 77.4  |  -2.4  | 1.4  |   1.4   |  -0.7   |
| 多元金融 | 002961 | 瑞达期货 | 75.1  |  19.7  | -0.9 |   2.4   |   5.1   |
| 多元金融 | 600053 | 九鼎投资 | 73.3  |  41.3  | 0.4  |  -0.7   |   2.7   |
| 多元金融 | 603093 | 南华期货 | 63.5  |  56.4  | -0.6 |   3.3   |   4.8   |
| 多元金融 | 000666 | 经纬纺机 | 61.7  |  11.3  | -1.2 |  -1.8   |   4.7   |
| 多元金融 | 002647 | 仁东控股 | 37.3  | -45.2  | 0.9  |   1.4   |   3.4   |
| 多元金融 | 600318 | 新力金融 | 36.5  | 397.6  | -1.4 |   0.7   |  -3.0   |
| 多元金融 | 600830 | 香溢融通 | 27.7  |  57.7  | -0.8 |  -1.8   |   1.8   |
| 多元金融 | 000416 | 民生控股 | 19.2  | -103.5 | 1.4  |  -0.6   |  -1.6   |
| 多元金融 | 600599 |  ST熊猫  | 17.2  |  11.8  | -3.2 |   2.4   |   1.7   |
| 多元金融 | 300309 | *ST吉艾  | 15.2  |  -3.4  | 8.9  |  19.6   |  18.8   |
| 多元金融 | 600139 | *ST西源  | 13.9  |  -9.5  | -1.4 |   4.5   |  18.6   |
| 多元金融 | 600093 | 退市易见 |  4.6  |  -1.0  | 0.0  |   0.0   |   7.9   |
| 多元金融 | 600695 | 退市绿庭 |  3.6  | 168.3  | -1.9 |  -1.9   |  -1.9   |
+----------+--------+----------+-------+--------+------+---------+---------+
 




 [行业>单日涨幅]
+----------+--------+----------+-------+--------+------+---------+---------+
|   行业   |  代码  |   名称   | 市值  |   pe   | 涨幅 | 3日涨幅 | 6日涨幅 |
+----------+--------+----------+-------+--------+------+---------+---------+
| 多元金融 | 300309 | *ST吉艾  | 15.2  |  -3.4  | 8.9  |  19.6   |  18.8   |
| 多元金融 | 000567 | 海德股份 | 140.3 |  27.6  | 3.4  |   9.0   |  15.9   |
| 多元金融 | 000416 | 民生控股 | 19.2  | -103.5 | 1.4  |  -0.6   |  -1.6   |
| 多元金融 | 000046 | 泛海控股 | 77.4  |  -2.4  | 1.4  |   1.4   |  -0.7   |
| 多元金融 | 600816 |  ST安信  | 230.8 | -12.1  | 1.2  |  -1.4   |  -3.4   |
| 多元金融 | 002647 | 仁东控股 | 37.3  | -45.2  | 0.9  |   1.4   |   3.4   |
| 多元金融 | 600053 | 九鼎投资 | 73.3  |  41.3  | 0.4  |  -0.7   |   2.7   |
| 多元金融 | 600705 | 中航产融 | 305.1 | 665.8  | 0.3  |   1.2   |   2.4   |
| 多元金融 | 000987 | 越秀金控 | 295.5 |  12.7  | 0.2  |   2.0   |   2.2   |
| 多元金融 | 600390 | 五矿资本 | 216.8 |  7.7   | 0.0  |   2.3   |   2.8   |
| 多元金融 | 600093 | 退市易见 |  4.6  |  -1.0  | 0.0  |   0.0   |   7.9   |
| 多元金融 | 600927 | 永安期货 | 286.0 | 219.4  | -0.1 |   2.2   |   5.4   |
| 多元金融 | 000563 | 陕国投Ａ  | 120.1 |  17.1  | -0.3 |   1.0   |   1.3   |
| 多元金融 | 000415 | 渤海租赁 | 132.3 |  -4.5  | -0.5 |   0.5   |   0.9   |
| 多元金融 | 002423 | 中粮资本 | 163.1 | -11.9  | -0.6 |  -0.1   |   4.4   |
| 多元金融 | 603093 | 南华期货 | 63.5  |  56.4  | -0.6 |   3.3   |   4.8   |
| 多元金融 | 000617 | 中油资本 | 608.1 |  8.8   | -0.6 |   0.6   |   1.1   |
| 多元金融 | 600643 | 爱建集团 | 98.5  |  8.3   | -0.7 |  -0.2   |   0.2   |
| 多元金融 | 600901 | 江苏租赁 | 147.8 |  6.0   | -0.8 |   0.8   |   2.1   |
| 多元金融 | 600830 | 香溢融通 | 27.7  |  57.7  | -0.8 |  -1.8   |   1.8   |
| 多元金融 | 002961 | 瑞达期货 | 75.1  |  19.7  | -0.9 |   2.4   |   5.1   |
| 多元金融 | 600120 | 浙江东方 | 113.0 |  70.7  | -1.0 |   2.1   |   5.2   |
| 多元金融 | 000666 | 经纬纺机 | 61.7  |  11.3  | -1.2 |  -1.8   |   4.7   |
| 多元金融 | 600318 | 新力金融 | 36.5  | 397.6  | -1.4 |   0.7   |  -3.0   |
| 多元金融 | 600139 | *ST西源  | 13.9  |  -9.5  | -1.4 |   4.5   |  18.6   |
| 多元金融 | 600695 | 退市绿庭 |  3.6  | 168.3  | -1.9 |  -1.9   |  -1.9   |
| 多元金融 | 600599 |  ST熊猫  | 17.2  |  11.8  | -3.2 |   2.4   |   1.7   |
+----------+--------+----------+-------+--------+------+---------+---------+
