[行业>市值]
+----------+--------+----------+-------+--------+------+---------+---------+
|   行业   |  代码  |   名称   | 市值  |   pe   | 涨幅 | 3日涨幅 | 6日涨幅 |
+----------+--------+----------+-------+--------+------+---------+---------+
| 家用轻工 | 603899 | 晨光股份 | 473.0 |  42.9  | 1.9  |   1.8   |   0.6   |
| 家用轻工 | 605099 | 共创草坪 | 106.1 |  31.1  | -0.7 |  -1.2   |   6.0   |
| 家用轻工 | 603398 | 沐邦高科 | 89.3  | -244.9 | -2.7 |  -0.4   |  -1.4   |
| 家用轻工 | 002489 | 浙江永强 | 89.2  |  16.3  | -1.0 |   6.8   |   6.5   |
| 家用轻工 | 002678 | 珠江钢琴 | 80.5  |  38.0  | -0.8 |  -1.2   |   3.0   |
| 家用轻工 | 301101 | 明月镜片 | 64.6  |  73.0  | -0.3 |  -1.7   |   5.4   |
| 家用轻工 | 002605 | 姚记科技 | 64.2  |  17.5  | -1.3 |  -2.8   |   3.5   |
| 家用轻工 | 603848 |  好太太  | 55.9  |  30.9  | 4.0  |   6.1   |   8.6   |
| 家用轻工 | 002301 | 齐心集团 | 44.6  |  20.3  | -1.6 |   0.2   |  -0.3   |
| 家用轻工 | 605299 | 舒华体育 | 43.6  |  82.1  | -1.0 |  -5.4   |   7.4   |
| 家用轻工 | 300729 | 乐歌股份 | 37.1  |  51.5  | -3.2 |  -2.3   |   3.5   |
| 家用轻工 | 300651 | 金陵体育 | 36.5  | 357.1  | -2.0 |  -23.8  |  -10.5  |
| 家用轻工 | 002575 | 群兴玩具 | 31.9  | 459.7  | 1.6  |  11.7   |  12.2   |
| 家用轻工 | 600439 |  瑞贝卡  | 31.0  |  60.7  | -0.4 |  -0.4   |  -0.7   |
| 家用轻工 | 002571 | 德力股份 | 26.0  | 251.8  | 9.9  |  14.5   |  11.8   |
| 家用轻工 | 002103 | 广博股份 | 23.4  | -39.1  | -0.9 |  -1.1   |   0.0   |
| 家用轻工 | 002615 |  哈尔斯  | 22.5  |  18.3  | -0.9 |   0.2   |  -1.6   |
| 家用轻工 | 301004 | 嘉益股份 | 22.1  |  16.8  | -3.5 |   6.8   |   6.5   |
| 家用轻工 | 002348 | 高乐股份 | 19.1  |  -9.6  | -1.0 |  -1.9   |  -2.4   |
| 家用轻工 | 300329 | 海伦钢琴 | 17.2  |  68.4  | -2.1 |  -0.6   |  -0.9   |
| 家用轻工 | 300703 | 创源股份 | 16.3  | 100.8  | -1.7 |   3.0   |   4.1   |
| 家用轻工 | 300640 | 德艺文创 | 16.1  |  48.7  | -1.7 |   0.0   |   0.7   |
| 家用轻工 | 002899 |  英派斯  | 14.3  | 268.1  | -0.6 |  -0.5   |   1.9   |
| 家用轻工 | 002862 | 实丰文化 | 13.1  | 169.6  | -2.9 |  -0.4   |  -4.1   |
| 家用轻工 | 001323 | 慕思股份 |  0.0  |  0.0   | 0.0  |   0.0   |   0.0   |
+----------+--------+----------+-------+--------+------+---------+---------+
 




 [行业>单日涨幅]
+----------+--------+----------+-------+--------+------+---------+---------+
|   行业   |  代码  |   名称   | 市值  |   pe   | 涨幅 | 3日涨幅 | 6日涨幅 |
+----------+--------+----------+-------+--------+------+---------+---------+
| 家用轻工 | 002571 | 德力股份 | 26.0  | 251.8  | 9.9  |  14.5   |  11.8   |
| 家用轻工 | 603848 |  好太太  | 55.9  |  30.9  | 4.0  |   6.1   |   8.6   |
| 家用轻工 | 603899 | 晨光股份 | 473.0 |  42.9  | 1.9  |   1.8   |   0.6   |
| 家用轻工 | 002575 | 群兴玩具 | 31.9  | 459.7  | 1.6  |  11.7   |  12.2   |
| 家用轻工 | 001323 | 慕思股份 |  0.0  |  0.0   | 0.0  |   0.0   |   0.0   |
| 家用轻工 | 301101 | 明月镜片 | 64.6  |  73.0  | -0.3 |  -1.7   |   5.4   |
| 家用轻工 | 600439 |  瑞贝卡  | 31.0  |  60.7  | -0.4 |  -0.4   |  -0.7   |
| 家用轻工 | 002899 |  英派斯  | 14.3  | 268.1  | -0.6 |  -0.5   |   1.9   |
| 家用轻工 | 605099 | 共创草坪 | 106.1 |  31.1  | -0.7 |  -1.2   |   6.0   |
| 家用轻工 | 002678 | 珠江钢琴 | 80.5  |  38.0  | -0.8 |  -1.2   |   3.0   |
| 家用轻工 | 002103 | 广博股份 | 23.4  | -39.1  | -0.9 |  -1.1   |   0.0   |
| 家用轻工 | 002615 |  哈尔斯  | 22.5  |  18.3  | -0.9 |   0.2   |  -1.6   |
| 家用轻工 | 002489 | 浙江永强 | 89.2  |  16.3  | -1.0 |   6.8   |   6.5   |
| 家用轻工 | 002348 | 高乐股份 | 19.1  |  -9.6  | -1.0 |  -1.9   |  -2.4   |
| 家用轻工 | 605299 | 舒华体育 | 43.6  |  82.1  | -1.0 |  -5.4   |   7.4   |
| 家用轻工 | 002605 | 姚记科技 | 64.2  |  17.5  | -1.3 |  -2.8   |   3.5   |
| 家用轻工 | 002301 | 齐心集团 | 44.6  |  20.3  | -1.6 |   0.2   |  -0.3   |
| 家用轻工 | 300703 | 创源股份 | 16.3  | 100.8  | -1.7 |   3.0   |   4.1   |
| 家用轻工 | 300640 | 德艺文创 | 16.1  |  48.7  | -1.7 |   0.0   |   0.7   |
| 家用轻工 | 300651 | 金陵体育 | 36.5  | 357.1  | -2.0 |  -23.8  |  -10.5  |
| 家用轻工 | 300329 | 海伦钢琴 | 17.2  |  68.4  | -2.1 |  -0.6   |  -0.9   |
| 家用轻工 | 603398 | 沐邦高科 | 89.3  | -244.9 | -2.7 |  -0.4   |  -1.4   |
| 家用轻工 | 002862 | 实丰文化 | 13.1  | 169.6  | -2.9 |  -0.4   |  -4.1   |
| 家用轻工 | 300729 | 乐歌股份 | 37.1  |  51.5  | -3.2 |  -2.3   |   3.5   |
| 家用轻工 | 301004 | 嘉益股份 | 22.1  |  16.8  | -3.5 |   6.8   |   6.5   |
+----------+--------+----------+-------+--------+------+---------+---------+
