[行业>市值]
+----------+--------+----------+--------+--------+------+---------+---------+
|   行业   |  代码  |   名称   |  市值  |   pe   | 涨幅 | 3日涨幅 | 6日涨幅 |
+----------+--------+----------+--------+--------+------+---------+---------+
| 工程机械 | 600031 | 三一重工 | 1487.0 |  23.4  | 0.8  |   4.2   |   3.1   |
| 工程机械 | 601100 | 恒立液压 | 709.7  |  33.6  | -0.1 |   3.6   |   7.6   |
| 工程机械 | 000157 | 中联重科 | 525.0  |  14.5  | -0.5 |   1.9   |   1.9   |
| 工程机械 | 000425 | 徐工机械 | 415.2  |  7.4   | -0.6 |   0.2   |  -5.0   |
| 工程机械 | 603338 | 浙江鼎力 | 242.9  |  31.0  | 1.1  |   1.4   |   5.7   |
| 工程机械 | 688425 | 铁建重工 | 234.1  |  15.5  | -2.2 |   3.0   |   8.9   |
| 工程机械 | 603638 | 艾迪精密 | 160.9  |  55.6  | -1.2 |   1.8   |   9.3   |
| 工程机械 | 000528 | 柳    工 | 124.7  |  12.2  | -0.6 |   0.8   |   0.3   |
| 工程机械 | 603298 | 杭叉集团 | 119.3  |  15.7  | -1.6 |  -3.4   |   3.6   |
| 工程机械 | 002204 | 大连重工 |  76.7  |  27.4  | 2.3  |   5.3   |  10.0   |
| 工程机械 | 600761 | 安徽合力 |  76.2  |  9.8   | -0.6 |  -0.9   |   0.8   |
| 工程机械 | 000680 | 山推股份 |  72.8  |  5.0   | -1.8 |  -4.9   |  -6.2   |
| 工程机械 | 600984 | 建设机械 |  72.3  | -33.5  | -0.4 |   0.5   |  -1.2   |
| 工程机械 | 002097 | 山河智能 |  71.3  | -36.4  | 0.0  |   1.9   |   5.8   |
| 工程机械 | 605305 | 中际联合 |  67.5  |  38.3  | -1.2 |   4.7   |   3.9   |
| 工程机械 | 601226 | 华电重工 |  59.6  | -13.7  | 2.8  |   6.5   |  11.1   |
| 工程机械 | 600815 | 厦工股份 |  52.3  | -684.4 | -2.3 |  -0.7   |  -2.6   |
| 工程机械 | 600817 | 宇通重工 |  51.3  |  15.1  | -3.6 |  -1.4   |  -15.2  |
| 工程机械 | 600375 | 汉马科技 |  51.0  |  -7.9  | -1.6 |   1.0   |  -0.6   |
| 工程机械 | 603611 | 诺力股份 |  43.5  |  15.1  | -0.8 |   4.0   |   5.1   |
| 工程机械 | 300718 | 长盛轴承 |  39.8  |  32.9  | -0.4 |   3.5   |   3.2   |
| 工程机械 | 605389 | 长龄液压 |  35.7  |  21.2  | -1.0 |   1.3   |   6.8   |
| 工程机械 | 301040 | 中环海陆 |  30.7  |  45.0  | 2.3  |   8.5   |   8.8   |
| 工程机械 | 001288 | 运机集团 |  23.7  |  28.1  | -0.7 |   2.9   |   2.8   |
| 工程机械 | 002272 | 川润股份 |  23.1  |  59.5  | 1.0  |   4.2   |   9.6   |
| 工程机械 | 300201 | *ST海伦  |  22.4  |  17.1  | 0.9  |   1.9   |  -0.5   |
| 工程机械 | 300022 | 吉峰科技 |  19.0  | -228.0 | -3.9 |  -3.5   |  -3.5   |
+----------+--------+----------+--------+--------+------+---------+---------+
 




 [行业>单日涨幅]
+----------+--------+----------+--------+--------+------+---------+---------+
|   行业   |  代码  |   名称   |  市值  |   pe   | 涨幅 | 3日涨幅 | 6日涨幅 |
+----------+--------+----------+--------+--------+------+---------+---------+
| 工程机械 | 601226 | 华电重工 |  59.6  | -13.7  | 2.8  |   6.5   |  11.1   |
| 工程机械 | 301040 | 中环海陆 |  30.7  |  45.0  | 2.3  |   8.5   |   8.8   |
| 工程机械 | 002204 | 大连重工 |  76.7  |  27.4  | 2.3  |   5.3   |  10.0   |
| 工程机械 | 603338 | 浙江鼎力 | 242.9  |  31.0  | 1.1  |   1.4   |   5.7   |
| 工程机械 | 002272 | 川润股份 |  23.1  |  59.5  | 1.0  |   4.2   |   9.6   |
| 工程机械 | 300201 | *ST海伦  |  22.4  |  17.1  | 0.9  |   1.9   |  -0.5   |
| 工程机械 | 600031 | 三一重工 | 1487.0 |  23.4  | 0.8  |   4.2   |   3.1   |
| 工程机械 | 002097 | 山河智能 |  71.3  | -36.4  | 0.0  |   1.9   |   5.8   |
| 工程机械 | 601100 | 恒立液压 | 709.7  |  33.6  | -0.1 |   3.6   |   7.6   |
| 工程机械 | 300718 | 长盛轴承 |  39.8  |  32.9  | -0.4 |   3.5   |   3.2   |
| 工程机械 | 600984 | 建设机械 |  72.3  | -33.5  | -0.4 |   0.5   |  -1.2   |
| 工程机械 | 000157 | 中联重科 | 525.0  |  14.5  | -0.5 |   1.9   |   1.9   |
| 工程机械 | 000425 | 徐工机械 | 415.2  |  7.4   | -0.6 |   0.2   |  -5.0   |
| 工程机械 | 600761 | 安徽合力 |  76.2  |  9.8   | -0.6 |  -0.9   |   0.8   |
| 工程机械 | 000528 | 柳    工 | 124.7  |  12.2  | -0.6 |   0.8   |   0.3   |
| 工程机械 | 001288 | 运机集团 |  23.7  |  28.1  | -0.7 |   2.9   |   2.8   |
| 工程机械 | 603611 | 诺力股份 |  43.5  |  15.1  | -0.8 |   4.0   |   5.1   |
| 工程机械 | 605389 | 长龄液压 |  35.7  |  21.2  | -1.0 |   1.3   |   6.8   |
| 工程机械 | 603638 | 艾迪精密 | 160.9  |  55.6  | -1.2 |   1.8   |   9.3   |
| 工程机械 | 605305 | 中际联合 |  67.5  |  38.3  | -1.2 |   4.7   |   3.9   |
| 工程机械 | 603298 | 杭叉集团 | 119.3  |  15.7  | -1.6 |  -3.4   |   3.6   |
| 工程机械 | 600375 | 汉马科技 |  51.0  |  -7.9  | -1.6 |   1.0   |  -0.6   |
| 工程机械 | 000680 | 山推股份 |  72.8  |  5.0   | -1.8 |  -4.9   |  -6.2   |
| 工程机械 | 688425 | 铁建重工 | 234.1  |  15.5  | -2.2 |   3.0   |   8.9   |
| 工程机械 | 600815 | 厦工股份 |  52.3  | -684.4 | -2.3 |  -0.7   |  -2.6   |
| 工程机械 | 600817 | 宇通重工 |  51.3  |  15.1  | -3.6 |  -1.4   |  -15.2  |
| 工程机械 | 300022 | 吉峰科技 |  19.0  | -228.0 | -3.9 |  -3.5   |  -3.5   |
+----------+--------+----------+--------+--------+------+---------+---------+
