[行业>市值]
+----------+--------+----------+-------+--------+------+---------+---------+
|   行业   |  代码  |   名称   | 市值  |   pe   | 涨幅 | 3日涨幅 | 6日涨幅 |
+----------+--------+----------+-------+--------+------+---------+---------+
| 橡胶制品 | 601058 | 赛轮轮胎 | 349.2 |  27.1  | -2.2 |   2.9   |   9.6   |
| 橡胶制品 | 601966 | 玲珑轮胎 | 312.3 | -85.0  | -5.0 |  -3.4   |   6.3   |
| 橡胶制品 | 000887 | 中鼎股份 | 211.0 |  21.0  | -3.4 |   7.7   |  12.9   |
| 橡胶制品 | 601118 | 海南橡胶 | 201.1 | -177.6 | -0.6 |  -1.1   |   2.2   |
| 橡胶制品 | 002984 |  森麒麟  | 198.0 |  21.2  | -3.3 |   0.6   |  15.4   |
| 橡胶制品 | 603650 | 彤程新材 | 176.1 |  61.1  | -2.6 |   2.4   |   8.5   |
| 橡胶制品 | 603033 | 三维股份 | 155.1 |  79.7  | -0.4 |   2.6   |   5.4   |
| 橡胶制品 | 300767 | 震安科技 | 134.2 | 103.1  | -2.6 |  -8.1   |   0.1   |
| 橡胶制品 | 300587 | 天铁股份 | 102.2 |  22.1  | 0.6  |   7.6   |  16.9   |
| 橡胶制品 | 002068 | 黑猫股份 | 97.8  | -234.5 | 3.5  |   8.5   |  13.7   |
| 橡胶制品 | 601163 | 三角轮胎 | 93.4  |  40.0  | -0.8 |   0.0   |   3.5   |
| 橡胶制品 | 600480 | 凌云股份 | 81.2  |  22.2  | -2.1 |   1.8   |   6.1   |
| 橡胶制品 | 605183 | 确成股份 | 78.4  |  23.4  | -1.1 |   1.2   |  11.3   |
| 橡胶制品 | 300320 | 海达股份 | 71.7  |  44.5  | 1.3  |   7.5   |  18.5   |
| 橡胶制品 | 000589 | 贵州轮胎 | 49.6  |  22.0  | -0.5 |   1.6   |   3.1   |
| 橡胶制品 | 601500 | 通用股份 | 47.2  | 159.0  | -1.4 |   1.9   |   3.8   |
| 橡胶制品 | 000599 | 青岛双星 | 43.4  |  -7.4  | 9.9  |  33.1   |  31.1   |
| 橡胶制品 | 300121 | 阳谷华泰 | 38.9  |  8.6   | -1.1 |  -1.1   |   4.5   |
| 橡胶制品 | 600182 | S*ST佳通 | 38.0  | 236.3  | 5.0  |  12.8   |  13.7   |
| 橡胶制品 | 600469 | 风神股份 | 35.4  | -21.4  | -5.7 |   3.6   |   8.3   |
| 橡胶制品 | 002224 | 三 力 士 | 33.0  | -152.5 | -1.5 |   1.1   |   3.7   |
| 橡胶制品 | 300547 | 川环科技 | 31.2  |  37.1  | -3.3 |   5.3   |   7.1   |
| 橡胶制品 | 001207 | 联科科技 | 29.7  |  31.3  | -0.5 |   0.9   |   2.9   |
| 橡胶制品 | 002753 | 永东股份 | 28.8  |  68.1  | 0.1  |   1.9   |   5.4   |
| 橡胶制品 | 002442 | 龙星化工 | 26.2  |  57.4  | 0.8  |   2.3   |   4.7   |
| 橡胶制品 | 002381 | 双箭股份 | 25.7  |  19.8  | -0.5 |   1.5   |   4.5   |
| 橡胶制品 | 300731 | 科创新源 | 21.7  | -48.5  | -2.4 |  -3.4   |   4.2   |
+----------+--------+----------+-------+--------+------+---------+---------+
 




 [行业>单日涨幅]
+----------+--------+----------+-------+--------+------+---------+---------+
|   行业   |  代码  |   名称   | 市值  |   pe   | 涨幅 | 3日涨幅 | 6日涨幅 |
+----------+--------+----------+-------+--------+------+---------+---------+
| 橡胶制品 | 000599 | 青岛双星 | 43.4  |  -7.4  | 9.9  |  33.1   |  31.1   |
| 橡胶制品 | 600182 | S*ST佳通 | 38.0  | 236.3  | 5.0  |  12.8   |  13.7   |
| 橡胶制品 | 002068 | 黑猫股份 | 97.8  | -234.5 | 3.5  |   8.5   |  13.7   |
| 橡胶制品 | 300320 | 海达股份 | 71.7  |  44.5  | 1.3  |   7.5   |  18.5   |
| 橡胶制品 | 002442 | 龙星化工 | 26.2  |  57.4  | 0.8  |   2.3   |   4.7   |
| 橡胶制品 | 300587 | 天铁股份 | 102.2 |  22.1  | 0.6  |   7.6   |  16.9   |
| 橡胶制品 | 002753 | 永东股份 | 28.8  |  68.1  | 0.1  |   1.9   |   5.4   |
| 橡胶制品 | 603033 | 三维股份 | 155.1 |  79.7  | -0.4 |   2.6   |   5.4   |
| 橡胶制品 | 000589 | 贵州轮胎 | 49.6  |  22.0  | -0.5 |   1.6   |   3.1   |
| 橡胶制品 | 002381 | 双箭股份 | 25.7  |  19.8  | -0.5 |   1.5   |   4.5   |
| 橡胶制品 | 001207 | 联科科技 | 29.7  |  31.3  | -0.5 |   0.9   |   2.9   |
| 橡胶制品 | 601118 | 海南橡胶 | 201.1 | -177.6 | -0.6 |  -1.1   |   2.2   |
| 橡胶制品 | 601163 | 三角轮胎 | 93.4  |  40.0  | -0.8 |   0.0   |   3.5   |
| 橡胶制品 | 300121 | 阳谷华泰 | 38.9  |  8.6   | -1.1 |  -1.1   |   4.5   |
| 橡胶制品 | 605183 | 确成股份 | 78.4  |  23.4  | -1.1 |   1.2   |  11.3   |
| 橡胶制品 | 601500 | 通用股份 | 47.2  | 159.0  | -1.4 |   1.9   |   3.8   |
| 橡胶制品 | 002224 | 三 力 士 | 33.0  | -152.5 | -1.5 |   1.1   |   3.7   |
| 橡胶制品 | 600480 | 凌云股份 | 81.2  |  22.2  | -2.1 |   1.8   |   6.1   |
| 橡胶制品 | 601058 | 赛轮轮胎 | 349.2 |  27.1  | -2.2 |   2.9   |   9.6   |
| 橡胶制品 | 300731 | 科创新源 | 21.7  | -48.5  | -2.4 |  -3.4   |   4.2   |
| 橡胶制品 | 300767 | 震安科技 | 134.2 | 103.1  | -2.6 |  -8.1   |   0.1   |
| 橡胶制品 | 603650 | 彤程新材 | 176.1 |  61.1  | -2.6 |   2.4   |   8.5   |
| 橡胶制品 | 002984 |  森麒麟  | 198.0 |  21.2  | -3.3 |   0.6   |  15.4   |
| 橡胶制品 | 300547 | 川环科技 | 31.2  |  37.1  | -3.3 |   5.3   |   7.1   |
| 橡胶制品 | 000887 | 中鼎股份 | 211.0 |  21.0  | -3.4 |   7.7   |  12.9   |
| 橡胶制品 | 601966 | 玲珑轮胎 | 312.3 | -85.0  | -5.0 |  -3.4   |   6.3   |
| 橡胶制品 | 600469 | 风神股份 | 35.4  | -21.4  | -5.7 |   3.6   |   8.3   |
+----------+--------+----------+-------+--------+------+---------+---------+
