[行业>市值]
+------------+--------+----------+-------+--------+------+---------+---------+
|    行业    |  代码  |   名称   | 市值  |   pe   | 涨幅 | 3日涨幅 | 6日涨幅 |
+------------+--------+----------+-------+--------+------+---------+---------+
| 电子化学品 | 300054 | 鼎龙股份 | 187.2 |  65.6  | 1.0  |   4.1   |   7.9   |
| 电子化学品 | 002643 | 万润股份 | 180.6 |  19.4  | -1.7 |  -0.1   |   5.6   |
| 电子化学品 | 300346 | 南大光电 | 167.9 |  52.0  | -1.4 |   4.0   |   6.1   |
| 电子化学品 | 688019 | 安集科技 | 164.3 | 103.7  | -1.8 |   2.8   |  12.6   |
| 电子化学品 | 300398 | 飞凯材料 | 109.3 |  19.7  | -4.8 |  -3.1   |   0.1   |
| 电子化学品 | 300655 | 晶瑞电材 | 98.1  |  76.7  | -3.2 |   6.2   |  10.2   |
| 电子化学品 | 688106 | 金宏气体 | 97.0  |  62.4  | -4.0 |   6.7   |  13.6   |
| 电子化学品 | 300236 | 上海新阳 | 95.8  | -176.1 | -2.0 |   1.7   |   5.9   |
| 电子化学品 | 688268 | 华特气体 | 83.6  |  53.4  | -6.9 |  11.8   |  15.5   |
| 电子化学品 | 688550 | 瑞联新材 | 74.0  |  23.2  | -1.9 |   0.4   |   3.6   |
| 电子化学品 | 002741 | 光华科技 | 67.4  |  47.7  | -1.7 |   3.7   |   6.8   |
| 电子化学品 | 300481 | 濮阳惠成 | 66.2  |  19.7  | -0.7 |   1.7   |   6.7   |
| 电子化学品 | 603078 |  江化微  | 60.9  |  46.1  | -1.7 |   0.9   |   5.6   |
| 电子化学品 | 300576 | 容大感光 | 52.9  | 127.9  | -1.8 |   4.4   |   6.3   |
| 电子化学品 | 300429 | 强力新材 | 46.8  |  46.8  | -1.8 |   1.3   |   3.8   |
| 电子化学品 | 002584 | 西陇科学 | 45.3  |  13.5  | 2.0  |   3.5   |   1.2   |
| 电子化学品 | 603931 |  格林达  | 39.2  |  24.9  | -6.6 |   3.2   |   8.4   |
| 电子化学品 | 688359 | 三孚新科 | 35.9  | -150.9 | -3.3 |   8.5   |  15.5   |
| 电子化学品 | 300446 | 乐凯新材 | 27.0  | 426.5  | -2.5 |   6.7   |   8.4   |
| 电子化学品 | 300537 | 广信材料 | 21.8  | -47.4  | -1.6 |   2.7   |   4.8   |
| 电子化学品 | 300637 | 扬帆新材 | 17.0  |  36.6  | -2.2 |   0.7   |   3.6   |
+------------+--------+----------+-------+--------+------+---------+---------+
 




 [行业>单日涨幅]
+------------+--------+----------+-------+--------+------+---------+---------+
|    行业    |  代码  |   名称   | 市值  |   pe   | 涨幅 | 3日涨幅 | 6日涨幅 |
+------------+--------+----------+-------+--------+------+---------+---------+
| 电子化学品 | 002584 | 西陇科学 | 45.3  |  13.5  | 2.0  |   3.5   |   1.2   |
| 电子化学品 | 300054 | 鼎龙股份 | 187.2 |  65.6  | 1.0  |   4.1   |   7.9   |
| 电子化学品 | 300481 | 濮阳惠成 | 66.2  |  19.7  | -0.7 |   1.7   |   6.7   |
| 电子化学品 | 300346 | 南大光电 | 167.9 |  52.0  | -1.4 |   4.0   |   6.1   |
| 电子化学品 | 300537 | 广信材料 | 21.8  | -47.4  | -1.6 |   2.7   |   4.8   |
| 电子化学品 | 002741 | 光华科技 | 67.4  |  47.7  | -1.7 |   3.7   |   6.8   |
| 电子化学品 | 002643 | 万润股份 | 180.6 |  19.4  | -1.7 |  -0.1   |   5.6   |
| 电子化学品 | 603078 |  江化微  | 60.9  |  46.1  | -1.7 |   0.9   |   5.6   |
| 电子化学品 | 688019 | 安集科技 | 164.3 | 103.7  | -1.8 |   2.8   |  12.6   |
| 电子化学品 | 300576 | 容大感光 | 52.9  | 127.9  | -1.8 |   4.4   |   6.3   |
| 电子化学品 | 300429 | 强力新材 | 46.8  |  46.8  | -1.8 |   1.3   |   3.8   |
| 电子化学品 | 688550 | 瑞联新材 | 74.0  |  23.2  | -1.9 |   0.4   |   3.6   |
| 电子化学品 | 300236 | 上海新阳 | 95.8  | -176.1 | -2.0 |   1.7   |   5.9   |
| 电子化学品 | 300637 | 扬帆新材 | 17.0  |  36.6  | -2.2 |   0.7   |   3.6   |
| 电子化学品 | 300446 | 乐凯新材 | 27.0  | 426.5  | -2.5 |   6.7   |   8.4   |
| 电子化学品 | 300655 | 晶瑞电材 | 98.1  |  76.7  | -3.2 |   6.2   |  10.2   |
| 电子化学品 | 688359 | 三孚新科 | 35.9  | -150.9 | -3.3 |   8.5   |  15.5   |
| 电子化学品 | 688106 | 金宏气体 | 97.0  |  62.4  | -4.0 |   6.7   |  13.6   |
| 电子化学品 | 300398 | 飞凯材料 | 109.3 |  19.7  | -4.8 |  -3.1   |   0.1   |
| 电子化学品 | 603931 |  格林达  | 39.2  |  24.9  | -6.6 |   3.2   |   8.4   |
| 电子化学品 | 688268 | 华特气体 | 83.6  |  53.4  | -6.9 |  11.8   |  15.5   |
+------------+--------+----------+-------+--------+------+---------+---------+
