[行业>市值]
+------+--------+----------+-------+-------+------+---------+---------+
| 行业 |  代码  |   名称   | 市值  |  pe   | 涨幅 | 3日涨幅 | 6日涨幅 |
+------+--------+----------+-------+-------+------+---------+---------+
| 电机 | 002176 | 江特电机 | 392.5 | 14.7  | 0.1  |   8.1   |   4.1   |
| 电机 | 603489 | 八方股份 | 234.4 | 32.6  | 1.6  |   2.4   |   6.4   |
| 电机 | 600580 | 卧龙电驱 | 167.3 | 21.1  | -3.3 |   0.5   |   5.0   |
| 电机 | 002249 | 大洋电机 | 136.3 | 23.2  | -2.4 |   0.7   |   5.3   |
| 电机 | 003021 | 兆威机电 | 67.3  | 74.1  | -6.8 |   5.9   |  23.8   |
| 电机 | 603728 | 鸣志电器 | 66.2  | 42.3  | 0.2  |   8.7   |  15.0   |
| 电机 | 002801 | 微光股份 | 60.6  | 19.6  | -1.7 |   4.7   |   4.2   |
| 电机 | 000922 | 佳电股份 | 52.7  | 17.5  | -2.4 |  -2.0   |   0.2   |
| 电机 | 300660 | 江苏雷利 | 51.1  | 18.4  | -3.6 |   4.1   |   7.7   |
| 电机 | 002196 | 方正电机 | 44.6  | 187.1 | -2.9 |  -1.5   |   9.7   |
| 电机 | 002892 |  科力尔  | 36.6  | 57.4  | -1.7 |   3.3   |   7.2   |
| 电机 | 603819 | 神力股份 | 31.8  | 27.7  | 10.0 |  10.0   |  10.0   |
| 电机 | 002823 | 凯中精密 | 27.0  | 33.6  | -1.6 |   2.7   |   3.6   |
| 电机 | 603988 | 中电电机 | 24.9  | 46.5  | -3.0 |  -6.3   |  -6.8   |
| 电机 | 301226 | 祥明智能 | 23.1  | 38.2  | 0.8  |   5.8   |  10.0   |
| 电机 | 301023 | 江南奕帆 | 22.8  | 28.0  | -1.4 |   0.1   |   3.4   |
| 电机 | 002576 | 通达动力 | 19.5  | 48.2  | -4.0 |   0.3   |  -2.4   |
| 电机 | 300907 | 康平科技 | 19.4  | 93.9  | -5.0 |  -0.5   |   1.9   |
| 电机 | 688395 | 正弦电气 | 17.6  | 30.8  | -5.1 |   7.9   |  18.5   |
| 电机 | 300626 | 华瑞股份 | 15.9  | 61.9  | -0.5 |   1.5   |   6.8   |
| 电机 | 603320 | 迪贝电气 | 15.3  | 31.4  | -0.8 |  -0.1   |  -2.7   |
+------+--------+----------+-------+-------+------+---------+---------+
 




 [行业>单日涨幅]
+------+--------+----------+-------+-------+------+---------+---------+
| 行业 |  代码  |   名称   | 市值  |  pe   | 涨幅 | 3日涨幅 | 6日涨幅 |
+------+--------+----------+-------+-------+------+---------+---------+
| 电机 | 603819 | 神力股份 | 31.8  | 27.7  | 10.0 |  10.0   |  10.0   |
| 电机 | 603489 | 八方股份 | 234.4 | 32.6  | 1.6  |   2.4   |   6.4   |
| 电机 | 301226 | 祥明智能 | 23.1  | 38.2  | 0.8  |   5.8   |  10.0   |
| 电机 | 603728 | 鸣志电器 | 66.2  | 42.3  | 0.2  |   8.7   |  15.0   |
| 电机 | 002176 | 江特电机 | 392.5 | 14.7  | 0.1  |   8.1   |   4.1   |
| 电机 | 300626 | 华瑞股份 | 15.9  | 61.9  | -0.5 |   1.5   |   6.8   |
| 电机 | 603320 | 迪贝电气 | 15.3  | 31.4  | -0.8 |  -0.1   |  -2.7   |
| 电机 | 301023 | 江南奕帆 | 22.8  | 28.0  | -1.4 |   0.1   |   3.4   |
| 电机 | 002823 | 凯中精密 | 27.0  | 33.6  | -1.6 |   2.7   |   3.6   |
| 电机 | 002801 | 微光股份 | 60.6  | 19.6  | -1.7 |   4.7   |   4.2   |
| 电机 | 002892 |  科力尔  | 36.6  | 57.4  | -1.7 |   3.3   |   7.2   |
| 电机 | 002249 | 大洋电机 | 136.3 | 23.2  | -2.4 |   0.7   |   5.3   |
| 电机 | 000922 | 佳电股份 | 52.7  | 17.5  | -2.4 |  -2.0   |   0.2   |
| 电机 | 002196 | 方正电机 | 44.6  | 187.1 | -2.9 |  -1.5   |   9.7   |
| 电机 | 603988 | 中电电机 | 24.9  | 46.5  | -3.0 |  -6.3   |  -6.8   |
| 电机 | 600580 | 卧龙电驱 | 167.3 | 21.1  | -3.3 |   0.5   |   5.0   |
| 电机 | 300660 | 江苏雷利 | 51.1  | 18.4  | -3.6 |   4.1   |   7.7   |
| 电机 | 002576 | 通达动力 | 19.5  | 48.2  | -4.0 |   0.3   |  -2.4   |
| 电机 | 300907 | 康平科技 | 19.4  | 93.9  | -5.0 |  -0.5   |   1.9   |
| 电机 | 688395 | 正弦电气 | 17.6  | 30.8  | -5.1 |   7.9   |  18.5   |
| 电机 | 003021 | 兆威机电 | 67.3  | 74.1  | -6.8 |   5.9   |  23.8   |
+------+--------+----------+-------+-------+------+---------+---------+
