[行业>市值]
+----------+--------+----------+-------+--------+------+---------+---------+
|   行业   |  代码  |   名称   | 市值  |   pe   | 涨幅 | 3日涨幅 | 6日涨幅 |
+----------+--------+----------+-------+--------+------+---------+---------+
| 电源设备 | 601727 | 上海电气 | 652.8 | 1291.1 | -0.2 |   3.0   |   3.7   |
| 电源设备 | 600875 | 东方电气 | 472.5 |  12.8  | 5.3  |   8.4   |  10.4   |
| 电源设备 | 300376 |  易事特  | 175.7 |  44.5  | 2.7  |   4.7   |   6.0   |
| 电源设备 | 300593 |  新雷能  | 148.0 |  42.6  | 1.6  |   6.4   |   9.0   |
| 电源设备 | 002518 |  科士达  | 132.2 |  60.9  | 3.1  |   6.8   |   3.1   |
| 电源设备 | 002335 | 科华数据 | 116.5 |  29.7  | 1.8  |   7.6   |   9.8   |
| 电源设备 | 002851 | 麦格米特 | 107.4 |  36.5  | 4.3  |   8.6   |   8.4   |
| 电源设备 | 002534 | 西子洁能 | 107.0 |  66.6  | 0.7  |   3.4   |   7.1   |
| 电源设备 | 300820 | 英杰电气 | 88.9  |  41.2  | 5.6  |   8.5   |  12.4   |
| 电源设备 | 002665 | 首航高科 | 78.7  | -36.5  | 0.7  |   2.0   |   2.3   |
| 电源设备 | 600475 | 华光环能 | 78.3  |  9.4   | -0.5 |   2.7   |   2.1   |
| 电源设备 | 300693 | 盛弘股份 | 53.4  |  58.1  | 2.5  |   8.3   |   7.5   |
| 电源设备 | 300870 |  欧陆通  | 45.2  | -38.4  | 1.8  |   4.5   |   5.8   |
| 电源设备 | 002255 | 海陆重工 | 42.8  |  32.8  | 1.0  |  -3.0   |   9.7   |
| 电源设备 | 002364 | 中恒电气 | 41.3  | 181.7  | 1.2  |   3.7   |   4.4   |
| 电源设备 | 688551 |  科威尔  | 34.9  | 116.9  | 12.2 |  32.7   |  36.0   |
| 电源设备 | 002227 | 奥 特 迅 | 34.1  | -98.7  | 0.2  |   3.0   |   0.1   |
| 电源设备 | 002630 | 华西能源 | 34.0  |  -5.5  | 9.9  |  33.3   |  18.5   |
| 电源设备 | 600405 |  动力源  | 31.0  | -40.5  | 0.0  |   4.7   |   6.5   |
| 电源设备 | 002366 | *ST海核  | 30.9  | -25.0  | 5.0  |   6.3   |   3.2   |
| 电源设备 | 300105 | 龙源技术 | 29.9  | -102.2 | -2.4 |  -0.9   |  10.2   |
| 电源设备 | 300153 | 科泰电源 | 28.3  | 150.7  | -4.0 |  12.6   |  16.5   |
| 电源设备 | 300491 | 通合科技 | 24.9  | -75.4  | 0.6  |   1.9   |   6.0   |
| 电源设备 | 300713 |  英可瑞  | 22.1  | 331.3  | 3.0  |   7.0   |   7.0   |
| 电源设备 | 600202 |  哈空调  | 20.6  |  87.1  | 0.4  |   2.5   |   7.0   |
+----------+--------+----------+-------+--------+------+---------+---------+
 




 [行业>单日涨幅]
+----------+--------+----------+-------+--------+------+---------+---------+
|   行业   |  代码  |   名称   | 市值  |   pe   | 涨幅 | 3日涨幅 | 6日涨幅 |
+----------+--------+----------+-------+--------+------+---------+---------+
| 电源设备 | 688551 |  科威尔  | 34.9  | 116.9  | 12.2 |  32.7   |  36.0   |
| 电源设备 | 002630 | 华西能源 | 34.0  |  -5.5  | 9.9  |  33.3   |  18.5   |
| 电源设备 | 300820 | 英杰电气 | 88.9  |  41.2  | 5.6  |   8.5   |  12.4   |
| 电源设备 | 600875 | 东方电气 | 472.5 |  12.8  | 5.3  |   8.4   |  10.4   |
| 电源设备 | 002366 | *ST海核  | 30.9  | -25.0  | 5.0  |   6.3   |   3.2   |
| 电源设备 | 002851 | 麦格米特 | 107.4 |  36.5  | 4.3  |   8.6   |   8.4   |
| 电源设备 | 002518 |  科士达  | 132.2 |  60.9  | 3.1  |   6.8   |   3.1   |
| 电源设备 | 300713 |  英可瑞  | 22.1  | 331.3  | 3.0  |   7.0   |   7.0   |
| 电源设备 | 300376 |  易事特  | 175.7 |  44.5  | 2.7  |   4.7   |   6.0   |
| 电源设备 | 300693 | 盛弘股份 | 53.4  |  58.1  | 2.5  |   8.3   |   7.5   |
| 电源设备 | 300870 |  欧陆通  | 45.2  | -38.4  | 1.8  |   4.5   |   5.8   |
| 电源设备 | 002335 | 科华数据 | 116.5 |  29.7  | 1.8  |   7.6   |   9.8   |
| 电源设备 | 300593 |  新雷能  | 148.0 |  42.6  | 1.6  |   6.4   |   9.0   |
| 电源设备 | 002364 | 中恒电气 | 41.3  | 181.7  | 1.2  |   3.7   |   4.4   |
| 电源设备 | 002255 | 海陆重工 | 42.8  |  32.8  | 1.0  |  -3.0   |   9.7   |
| 电源设备 | 002534 | 西子洁能 | 107.0 |  66.6  | 0.7  |   3.4   |   7.1   |
| 电源设备 | 002665 | 首航高科 | 78.7  | -36.5  | 0.7  |   2.0   |   2.3   |
| 电源设备 | 300491 | 通合科技 | 24.9  | -75.4  | 0.6  |   1.9   |   6.0   |
| 电源设备 | 600202 |  哈空调  | 20.6  |  87.1  | 0.4  |   2.5   |   7.0   |
| 电源设备 | 002227 | 奥 特 迅 | 34.1  | -98.7  | 0.2  |   3.0   |   0.1   |
| 电源设备 | 600405 |  动力源  | 31.0  | -40.5  | 0.0  |   4.7   |   6.5   |
| 电源设备 | 601727 | 上海电气 | 652.8 | 1291.1 | -0.2 |   3.0   |   3.7   |
| 电源设备 | 600475 | 华光环能 | 78.3  |  9.4   | -0.5 |   2.7   |   2.1   |
| 电源设备 | 300105 | 龙源技术 | 29.9  | -102.2 | -2.4 |  -0.9   |  10.2   |
| 电源设备 | 300153 | 科泰电源 | 28.3  | 150.7  | -4.0 |  12.6   |  16.5   |
+----------+--------+----------+-------+--------+------+---------+---------+
