[行业>市值]
+----------+--------+----------+-------+--------+------+---------+---------+
|   行业   |  代码  |   名称   | 市值  |   pe   | 涨幅 | 3日涨幅 | 6日涨幅 |
+----------+--------+----------+-------+--------+------+---------+---------+
| 电源设备 | 601727 | 上海电气 | 648.1 | 1281.9 | -0.7 |   0.0   |   3.5   |
| 电源设备 | 600875 | 东方电气 | 461.6 |  12.5  | -2.3 |   6.7   |   8.3   |
| 电源设备 | 300376 |  易事特  | 171.8 |  43.5  | -2.2 |   1.4   |   4.5   |
| 电源设备 | 300593 |  新雷能  | 142.2 |  40.9  | -3.7 |   0.0   |   9.2   |
| 电源设备 | 002518 |  科士达  | 130.3 |  60.0  | -1.4 |   3.2   |   4.5   |
| 电源设备 | 002335 | 科华数据 | 115.0 |  29.3  | -1.3 |   2.4   |  10.7   |
| 电源设备 | 002534 | 西子洁能 | 109.0 |  67.9  | 1.9  |   4.8   |  12.6   |
| 电源设备 | 002851 | 麦格米特 | 106.1 |  36.1  | -1.2 |   5.1   |   9.7   |
| 电源设备 | 300820 | 英杰电气 | 92.1  |  42.7  | 3.6  |  15.0   |  18.0   |
| 电源设备 | 002665 | 首航高科 | 81.0  | -37.6  | 2.9  |   0.9   |   7.4   |
| 电源设备 | 600475 | 华光环能 | 78.6  |  9.5   | 0.4  |   0.5   |   3.7   |
| 电源设备 | 300693 | 盛弘股份 | 51.2  |  55.7  | -4.1 |  -0.6   |   6.5   |
| 电源设备 | 300870 |  欧陆通  | 44.2  | -37.5  | -2.2 |   1.1   |   0.1   |
| 电源设备 | 002255 | 海陆重工 | 42.4  |  32.5  | -1.0 |  -1.6   |   9.1   |
| 电源设备 | 002364 | 中恒电气 | 40.7  | 178.9  | -1.5 |   0.0   |   3.6   |
| 电源设备 | 002630 | 华西能源 | 37.4  |  -6.0  | 10.1 |  33.2   |  40.9   |
| 电源设备 | 002227 | 奥 特 迅 | 33.5  | -96.8  | -1.9 |  -2.4   |   2.2   |
| 电源设备 | 688551 |  科威尔  | 32.6  | 109.2  | -6.5 |  15.2   |  27.9   |
| 电源设备 | 002366 | *ST海核  | 31.2  | -25.3  | 1.1  |   7.1   |   8.4   |
| 电源设备 | 600405 |  动力源  | 30.7  | -40.1  | -0.9 |   1.1   |   5.9   |
| 电源设备 | 300105 | 龙源技术 | 30.5  | -104.3 | 2.1  |   1.9   |   7.0   |
| 电源设备 | 300153 | 科泰电源 | 27.2  | 144.9  | -3.9 |   5.2   |  13.5   |
| 电源设备 | 300491 | 通合科技 | 24.4  | -73.9  | -2.0 |  -2.1   |   5.9   |
| 电源设备 | 300713 |  英可瑞  | 21.6  | 324.7  | -2.0 |   1.1   |   5.5   |
| 电源设备 | 600202 |  哈空调  | 21.1  |  89.4  | 2.6  |   3.2   |   8.5   |
+----------+--------+----------+-------+--------+------+---------+---------+
 




 [行业>单日涨幅]
+----------+--------+----------+-------+--------+------+---------+---------+
|   行业   |  代码  |   名称   | 市值  |   pe   | 涨幅 | 3日涨幅 | 6日涨幅 |
+----------+--------+----------+-------+--------+------+---------+---------+
| 电源设备 | 002630 | 华西能源 | 37.4  |  -6.0  | 10.1 |  33.2   |  40.9   |
| 电源设备 | 300820 | 英杰电气 | 92.1  |  42.7  | 3.6  |  15.0   |  18.0   |
| 电源设备 | 002665 | 首航高科 | 81.0  | -37.6  | 2.9  |   0.9   |   7.4   |
| 电源设备 | 600202 |  哈空调  | 21.1  |  89.4  | 2.6  |   3.2   |   8.5   |
| 电源设备 | 300105 | 龙源技术 | 30.5  | -104.3 | 2.1  |   1.9   |   7.0   |
| 电源设备 | 002534 | 西子洁能 | 109.0 |  67.9  | 1.9  |   4.8   |  12.6   |
| 电源设备 | 002366 | *ST海核  | 31.2  | -25.3  | 1.1  |   7.1   |   8.4   |
| 电源设备 | 600475 | 华光环能 | 78.6  |  9.5   | 0.4  |   0.5   |   3.7   |
| 电源设备 | 601727 | 上海电气 | 648.1 | 1281.9 | -0.7 |   0.0   |   3.5   |
| 电源设备 | 600405 |  动力源  | 30.7  | -40.1  | -0.9 |   1.1   |   5.9   |
| 电源设备 | 002255 | 海陆重工 | 42.4  |  32.5  | -1.0 |  -1.6   |   9.1   |
| 电源设备 | 002851 | 麦格米特 | 106.1 |  36.1  | -1.2 |   5.1   |   9.7   |
| 电源设备 | 002335 | 科华数据 | 115.0 |  29.3  | -1.3 |   2.4   |  10.7   |
| 电源设备 | 002518 |  科士达  | 130.3 |  60.0  | -1.4 |   3.2   |   4.5   |
| 电源设备 | 002364 | 中恒电气 | 40.7  | 178.9  | -1.5 |   0.0   |   3.6   |
| 电源设备 | 002227 | 奥 特 迅 | 33.5  | -96.8  | -1.9 |  -2.4   |   2.2   |
| 电源设备 | 300713 |  英可瑞  | 21.6  | 324.7  | -2.0 |   1.1   |   5.5   |
| 电源设备 | 300491 | 通合科技 | 24.4  | -73.9  | -2.0 |  -2.1   |   5.9   |
| 电源设备 | 300870 |  欧陆通  | 44.2  | -37.5  | -2.2 |   1.1   |   0.1   |
| 电源设备 | 300376 |  易事特  | 171.8 |  43.5  | -2.2 |   1.4   |   4.5   |
| 电源设备 | 600875 | 东方电气 | 461.6 |  12.5  | -2.3 |   6.7   |   8.3   |
| 电源设备 | 300593 |  新雷能  | 142.2 |  40.9  | -3.7 |   0.0   |   9.2   |
| 电源设备 | 300153 | 科泰电源 | 27.2  | 144.9  | -3.9 |   5.2   |  13.5   |
| 电源设备 | 300693 | 盛弘股份 | 51.2  |  55.7  | -4.1 |  -0.6   |   6.5   |
| 电源设备 | 688551 |  科威尔  | 32.6  | 109.2  | -6.5 |  15.2   |  27.9   |
+----------+--------+----------+-------+--------+------+---------+---------+
