[行业>市值]
+----------+--------+----------+--------+-------+------+---------+---------+
|   行业   |  代码  |   名称   |  市值  |  pe   | 涨幅 | 3日涨幅 | 6日涨幅 |
+----------+--------+----------+--------+-------+------+---------+---------+
| 石油行业 | 600938 | 中国海油 | 9003.0 |  6.6  | 1.8  |  -0.4   |   2.2   |
| 石油行业 | 600028 | 中国石化 | 5424.0 |  6.0  | 0.9  |   1.8   |   1.6   |
| 石油行业 | 600256 | 广汇能源 | 681.5  |  7.7  | 2.0  |   1.9   |  -3.0   |
| 石油行业 | 600688 | 上海石化 | 361.5  | 42.3  | 0.3  |   0.9   |   0.6   |
| 石油行业 | 600777 | 新潮能源 | 166.6  |  7.9  | 9.9  |   7.9   |   5.2   |
| 石油行业 | 002221 | 东华能源 | 136.9  | 32.1  | -1.2 |   0.0   |   0.6   |
| 石油行业 | 000059 | 华锦股份 | 104.3  |  9.2  | 0.1  |  -0.1   |   1.9   |
| 石油行业 | 000096 | 广聚能源 |  51.7  | 137.9 | 4.7  |   3.0   |   2.4   |
| 石油行业 | 600759 |  ST洲际  |  50.9  | 16.4  | 5.1  |   4.7   |   1.8   |
| 石油行业 | 000819 | 岳阳兴长 |  40.5  | 85.9  | 10.0 |   4.4   |  25.1   |
| 石油行业 | 000698 | 沈阳化工 |  37.6  | -8.2  | -1.3 |   0.0   |   2.5   |
| 石油行业 | 603353 | 和顺石油 |  32.7  | 39.6  | -0.4 |   0.9   |  -0.6   |
| 石油行业 | 600387 |  ST海越  |  30.6  | 44.8  | 4.3  |   4.6   |  10.8   |
| 石油行业 | 000159 | 国际实业 |  27.8  | 33.1  | 1.2  |   1.1   |  -1.4   |
| 石油行业 | 000554 | 泰山石油 |  27.6  | 243.3 | -0.5 |   0.3   |  -1.5   |
| 石油行业 | 000637 | 茂化实华 |  25.0  | -82.9 | -2.0 |   6.2   |   6.9   |
| 石油行业 | 300839 | 博汇股份 |  24.2  | 29.7  | -0.7 |   1.4   |   1.8   |
| 石油行业 | 603798 |  康普顿  |  20.0  | 16.3  | -0.4 |   0.4   |   2.7   |
| 石油行业 | 002778 | 中晟高科 |  16.6  | 375.2 | -0.9 |   0.4   |   1.0   |
| 石油行业 | 300023 | *ST宝德  |  9.6   | 43.0  | 0.0  |   0.0   |   0.0   |
| 石油行业 | 601857 | 中国石油 |  0.0   |  6.4  | 0.0  |  -0.9   |  -0.9   |
+----------+--------+----------+--------+-------+------+---------+---------+
 




 [行业>单日涨幅]
+----------+--------+----------+--------+-------+------+---------+---------+
|   行业   |  代码  |   名称   |  市值  |  pe   | 涨幅 | 3日涨幅 | 6日涨幅 |
+----------+--------+----------+--------+-------+------+---------+---------+
| 石油行业 | 000819 | 岳阳兴长 |  40.5  | 85.9  | 10.0 |   4.4   |  25.1   |
| 石油行业 | 600777 | 新潮能源 | 166.6  |  7.9  | 9.9  |   7.9   |   5.2   |
| 石油行业 | 600759 |  ST洲际  |  50.9  | 16.4  | 5.1  |   4.7   |   1.8   |
| 石油行业 | 000096 | 广聚能源 |  51.7  | 137.9 | 4.7  |   3.0   |   2.4   |
| 石油行业 | 600387 |  ST海越  |  30.6  | 44.8  | 4.3  |   4.6   |  10.8   |
| 石油行业 | 600256 | 广汇能源 | 681.5  |  7.7  | 2.0  |   1.9   |  -3.0   |
| 石油行业 | 600938 | 中国海油 | 9003.0 |  6.6  | 1.8  |  -0.4   |   2.2   |
| 石油行业 | 000159 | 国际实业 |  27.8  | 33.1  | 1.2  |   1.1   |  -1.4   |
| 石油行业 | 600028 | 中国石化 | 5424.0 |  6.0  | 0.9  |   1.8   |   1.6   |
| 石油行业 | 600688 | 上海石化 | 361.5  | 42.3  | 0.3  |   0.9   |   0.6   |
| 石油行业 | 000059 | 华锦股份 | 104.3  |  9.2  | 0.1  |  -0.1   |   1.9   |
| 石油行业 | 300023 | *ST宝德  |  9.6   | 43.0  | 0.0  |   0.0   |   0.0   |
| 石油行业 | 601857 | 中国石油 |  0.0   |  6.4  | 0.0  |  -0.9   |  -0.9   |
| 石油行业 | 603353 | 和顺石油 |  32.7  | 39.6  | -0.4 |   0.9   |  -0.6   |
| 石油行业 | 603798 |  康普顿  |  20.0  | 16.3  | -0.4 |   0.4   |   2.7   |
| 石油行业 | 000554 | 泰山石油 |  27.6  | 243.3 | -0.5 |   0.3   |  -1.5   |
| 石油行业 | 300839 | 博汇股份 |  24.2  | 29.7  | -0.7 |   1.4   |   1.8   |
| 石油行业 | 002778 | 中晟高科 |  16.6  | 375.2 | -0.9 |   0.4   |   1.0   |
| 石油行业 | 002221 | 东华能源 | 136.9  | 32.1  | -1.2 |   0.0   |   0.6   |
| 石油行业 | 000698 | 沈阳化工 |  37.6  | -8.2  | -1.3 |   0.0   |   2.5   |
| 石油行业 | 000637 | 茂化实华 |  25.0  | -82.9 | -2.0 |   6.2   |   6.9   |
+----------+--------+----------+--------+-------+------+---------+---------+
