[行业>市值]
+----------+--------+----------+--------+----------+------+---------+---------+
|   行业   |  代码  |   名称   |  市值  |    pe    | 涨幅 | 3日涨幅 | 6日涨幅 |
+----------+--------+----------+--------+----------+------+---------+---------+
| 美容护理 | 300896 |  爱美客  | 1142.0 |  101.9   | -0.5 |  -0.2   |   7.8   |
| 美容护理 | 300957 |  贝泰妮  | 825.6  |  141.4   | 1.2  |   0.9   |  10.6   |
| 美容护理 | 688363 | 华熙生物 | 708.7  |   88.7   | 2.9  |   0.6   |   7.2   |
| 美容护理 | 603605 |  珀莱雅  | 453.5  |   71.6   | 1.7  |   7.2   |   8.2   |
| 美容护理 | 300888 | 稳健医疗 | 268.1  |   18.8   | 1.4  |   6.1   |   7.8   |
| 美容护理 | 600315 | 上海家化 | 235.2  |   29.5   | 0.8  |   1.6   |   5.7   |
| 美容护理 | 002511 | 中顺洁柔 | 148.9  |   27.9   | -0.3 |   3.8   |   6.7   |
| 美容护理 | 002243 | 力合科创 | 114.9  |   82.5   | 0.7  |  -0.6   |  15.0   |
| 美容护理 | 603983 | 丸美股份 |  96.0  |   36.7   | 1.4  |   4.5   |   4.5   |
| 美容护理 | 000523 | 广州浪奇 |  73.5  |  -143.1  | 1.6  |  -0.2   |  32.9   |
| 美容护理 | 300856 | 科思股份 |  60.7  |   26.2   | 0.9  |   4.7   |   4.0   |
| 美容护理 | 605009 | 豪悦护理 |  59.5  |   27.1   | -0.6 |   2.5   |   6.7   |
| 美容护理 | 000615 | 奥园美谷 |  58.0  |  -37.4   | 0.5  |  -0.8   |  -1.9   |
| 美容护理 | 300740 | 水羊股份 |  53.2  |   32.0   | 1.7  |   4.2   |   5.0   |
| 美容护理 | 003006 | 百亚股份 |  49.1  |   22.2   | -0.2 |   4.9   |   9.6   |
| 美容护理 | 301009 | 可靠股份 |  34.9  |  445.5   | -1.8 |   1.1   |   3.0   |
| 美容护理 | 603630 | 拉芳家化 |  33.6  |  -328.7  | -0.5 |  -3.6   |  -6.0   |
| 美容护理 | 002919 | 名臣健康 |  32.3  |  492.4   | -0.7 |   0.5   |   5.8   |
| 美容护理 | 300132 | 青松股份 |  31.9  |  -13.0   | -1.0 |   1.1   |   6.4   |
| 美容护理 | 600249 |  两面针  |  28.7  |  -24.3   | -0.6 |  -3.1   |   4.0   |
| 美容护理 | 001206 | 依依股份 |  28.3  |   38.6   | -1.2 |   2.0   |   4.4   |
| 美容护理 | 002094 | 青岛金王 |  24.0  |   45.4   | 0.9  |   0.9   |   3.0   |
| 美容护理 | 300955 | 嘉亨家化 |  23.9  |   35.8   | -2.2 |   5.2   |   9.8   |
| 美容护理 | 300886 | 华业香料 |  22.7  |   81.9   | -3.0 |   3.6   |   2.0   |
| 美容护理 | 300658 | 延江股份 |  20.2  |   75.6   | -0.7 |   1.2   |   3.4   |
| 美容护理 | 603238 | 诺邦股份 |  18.4  |   60.5   | -0.7 |   2.0   |   3.0   |
| 美容护理 | 603059 |  倍加洁  |  18.2  | -12079.9 | -0.7 |   1.2   |   3.3   |
| 美容护理 | 300849 | 锦盛新材 |  17.7  |  199.6   | 0.9  |   4.8   |   5.8   |
+----------+--------+----------+--------+----------+------+---------+---------+
 




 [行业>单日涨幅]
+----------+--------+----------+--------+----------+------+---------+---------+
|   行业   |  代码  |   名称   |  市值  |    pe    | 涨幅 | 3日涨幅 | 6日涨幅 |
+----------+--------+----------+--------+----------+------+---------+---------+
| 美容护理 | 688363 | 华熙生物 | 708.7  |   88.7   | 2.9  |   0.6   |   7.2   |
| 美容护理 | 300740 | 水羊股份 |  53.2  |   32.0   | 1.7  |   4.2   |   5.0   |
| 美容护理 | 603605 |  珀莱雅  | 453.5  |   71.6   | 1.7  |   7.2   |   8.2   |
| 美容护理 | 000523 | 广州浪奇 |  73.5  |  -143.1  | 1.6  |  -0.2   |  32.9   |
| 美容护理 | 603983 | 丸美股份 |  96.0  |   36.7   | 1.4  |   4.5   |   4.5   |
| 美容护理 | 300888 | 稳健医疗 | 268.1  |   18.8   | 1.4  |   6.1   |   7.8   |
| 美容护理 | 300957 |  贝泰妮  | 825.6  |  141.4   | 1.2  |   0.9   |  10.6   |
| 美容护理 | 300849 | 锦盛新材 |  17.7  |  199.6   | 0.9  |   4.8   |   5.8   |
| 美容护理 | 300856 | 科思股份 |  60.7  |   26.2   | 0.9  |   4.7   |   4.0   |
| 美容护理 | 002094 | 青岛金王 |  24.0  |   45.4   | 0.9  |   0.9   |   3.0   |
| 美容护理 | 600315 | 上海家化 | 235.2  |   29.5   | 0.8  |   1.6   |   5.7   |
| 美容护理 | 002243 | 力合科创 | 114.9  |   82.5   | 0.7  |  -0.6   |  15.0   |
| 美容护理 | 000615 | 奥园美谷 |  58.0  |  -37.4   | 0.5  |  -0.8   |  -1.9   |
| 美容护理 | 003006 | 百亚股份 |  49.1  |   22.2   | -0.2 |   4.9   |   9.6   |
| 美容护理 | 002511 | 中顺洁柔 | 148.9  |   27.9   | -0.3 |   3.8   |   6.7   |
| 美容护理 | 603630 | 拉芳家化 |  33.6  |  -328.7  | -0.5 |  -3.6   |  -6.0   |
| 美容护理 | 300896 |  爱美客  | 1142.0 |  101.9   | -0.5 |  -0.2   |   7.8   |
| 美容护理 | 600249 |  两面针  |  28.7  |  -24.3   | -0.6 |  -3.1   |   4.0   |
| 美容护理 | 605009 | 豪悦护理 |  59.5  |   27.1   | -0.6 |   2.5   |   6.7   |
| 美容护理 | 300658 | 延江股份 |  20.2  |   75.6   | -0.7 |   1.2   |   3.4   |
| 美容护理 | 002919 | 名臣健康 |  32.3  |  492.4   | -0.7 |   0.5   |   5.8   |
| 美容护理 | 603238 | 诺邦股份 |  18.4  |   60.5   | -0.7 |   2.0   |   3.0   |
| 美容护理 | 603059 |  倍加洁  |  18.2  | -12079.9 | -0.7 |   1.2   |   3.3   |
| 美容护理 | 300132 | 青松股份 |  31.9  |  -13.0   | -1.0 |   1.1   |   6.4   |
| 美容护理 | 001206 | 依依股份 |  28.3  |   38.6   | -1.2 |   2.0   |   4.4   |
| 美容护理 | 301009 | 可靠股份 |  34.9  |  445.5   | -1.8 |   1.1   |   3.0   |
| 美容护理 | 300955 | 嘉亨家化 |  23.9  |   35.8   | -2.2 |   5.2   |   9.8   |
| 美容护理 | 300886 | 华业香料 |  22.7  |   81.9   | -3.0 |   3.6   |   2.0   |
+----------+--------+----------+--------+----------+------+---------+---------+
