[行业>市值]
+----------+--------+----------+-------+--------+------+---------+---------+
|   行业   |  代码  |   名称   | 市值  |   pe   | 涨幅 | 3日涨幅 | 6日涨幅 |
+----------+--------+----------+-------+--------+------+---------+---------+
| 铁路公路 | 001965 | 招商公路 | 490.6 |  11.2  | 0.5  |  -0.2   |   3.1   |
| 铁路公路 | 600377 | 宁沪高速 | 412.6 |  13.0  | 0.7  |  -2.6   |  -1.4   |
| 铁路公路 | 600350 | 山东高速 | 283.9 |  9.9   | 2.6  |  -0.2   |   1.0   |
| 铁路公路 | 600548 |  深高速  | 205.2 |  12.4  | 0.0  |  -2.5   |  -0.7   |
| 铁路公路 | 000429 | 粤高速Ａ  | 171.9 |  10.0  | 1.1  |  -1.7   |  -0.6   |
| 铁路公路 | 603032 | 德新交运 | 150.6 |  72.6  | -1.2 |   3.2   |   3.0   |
| 铁路公路 | 600662 | 外服控股 | 143.2 |  20.7  | -1.1 |  -0.8   |  -5.3   |
| 铁路公路 | 601107 | 四川成渝 | 135.2 |  13.4  | 2.8  |   1.6   |   7.0   |
| 铁路公路 | 600012 | 皖通高速 | 126.7 |  7.8   | 0.5  |  -0.8   |   1.6   |
| 铁路公路 | 000828 | 东莞控股 | 104.2 |  15.3  | -0.3 |   0.2   |   2.4   |
| 铁路公路 | 600269 | 赣粤高速 | 83.1  |  6.3   | 0.3  |  -1.9   |  -0.8   |
| 铁路公路 | 600033 | 福建高速 | 79.3  |  8.8   | 0.7  |  -1.0   |  -0.3   |
| 铁路公路 | 600611 | 大众交通 | 74.7  |  -7.2  | 0.3  |  -0.7   |   1.2   |
| 铁路公路 | 600650 | 锦江在线 | 72.0  |  3.2   | 10.0 |   8.0   |  12.7   |
| 铁路公路 | 600020 | 中原高速 | 70.1  |  12.4  | -0.3 |  -1.9   |   0.7   |
| 铁路公路 | 603069 | 海汽集团 | 67.3  | -103.2 | 10.0 |  33.1   |  77.1   |
| 铁路公路 | 000900 | 现代投资 | 66.6  |  10.4  | -0.2 |  -2.2   |  -3.3   |
| 铁路公路 | 600620 | 天宸股份 | 65.3  | -67.4  | 1.2  |   0.4   |   4.6   |
| 铁路公路 | 000885 | 城发环境 | 61.4  |  6.8   | 0.2  |   0.3   |   1.8   |
| 铁路公路 | 000755 | 山西路桥 | 59.7  |  15.5  | -0.2 |  -3.5   |  -0.7   |
| 铁路公路 | 600106 | 重庆路桥 | 55.1  |  91.3  | 0.2  |  -0.2   |   0.7   |
| 铁路公路 | 600035 | 楚天高速 | 55.1  |  5.6   | 0.6  |  -3.9   |  -1.2   |
| 铁路公路 | 600368 | 五洲交通 | 46.3  |  6.4   | 0.7  |  -1.7   |   0.7   |
| 铁路公路 | 601188 | 龙江交通 | 44.9  |  19.0  | 5.2  |   6.9   |   7.9   |
| 铁路公路 | 002627 | 三峡旅游 | 42.4  |  74.5  | -1.4 |  -2.4   |   0.3   |
| 铁路公路 | 600834 | 申通地铁 | 42.4  |  58.3  | -0.7 |  -1.0   |   0.5   |
| 铁路公路 | 601518 | 吉林高速 | 37.4  |  11.0  | 0.4  |  -1.1   |   0.7   |
| 铁路公路 | 000548 | 湖南投资 | 23.5  |  71.5  | -1.5 |  -1.7   |  -7.8   |
| 铁路公路 | 002357 | 富临运业 | 17.0  |  9.2   | -1.6 |  -2.0   |  -0.6   |
| 铁路公路 | 600561 | 江西长运 | 15.0  | -23.4  | 0.0  |   0.0   |   2.3   |
+----------+--------+----------+-------+--------+------+---------+---------+
 




 [行业>单日涨幅]
+----------+--------+----------+-------+--------+------+---------+---------+
|   行业   |  代码  |   名称   | 市值  |   pe   | 涨幅 | 3日涨幅 | 6日涨幅 |
+----------+--------+----------+-------+--------+------+---------+---------+
| 铁路公路 | 600650 | 锦江在线 | 72.0  |  3.2   | 10.0 |   8.0   |  12.7   |
| 铁路公路 | 603069 | 海汽集团 | 67.3  | -103.2 | 10.0 |  33.1   |  77.1   |
| 铁路公路 | 601188 | 龙江交通 | 44.9  |  19.0  | 5.2  |   6.9   |   7.9   |
| 铁路公路 | 601107 | 四川成渝 | 135.2 |  13.4  | 2.8  |   1.6   |   7.0   |
| 铁路公路 | 600350 | 山东高速 | 283.9 |  9.9   | 2.6  |  -0.2   |   1.0   |
| 铁路公路 | 600620 | 天宸股份 | 65.3  | -67.4  | 1.2  |   0.4   |   4.6   |
| 铁路公路 | 000429 | 粤高速Ａ  | 171.9 |  10.0  | 1.1  |  -1.7   |  -0.6   |
| 铁路公路 | 600377 | 宁沪高速 | 412.6 |  13.0  | 0.7  |  -2.6   |  -1.4   |
| 铁路公路 | 600368 | 五洲交通 | 46.3  |  6.4   | 0.7  |  -1.7   |   0.7   |
| 铁路公路 | 600033 | 福建高速 | 79.3  |  8.8   | 0.7  |  -1.0   |  -0.3   |
| 铁路公路 | 600035 | 楚天高速 | 55.1  |  5.6   | 0.6  |  -3.9   |  -1.2   |
| 铁路公路 | 600012 | 皖通高速 | 126.7 |  7.8   | 0.5  |  -0.8   |   1.6   |
| 铁路公路 | 001965 | 招商公路 | 490.6 |  11.2  | 0.5  |  -0.2   |   3.1   |
| 铁路公路 | 601518 | 吉林高速 | 37.4  |  11.0  | 0.4  |  -1.1   |   0.7   |
| 铁路公路 | 600611 | 大众交通 | 74.7  |  -7.2  | 0.3  |  -0.7   |   1.2   |
| 铁路公路 | 600269 | 赣粤高速 | 83.1  |  6.3   | 0.3  |  -1.9   |  -0.8   |
| 铁路公路 | 600106 | 重庆路桥 | 55.1  |  91.3  | 0.2  |  -0.2   |   0.7   |
| 铁路公路 | 000885 | 城发环境 | 61.4  |  6.8   | 0.2  |   0.3   |   1.8   |
| 铁路公路 | 600548 |  深高速  | 205.2 |  12.4  | 0.0  |  -2.5   |  -0.7   |
| 铁路公路 | 600561 | 江西长运 | 15.0  | -23.4  | 0.0  |   0.0   |   2.3   |
| 铁路公路 | 000900 | 现代投资 | 66.6  |  10.4  | -0.2 |  -2.2   |  -3.3   |
| 铁路公路 | 000755 | 山西路桥 | 59.7  |  15.5  | -0.2 |  -3.5   |  -0.7   |
| 铁路公路 | 000828 | 东莞控股 | 104.2 |  15.3  | -0.3 |   0.2   |   2.4   |
| 铁路公路 | 600020 | 中原高速 | 70.1  |  12.4  | -0.3 |  -1.9   |   0.7   |
| 铁路公路 | 600834 | 申通地铁 | 42.4  |  58.3  | -0.7 |  -1.0   |   0.5   |
| 铁路公路 | 600662 | 外服控股 | 143.2 |  20.7  | -1.1 |  -0.8   |  -5.3   |
| 铁路公路 | 603032 | 德新交运 | 150.6 |  72.6  | -1.2 |   3.2   |   3.0   |
| 铁路公路 | 002627 | 三峡旅游 | 42.4  |  74.5  | -1.4 |  -2.4   |   0.3   |
| 铁路公路 | 000548 | 湖南投资 | 23.5  |  71.5  | -1.5 |  -1.7   |  -7.8   |
| 铁路公路 | 002357 | 富临运业 | 17.0  |  9.2   | -1.6 |  -2.0   |  -0.6   |
+----------+--------+----------+-------+--------+------+---------+---------+
