[行业>市值]
+------------+--------+----------+--------+-------+-------+---------+---------+
|    行业    |  代码  |   名称   |  市值  |  pe   | 涨幅  | 3日涨幅 | 6日涨幅 |
+------------+--------+----------+--------+-------+-------+---------+---------+
| 非金属材料 | 603260 | XD合盛硅 | 1040.0 | 12.7  | -2.9  |   6.8   |   5.8   |
| 非金属材料 | 300861 | 美畅股份 | 341.5  | 30.0  |  1.4  |   5.3   |   3.3   |
| 非金属材料 | 603688 | 石英股份 | 338.1  | 96.8  |  3.8  |  16.2   |  16.0   |
| 非金属材料 | 603826 | 坤彩科技 | 305.6  | 286.3 | -0.9  |   1.8   |   2.2   |
| 非金属材料 | 600516 | 方大炭素 | 276.7  | 205.2 | -1.6  |   1.4   |   5.8   |
| 非金属材料 | 688281 | 华秦科技 | 263.2  | 111.0 | -1.7  |  12.3   |  18.5   |
| 非金属材料 | 300035 | 中科电气 | 200.6  | 38.9  | -2.6  |   7.1   |  12.5   |
| 非金属材料 | 300395 |  菲利华  | 193.0  | 53.4  | -2.4  |   2.8   |   6.7   |
| 非金属材料 | 301071 | 力量钻石 | 177.4  | 43.9  | -0.3  |   5.1   |  11.9   |
| 非金属材料 | 300409 | 道氏技术 | 135.8  | 19.8  | -1.6  |   6.5   |  12.9   |
| 非金属材料 | 688733 |  壹石通  | 133.1  | 76.4  | -3.8  |   4.0   |   8.6   |
| 非金属材料 | 600172 | 黄河旋风 | 118.4  | 103.1 | -2.4  |   0.2   |   4.1   |
| 非金属材料 | 688119 |  C洛耐   | 115.9  | 74.5  | -18.8 |  103.6  |  103.6  |
| 非金属材料 | 603612 | 索通发展 | 112.0  | 17.7  | -2.8  |   7.2   |  11.9   |
| 非金属材料 | 600330 | 天通股份 | 101.3  | 23.1  | -0.2  |   5.3   |   8.0   |
| 非金属材料 | 600783 | 鲁信创投 |  98.1  | 49.9  | -0.5  |  -0.1   |   5.2   |
| 非金属材料 | 002130 | 沃尔核材 |  71.8  | 16.8  | -0.9  |   1.4   |   3.3   |
| 非金属材料 | 688357 | 建龙微纳 |  68.1  | 38.8  | -3.4  |  -0.4   |  18.3   |
| 非金属材料 | 688300 | 联瑞新材 |  67.8  | 39.7  | -4.8  |   1.6   |  13.2   |
| 非金属材料 | 001296 | 长江材料 |  26.3  | 45.8  |  2.8  |   6.7   |   3.8   |
| 非金属材料 | 300743 | 天地数码 |  15.3  | 51.9  | -1.0  |   2.0   |   3.4   |
| 非金属材料 | 300064 |  金刚退  |  9.6   | -2.2  |  6.7  |  -46.7  |  -46.7  |
+------------+--------+----------+--------+-------+-------+---------+---------+
 




 [行业>单日涨幅]
+------------+--------+----------+--------+-------+-------+---------+---------+
|    行业    |  代码  |   名称   |  市值  |  pe   | 涨幅  | 3日涨幅 | 6日涨幅 |
+------------+--------+----------+--------+-------+-------+---------+---------+
| 非金属材料 | 300064 |  金刚退  |  9.6   | -2.2  |  6.7  |  -46.7  |  -46.7  |
| 非金属材料 | 603688 | 石英股份 | 338.1  | 96.8  |  3.8  |  16.2   |  16.0   |
| 非金属材料 | 001296 | 长江材料 |  26.3  | 45.8  |  2.8  |   6.7   |   3.8   |
| 非金属材料 | 300861 | 美畅股份 | 341.5  | 30.0  |  1.4  |   5.3   |   3.3   |
| 非金属材料 | 600330 | 天通股份 | 101.3  | 23.1  | -0.2  |   5.3   |   8.0   |
| 非金属材料 | 301071 | 力量钻石 | 177.4  | 43.9  | -0.3  |   5.1   |  11.9   |
| 非金属材料 | 600783 | 鲁信创投 |  98.1  | 49.9  | -0.5  |  -0.1   |   5.2   |
| 非金属材料 | 002130 | 沃尔核材 |  71.8  | 16.8  | -0.9  |   1.4   |   3.3   |
| 非金属材料 | 603826 | 坤彩科技 | 305.6  | 286.3 | -0.9  |   1.8   |   2.2   |
| 非金属材料 | 300743 | 天地数码 |  15.3  | 51.9  | -1.0  |   2.0   |   3.4   |
| 非金属材料 | 300409 | 道氏技术 | 135.8  | 19.8  | -1.6  |   6.5   |  12.9   |
| 非金属材料 | 600516 | 方大炭素 | 276.7  | 205.2 | -1.6  |   1.4   |   5.8   |
| 非金属材料 | 688281 | 华秦科技 | 263.2  | 111.0 | -1.7  |  12.3   |  18.5   |
| 非金属材料 | 300395 |  菲利华  | 193.0  | 53.4  | -2.4  |   2.8   |   6.7   |
| 非金属材料 | 600172 | 黄河旋风 | 118.4  | 103.1 | -2.4  |   0.2   |   4.1   |
| 非金属材料 | 300035 | 中科电气 | 200.6  | 38.9  | -2.6  |   7.1   |  12.5   |
| 非金属材料 | 603612 | 索通发展 | 112.0  | 17.7  | -2.8  |   7.2   |  11.9   |
| 非金属材料 | 603260 | XD合盛硅 | 1040.0 | 12.7  | -2.9  |   6.8   |   5.8   |
| 非金属材料 | 688357 | 建龙微纳 |  68.1  | 38.8  | -3.4  |  -0.4   |  18.3   |
| 非金属材料 | 688733 |  壹石通  | 133.1  | 76.4  | -3.8  |   4.0   |   8.6   |
| 非金属材料 | 688300 | 联瑞新材 |  67.8  | 39.7  | -4.8  |   1.6   |  13.2   |
| 非金属材料 | 688119 |  C洛耐   | 115.9  | 74.5  | -18.8 |  103.6  |  103.6  |
+------------+--------+----------+--------+-------+-------+---------+---------+
