[行业>市值]
+----------+--------+----------+-------+-------+------+---------+---------+
|   行业   |  代码  |   名称   | 市值  |  pe   | 涨幅 | 3日涨幅 | 6日涨幅 |
+----------+--------+----------+-------+-------+------+---------+---------+
| 专业服务 | 300012 | 华测检测 | 373.1 | 77.8  | 0.6  |   2.6   |  -2.0   |
| 专业服务 | 003035 | 南网能源 | 250.8 | 70.1  | 4.6  |   4.8   |   1.9   |
| 专业服务 | 301080 | 百普赛斯 | 140.5 | 65.6  | 3.7  |  11.1   |  16.1   |
| 专业服务 | 688133 | 泰坦科技 | 131.0 | 168.5 | 7.0  |  18.5   |  17.7   |
| 专业服务 | 300887 | 谱尼测试 | 116.9 | 530.1 | 7.3  |  12.1   |   8.8   |
| 专业服务 | 002967 | 广电计量 | 103.8 | -32.7 | 3.0  |   2.6   |   5.4   |
| 专业服务 | 603060 | 国检集团 | 86.9  | -77.4 | 0.2  |   0.9   |   0.8   |
| 专业服务 | 300416 | 苏试试验 | 86.5  | 75.0  | 0.8  |   2.5   |  -1.1   |
| 专业服务 | 688179 |  阿拉丁  | 79.1  | 63.7  | 2.7  |   4.3   |   5.2   |
| 专业服务 | 603698 | 航天工程 | 69.5  | 94.8  | 1.0  |   0.4   |  -1.4   |
| 专业服务 | 300384 | 三联虹普 | 58.8  | 24.8  | 0.4  |  -1.9   |   2.6   |
| 专业服务 | 301166 |  优宁维  | 52.6  | 60.5  | 2.0  |   2.9   |   0.8   |
| 专业服务 | 300215 |  电科院  | 50.0  | 85.8  | 0.6  |   3.8   |   2.6   |
| 专业服务 | 002564 | 天沃科技 | 41.1  | 549.5 | 3.0  |   4.0   |  -3.3   |
| 专业服务 | 002878 | 元隆雅图 | 40.9  | 11.1  | 1.8  |   6.8   |   2.7   |
| 专业服务 | 300962 | 中金辐照 | 39.3  | 34.5  | 1.4  |   2.3   |   2.4   |
| 专业服务 | 300797 | 钢研纳克 | 33.9  | 56.9  | 0.6  |   1.8   |   2.5   |
| 专业服务 | 300572 | 安车检测 | 33.5  | 55.4  | 3.5  |   4.9   |   0.8   |
| 专业服务 | 603776 |  永安行  | 32.3  | 65.3  | 5.1  |   5.9   |   5.3   |
| 专业服务 | 301169 | 零点有数 | 31.1  | -64.6 | 5.8  |   6.7   |  17.0   |
| 专业服务 | 301257 |  普蕊斯  | 30.2  | 77.3  | 0.5  |   2.4   |   0.5   |
| 专业服务 | 300938 | 信测标准 | 28.5  | 31.8  | 1.2  |   1.3   |  -0.2   |
| 专业服务 | 603183 |  建研院  | 25.4  | -62.4 | 0.0  |   3.9   |   3.5   |
| 专业服务 | 301228 | 实朴检测 | 25.0  | -43.3 | 1.8  |   1.9   |  -0.1   |
| 专业服务 | 301289 | 国缆检测 | 20.1  | 30.0  | 0.0  |   0.0   |   0.0   |
| 专业服务 | 003008 | 开普检测 | 19.4  | 36.0  | 3.1  |   4.3   |   3.5   |
+----------+--------+----------+-------+-------+------+---------+---------+
 




 [行业>单日涨幅]
+----------+--------+----------+-------+-------+------+---------+---------+
|   行业   |  代码  |   名称   | 市值  |  pe   | 涨幅 | 3日涨幅 | 6日涨幅 |
+----------+--------+----------+-------+-------+------+---------+---------+
| 专业服务 | 300887 | 谱尼测试 | 116.9 | 530.1 | 7.3  |  12.1   |   8.8   |
| 专业服务 | 688133 | 泰坦科技 | 131.0 | 168.5 | 7.0  |  18.5   |  17.7   |
| 专业服务 | 301169 | 零点有数 | 31.1  | -64.6 | 5.8  |   6.7   |  17.0   |
| 专业服务 | 603776 |  永安行  | 32.3  | 65.3  | 5.1  |   5.9   |   5.3   |
| 专业服务 | 003035 | 南网能源 | 250.8 | 70.1  | 4.6  |   4.8   |   1.9   |
| 专业服务 | 301080 | 百普赛斯 | 140.5 | 65.6  | 3.7  |  11.1   |  16.1   |
| 专业服务 | 300572 | 安车检测 | 33.5  | 55.4  | 3.5  |   4.9   |   0.8   |
| 专业服务 | 003008 | 开普检测 | 19.4  | 36.0  | 3.1  |   4.3   |   3.5   |
| 专业服务 | 002564 | 天沃科技 | 41.1  | 549.5 | 3.0  |   4.0   |  -3.3   |
| 专业服务 | 002967 | 广电计量 | 103.8 | -32.7 | 3.0  |   2.6   |   5.4   |
| 专业服务 | 688179 |  阿拉丁  | 79.1  | 63.7  | 2.7  |   4.3   |   5.2   |
| 专业服务 | 301166 |  优宁维  | 52.6  | 60.5  | 2.0  |   2.9   |   0.8   |
| 专业服务 | 002878 | 元隆雅图 | 40.9  | 11.1  | 1.8  |   6.8   |   2.7   |
| 专业服务 | 301228 | 实朴检测 | 25.0  | -43.3 | 1.8  |   1.9   |  -0.1   |
| 专业服务 | 300962 | 中金辐照 | 39.3  | 34.5  | 1.4  |   2.3   |   2.4   |
| 专业服务 | 300938 | 信测标准 | 28.5  | 31.8  | 1.2  |   1.3   |  -0.2   |
| 专业服务 | 603698 | 航天工程 | 69.5  | 94.8  | 1.0  |   0.4   |  -1.4   |
| 专业服务 | 300416 | 苏试试验 | 86.5  | 75.0  | 0.8  |   2.5   |  -1.1   |
| 专业服务 | 300012 | 华测检测 | 373.1 | 77.8  | 0.6  |   2.6   |  -2.0   |
| 专业服务 | 300215 |  电科院  | 50.0  | 85.8  | 0.6  |   3.8   |   2.6   |
| 专业服务 | 300797 | 钢研纳克 | 33.9  | 56.9  | 0.6  |   1.8   |   2.5   |
| 专业服务 | 301257 |  普蕊斯  | 30.2  | 77.3  | 0.5  |   2.4   |   0.5   |
| 专业服务 | 300384 | 三联虹普 | 58.8  | 24.8  | 0.4  |  -1.9   |   2.6   |
| 专业服务 | 603060 | 国检集团 | 86.9  | -77.4 | 0.2  |   0.9   |   0.8   |
| 专业服务 | 603183 |  建研院  | 25.4  | -62.4 | 0.0  |   3.9   |   3.5   |
| 专业服务 | 301289 | 国缆检测 | 20.1  | 30.0  | 0.0  |   0.0   |   0.0   |
+----------+--------+----------+-------+-------+------+---------+---------+
