[行业>市值]
+------+--------+----------+--------+------+------+---------+---------+
| 行业 |  代码  |   名称   |  市值  |  pe  | 涨幅 | 3日涨幅 | 6日涨幅 |
+------+--------+----------+--------+------+------+---------+---------+
| 保险 | 601318 | XD中国平 | 8292.0 | 10.0 | -0.4 |  -1.7   |   4.4   |
| 保险 | 601628 | 中国人寿 | 8163.0 | 13.4 | 1.7  |   0.1   |  12.6   |
| 保险 | 601319 | 中国人保 | 2233.0 | 6.4  | -0.2 |  -5.8   |   4.1   |
| 保险 | 601601 | 中国太保 | 2216.0 | 10.2 | 0.6  |  -1.6   |   5.5   |
| 保险 | 601336 | 新华保险 | 967.4  | 18.0 | -0.1 |  -3.8   |   5.8   |
| 保险 | 000627 | 天茂集团 | 164.0  | 27.8 | -2.6 |   0.6   |  10.7   |
+------+--------+----------+--------+------+------+---------+---------+
 




 [行业>单日涨幅]
+------+--------+----------+--------+------+------+---------+---------+
| 行业 |  代码  |   名称   |  市值  |  pe  | 涨幅 | 3日涨幅 | 6日涨幅 |
+------+--------+----------+--------+------+------+---------+---------+
| 保险 | 601628 | 中国人寿 | 8163.0 | 13.4 | 1.7  |   0.1   |  12.6   |
| 保险 | 601601 | 中国太保 | 2216.0 | 10.2 | 0.6  |  -1.6   |   5.5   |
| 保险 | 601336 | 新华保险 | 967.4  | 18.0 | -0.1 |  -3.8   |   5.8   |
| 保险 | 601319 | 中国人保 | 2233.0 | 6.4  | -0.2 |  -5.8   |   4.1   |
| 保险 | 601318 | XD中国平 | 8292.0 | 10.0 | -0.4 |  -1.7   |   4.4   |
| 保险 | 000627 | 天茂集团 | 164.0  | 27.8 | -2.6 |   0.6   |  10.7   |
+------+--------+----------+--------+------+------+---------+---------+
