[行业>市值]
+----------+--------+----------+-------+--------+------+---------+---------+
|   行业   |  代码  |   名称   | 市值  |   pe   | 涨幅 | 3日涨幅 | 6日涨幅 |
+----------+--------+----------+-------+--------+------+---------+---------+
| 包装材料 | 002191 | 劲嘉股份 | 144.0 |  11.8  | 1.1  |   2.1   |   4.0   |
| 包装材料 | 002701 |  奥瑞金  | 136.9 |  16.6  | -1.7 |   4.3   |   7.0   |
| 包装材料 | 600210 | 紫江企业 | 93.3  |  19.2  | -0.2 |   1.3   |  -3.1   |
| 包装材料 | 601515 | 东风股份 | 85.5  |  17.6  | 0.2  |   0.0   |   3.1   |
| 包装材料 | 601968 | 宝钢包装 | 82.4  |  32.1  | -2.7 |  -1.1   |   7.4   |
| 包装材料 | 002303 |  美盈森  | 51.5  |  31.3  | 0.9  |   1.5   |   0.3   |
| 包装材料 | 002565 | 顺灏股份 | 49.6  | -429.1 | -4.9 |  -3.9   |  -4.5   |
| 包装材料 | 000812 | 陕西金叶 | 47.6  | 183.0  | 0.5  |   2.0   |  10.9   |
| 包装材料 | 301062 | 上海艾录 | 46.0  |  36.2  | 2.0  |   3.1   |   2.8   |
| 包装材料 | 002752 | 昇兴股份 | 45.3  |  24.1  | 1.5  |   3.6   |   4.0   |
| 包装材料 | 600836 | 上海易连 | 44.8  | 513.8  | -8.0 |  -3.5   |  -2.3   |
| 包装材料 | 002735 | 王子新材 | 43.9  |  26.9  | -2.7 |  -1.5   |  -12.7  |
| 包装材料 | 002228 | 合兴包装 | 42.5  |  20.3  | 0.3  |   0.0   |   0.0   |
| 包装材料 | 000659 | 珠海中富 | 40.8  | -52.4  | 1.6  |  -0.6   |  -3.1   |
| 包装材料 | 002014 | 永新股份 | 40.6  |  15.6  | 0.1  |   0.5   |   0.5   |
| 包装材料 | 002969 | 嘉美包装 | 40.1  | 171.0  | -0.7 |  -3.0   |   2.7   |
| 包装材料 | 603687 |  大胜达  | 38.5  |  39.4  | -0.5 |   1.7   |   2.0   |
| 包装材料 | 002951 | 金时科技 | 33.2  | 866.9  | 1.1  |   2.5   |   2.0   |
| 包装材料 | 002799 | 环球印务 | 29.2  |  26.6  | -0.8 |   3.2   |  -0.8   |
| 包装材料 | 300501 | 海顺新材 | 28.3  |  27.8  | 1.6  |   4.3   |   4.6   |
| 包装材料 | 002599 | 盛通股份 | 27.4  | -27.6  | 3.1  |   7.2   |  15.3   |
| 包装材料 | 002846 | 英联股份 | 19.6  | -92.0  | 1.3  |   1.5   |   1.8   |
| 包装材料 | 603022 |  新通联  | 18.0  |  56.2  | 0.1  |   2.3   |  -0.2   |
| 包装材料 | 002787 | 华源控股 | 17.5  | 136.8  | 1.6  |   2.2   |   1.6   |
| 包装材料 | 003003 | 天元股份 | 15.9  | 1369.9 | 1.0  |   0.9   |  -0.4   |
+----------+--------+----------+-------+--------+------+---------+---------+
 




 [行业>单日涨幅]
+----------+--------+----------+-------+--------+------+---------+---------+
|   行业   |  代码  |   名称   | 市值  |   pe   | 涨幅 | 3日涨幅 | 6日涨幅 |
+----------+--------+----------+-------+--------+------+---------+---------+
| 包装材料 | 002599 | 盛通股份 | 27.4  | -27.6  | 3.1  |   7.2   |  15.3   |
| 包装材料 | 301062 | 上海艾录 | 46.0  |  36.2  | 2.0  |   3.1   |   2.8   |
| 包装材料 | 002787 | 华源控股 | 17.5  | 136.8  | 1.6  |   2.2   |   1.6   |
| 包装材料 | 000659 | 珠海中富 | 40.8  | -52.4  | 1.6  |  -0.6   |  -3.1   |
| 包装材料 | 300501 | 海顺新材 | 28.3  |  27.8  | 1.6  |   4.3   |   4.6   |
| 包装材料 | 002752 | 昇兴股份 | 45.3  |  24.1  | 1.5  |   3.6   |   4.0   |
| 包装材料 | 002846 | 英联股份 | 19.6  | -92.0  | 1.3  |   1.5   |   1.8   |
| 包装材料 | 002191 | 劲嘉股份 | 144.0 |  11.8  | 1.1  |   2.1   |   4.0   |
| 包装材料 | 002951 | 金时科技 | 33.2  | 866.9  | 1.1  |   2.5   |   2.0   |
| 包装材料 | 003003 | 天元股份 | 15.9  | 1369.9 | 1.0  |   0.9   |  -0.4   |
| 包装材料 | 002303 |  美盈森  | 51.5  |  31.3  | 0.9  |   1.5   |   0.3   |
| 包装材料 | 000812 | 陕西金叶 | 47.6  | 183.0  | 0.5  |   2.0   |  10.9   |
| 包装材料 | 002228 | 合兴包装 | 42.5  |  20.3  | 0.3  |   0.0   |   0.0   |
| 包装材料 | 601515 | 东风股份 | 85.5  |  17.6  | 0.2  |   0.0   |   3.1   |
| 包装材料 | 002014 | 永新股份 | 40.6  |  15.6  | 0.1  |   0.5   |   0.5   |
| 包装材料 | 603022 |  新通联  | 18.0  |  56.2  | 0.1  |   2.3   |  -0.2   |
| 包装材料 | 600210 | 紫江企业 | 93.3  |  19.2  | -0.2 |   1.3   |  -3.1   |
| 包装材料 | 603687 |  大胜达  | 38.5  |  39.4  | -0.5 |   1.7   |   2.0   |
| 包装材料 | 002969 | 嘉美包装 | 40.1  | 171.0  | -0.7 |  -3.0   |   2.7   |
| 包装材料 | 002799 | 环球印务 | 29.2  |  26.6  | -0.8 |   3.2   |  -0.8   |
| 包装材料 | 002701 |  奥瑞金  | 136.9 |  16.6  | -1.7 |   4.3   |   7.0   |
| 包装材料 | 601968 | 宝钢包装 | 82.4  |  32.1  | -2.7 |  -1.1   |   7.4   |
| 包装材料 | 002735 | 王子新材 | 43.9  |  26.9  | -2.7 |  -1.5   |  -12.7  |
| 包装材料 | 002565 | 顺灏股份 | 49.6  | -429.1 | -4.9 |  -3.9   |  -4.5   |
| 包装材料 | 600836 | 上海易连 | 44.8  | 513.8  | -8.0 |  -3.5   |  -2.3   |
+----------+--------+----------+-------+--------+------+---------+---------+
