[行业>市值]
+----------+--------+----------+--------+-------+------+---------+---------+
|   行业   |  代码  |   名称   |  市值  |  pe   | 涨幅 | 3日涨幅 | 6日涨幅 |
+----------+--------+----------+--------+-------+------+---------+---------+
| 化纤行业 | 002493 | 荣盛石化 | 1627.0 | 13.1  | -0.9 |  -4.0   |  -1.5   |
| 化纤行业 | 600346 | 恒力石化 | 1599.0 |  9.5  | -1.1 |  -3.4   |  -1.9   |
| 化纤行业 | 000301 | 东方盛虹 | 1046.0 | 38.0  | -1.5 |  -5.0   |   1.0   |
| 化纤行业 | 601233 | 桐昆股份 | 407.0  |  6.8  | 0.3  |  -2.4   |  -2.3   |
| 化纤行业 | 000703 | 恒逸石化 | 399.3  | 13.6  | -7.0 |  -6.5   |  -4.3   |
| 化纤行业 | 002064 | 华峰化学 | 395.0  |  7.2  | -0.5 |  -2.0   |  -2.1   |
| 化纤行业 | 688295 | 中复神鹰 | 341.0  | 72.4  | -1.8 |   1.4   |   6.1   |
| 化纤行业 | 300777 | 中简科技 | 206.2  | 56.9  | 3.7  |   5.7   |   2.0   |
| 化纤行业 | 603225 |  新凤鸣  | 174.1  | 15.3  | 1.3  |  -0.1   |  -1.8   |
| 化纤行业 | 600063 | 皖维高新 | 133.7  |  8.1  | -3.2 |  -6.2   |  -8.6   |
| 化纤行业 | 000420 | 吉林化纤 | 109.5  | -55.9 | -0.6 |   3.7   |   8.6   |
| 化纤行业 | 002254 | 泰和新材 | 106.1  | 18.2  | 1.6  |   0.4   |   2.5   |
| 化纤行业 | 600810 | 神马股份 |  96.4  |  6.5  | -1.3 |  -2.5   |  -2.0   |
| 化纤行业 | 002206 | 海 利 得 |  83.5  | 17.1  | 2.4  |   3.6   |   9.8   |
| 化纤行业 | 000949 | 新乡化纤 |  54.3  | 33.1  | -0.8 |  -1.9   |  -1.3   |
| 化纤行业 | 601113 |  ST华鼎  |  49.8  | -16.3 | -0.7 |   0.5   |  -0.5   |
| 化纤行业 | 000936 | 华西股份 |  48.7  | 63.1  | -1.8 |   0.2   |   3.2   |
| 化纤行业 | 688722 |  同益中  |  39.0  | 31.9  | 0.6  |  17.9   |  16.4   |
| 化纤行业 | 002427 | *ST尤夫  |  37.1  | -5.2  | 5.0  |   4.4   |  -0.7   |
| 化纤行业 | 600527 | 江南高纤 |  36.4  | 56.9  | -0.5 |  -0.9   |  -0.9   |
| 化纤行业 | 603332 | 苏州龙杰 |  33.1  | -61.7 | -2.2 |  -2.5   |  -3.4   |
| 化纤行业 | 002172 | 澳洋健康 |  26.9  | 20.7  | 1.5  |   3.3   |   1.5   |
| 化纤行业 | 301057 | 汇隆新材 |  26.5  | 53.4  | -3.1 |  -0.5   |   2.0   |
| 化纤行业 | 000677 | 恒天海龙 |  25.8  | 41.6  | 1.4  |   0.3   |   0.7   |
| 化纤行业 | 000782 | 美达股份 |  24.5  | 30.8  | 0.7  |   0.9   |  -0.6   |
| 化纤行业 | 002998 | 优彩资源 |  23.6  | 19.8  | 1.3  |  -0.4   |  -0.6   |
| 化纤行业 | 300876 | 蒙泰高新 |  21.5  | 35.3  | 1.6  |  -0.8   |  -1.3   |
| 化纤行业 | 600889 | 南京化纤 |  17.4  | -13.8 | 1.5  |   0.2   |   0.4   |
+----------+--------+----------+--------+-------+------+---------+---------+
 




 [行业>单日涨幅]
+----------+--------+----------+--------+-------+------+---------+---------+
|   行业   |  代码  |   名称   |  市值  |  pe   | 涨幅 | 3日涨幅 | 6日涨幅 |
+----------+--------+----------+--------+-------+------+---------+---------+
| 化纤行业 | 002427 | *ST尤夫  |  37.1  | -5.2  | 5.0  |   4.4   |  -0.7   |
| 化纤行业 | 300777 | 中简科技 | 206.2  | 56.9  | 3.7  |   5.7   |   2.0   |
| 化纤行业 | 002206 | 海 利 得 |  83.5  | 17.1  | 2.4  |   3.6   |   9.8   |
| 化纤行业 | 002254 | 泰和新材 | 106.1  | 18.2  | 1.6  |   0.4   |   2.5   |
| 化纤行业 | 300876 | 蒙泰高新 |  21.5  | 35.3  | 1.6  |  -0.8   |  -1.3   |
| 化纤行业 | 600889 | 南京化纤 |  17.4  | -13.8 | 1.5  |   0.2   |   0.4   |
| 化纤行业 | 002172 | 澳洋健康 |  26.9  | 20.7  | 1.5  |   3.3   |   1.5   |
| 化纤行业 | 000677 | 恒天海龙 |  25.8  | 41.6  | 1.4  |   0.3   |   0.7   |
| 化纤行业 | 603225 |  新凤鸣  | 174.1  | 15.3  | 1.3  |  -0.1   |  -1.8   |
| 化纤行业 | 002998 | 优彩资源 |  23.6  | 19.8  | 1.3  |  -0.4   |  -0.6   |
| 化纤行业 | 000782 | 美达股份 |  24.5  | 30.8  | 0.7  |   0.9   |  -0.6   |
| 化纤行业 | 688722 |  同益中  |  39.0  | 31.9  | 0.6  |  17.9   |  16.4   |
| 化纤行业 | 601233 | 桐昆股份 | 407.0  |  6.8  | 0.3  |  -2.4   |  -2.3   |
| 化纤行业 | 600527 | 江南高纤 |  36.4  | 56.9  | -0.5 |  -0.9   |  -0.9   |
| 化纤行业 | 002064 | 华峰化学 | 395.0  |  7.2  | -0.5 |  -2.0   |  -2.1   |
| 化纤行业 | 000420 | 吉林化纤 | 109.5  | -55.9 | -0.6 |   3.7   |   8.6   |
| 化纤行业 | 601113 |  ST华鼎  |  49.8  | -16.3 | -0.7 |   0.5   |  -0.5   |
| 化纤行业 | 000949 | 新乡化纤 |  54.3  | 33.1  | -0.8 |  -1.9   |  -1.3   |
| 化纤行业 | 002493 | 荣盛石化 | 1627.0 | 13.1  | -0.9 |  -4.0   |  -1.5   |
| 化纤行业 | 600346 | 恒力石化 | 1599.0 |  9.5  | -1.1 |  -3.4   |  -1.9   |
| 化纤行业 | 600810 | 神马股份 |  96.4  |  6.5  | -1.3 |  -2.5   |  -2.0   |
| 化纤行业 | 000301 | 东方盛虹 | 1046.0 | 38.0  | -1.5 |  -5.0   |   1.0   |
| 化纤行业 | 000936 | 华西股份 |  48.7  | 63.1  | -1.8 |   0.2   |   3.2   |
| 化纤行业 | 688295 | 中复神鹰 | 341.0  | 72.4  | -1.8 |   1.4   |   6.1   |
| 化纤行业 | 603332 | 苏州龙杰 |  33.1  | -61.7 | -2.2 |  -2.5   |  -3.4   |
| 化纤行业 | 301057 | 汇隆新材 |  26.5  | 53.4  | -3.1 |  -0.5   |   2.0   |
| 化纤行业 | 600063 | 皖维高新 | 133.7  |  8.1  | -3.2 |  -6.2   |  -8.6   |
| 化纤行业 | 000703 | 恒逸石化 | 399.3  | 13.6  | -7.0 |  -6.5   |  -4.3   |
+----------+--------+----------+--------+-------+------+---------+---------+
