[行业>市值]
+----------+--------+----------+--------+-------+------+---------+---------+
|   行业   |  代码  |   名称   |  市值  |  pe   | 涨幅 | 3日涨幅 | 6日涨幅 |
+----------+--------+----------+--------+-------+------+---------+---------+
| 化肥行业 | 000792 | 盐湖股份 | 1626.0 | 11.6  | -1.3 |  -2.6   |  -6.7   |
| 化肥行业 | 600096 |  云天化  | 546.2  |  8.3  | -5.9 |  -4.9   |  -5.0   |
| 化肥行业 | 000408 | 藏格矿业 | 537.3  | 16.5  | -1.1 |   3.3   |   2.5   |
| 化肥行业 | 600141 | XD兴发集 | 455.1  |  6.6  | -5.4 |  -3.8   |  -3.7   |
| 化肥行业 | 000893 | 亚钾国际 | 275.1  | 24.5  | -3.4 |  -1.7   |  -5.2   |
| 化肥行业 | 002312 | 川发龙蟒 | 237.1  | 21.7  | -2.4 |  -0.7   |   3.7   |
| 化肥行业 | 000902 |  新洋丰  | 226.6  | 13.9  | -2.6 |  -2.9   |  -5.3   |
| 化肥行业 | 002895 | 川恒股份 | 163.7  | 39.3  | -8.4 |  -4.1   |  -14.5  |
| 化肥行业 | 002539 | 云图控股 | 160.2  |  8.6  | -4.5 |  -5.4   |  -12.2  |
| 化肥行业 | 603938 | 三孚股份 | 142.1  | 23.6  | -7.8 |  -9.1   |  -3.9   |
| 化肥行业 | 002556 | 辉隆股份 | 113.1  | 13.5  | -1.2 |  -2.8   |  -2.1   |
| 化肥行业 | 600691 | 阳煤化工 |  98.4  | 26.6  | -1.2 |  -3.7   |  -1.4   |
| 化肥行业 | 002274 | 华昌化工 |  96.8  |  9.9  | -1.4 |  -2.6   |  -7.6   |
| 化肥行业 | 002538 |  司尔特  |  89.0  | 14.4  | -4.8 |  -3.7   |   2.2   |
| 化肥行业 | 000912 |  泸天化  |  84.5  | 15.1  | -3.2 |  -5.1   |  -7.4   |
| 化肥行业 | 002588 |  史丹利  |  77.3  | 12.9  | -0.7 |  -3.0   |  -6.0   |
| 化肥行业 | 600078 | *ST澄星  |  73.4  | 27.2  | 0.8  |   1.6   |  -5.1   |
| 化肥行业 | 002470 |  ST金正  |  73.3  | -70.3 | -1.3 |  -3.5   |  -5.5   |
| 化肥行业 | 300505 |  川金诺  |  59.0  | 24.6  | -4.7 |  -2.9   |  -4.9   |
| 化肥行业 | 000731 | 四川美丰 |  55.6  |  7.8  | -2.1 |  -3.3   |  -3.1   |
| 化肥行业 | 002170 | 芭田股份 |  53.9  | 62.1  | -0.3 |   1.5   |   0.8   |
| 化肥行业 | 600470 | 六国化工 |  40.2  | 15.1  | -5.1 |  -5.1   |  -11.1  |
| 化肥行业 | 002999 | 天禾股份 |  26.1  | 46.7  | 2.0  |  -1.6   |  -9.9   |
| 化肥行业 | 300387 | 富邦股份 |  20.2  | 37.4  | 0.1  |  -0.8   |  -3.5   |
| 化肥行业 | 000611 |  天首退  |  4.4   | -13.8 | 9.7  |  32.0   |  37.4   |
+----------+--------+----------+--------+-------+------+---------+---------+
 




 [行业>单日涨幅]
+----------+--------+----------+--------+-------+------+---------+---------+
|   行业   |  代码  |   名称   |  市值  |  pe   | 涨幅 | 3日涨幅 | 6日涨幅 |
+----------+--------+----------+--------+-------+------+---------+---------+
| 化肥行业 | 000611 |  天首退  |  4.4   | -13.8 | 9.7  |  32.0   |  37.4   |
| 化肥行业 | 002999 | 天禾股份 |  26.1  | 46.7  | 2.0  |  -1.6   |  -9.9   |
| 化肥行业 | 600078 | *ST澄星  |  73.4  | 27.2  | 0.8  |   1.6   |  -5.1   |
| 化肥行业 | 300387 | 富邦股份 |  20.2  | 37.4  | 0.1  |  -0.8   |  -3.5   |
| 化肥行业 | 002170 | 芭田股份 |  53.9  | 62.1  | -0.3 |   1.5   |   0.8   |
| 化肥行业 | 002588 |  史丹利  |  77.3  | 12.9  | -0.7 |  -3.0   |  -6.0   |
| 化肥行业 | 000408 | 藏格矿业 | 537.3  | 16.5  | -1.1 |   3.3   |   2.5   |
| 化肥行业 | 600691 | 阳煤化工 |  98.4  | 26.6  | -1.2 |  -3.7   |  -1.4   |
| 化肥行业 | 002556 | 辉隆股份 | 113.1  | 13.5  | -1.2 |  -2.8   |  -2.1   |
| 化肥行业 | 000792 | 盐湖股份 | 1626.0 | 11.6  | -1.3 |  -2.6   |  -6.7   |
| 化肥行业 | 002470 |  ST金正  |  73.3  | -70.3 | -1.3 |  -3.5   |  -5.5   |
| 化肥行业 | 002274 | 华昌化工 |  96.8  |  9.9  | -1.4 |  -2.6   |  -7.6   |
| 化肥行业 | 000731 | 四川美丰 |  55.6  |  7.8  | -2.1 |  -3.3   |  -3.1   |
| 化肥行业 | 002312 | 川发龙蟒 | 237.1  | 21.7  | -2.4 |  -0.7   |   3.7   |
| 化肥行业 | 000902 |  新洋丰  | 226.6  | 13.9  | -2.6 |  -2.9   |  -5.3   |
| 化肥行业 | 000912 |  泸天化  |  84.5  | 15.1  | -3.2 |  -5.1   |  -7.4   |
| 化肥行业 | 000893 | 亚钾国际 | 275.1  | 24.5  | -3.4 |  -1.7   |  -5.2   |
| 化肥行业 | 002539 | 云图控股 | 160.2  |  8.6  | -4.5 |  -5.4   |  -12.2  |
| 化肥行业 | 300505 |  川金诺  |  59.0  | 24.6  | -4.7 |  -2.9   |  -4.9   |
| 化肥行业 | 002538 |  司尔特  |  89.0  | 14.4  | -4.8 |  -3.7   |   2.2   |
| 化肥行业 | 600470 | 六国化工 |  40.2  | 15.1  | -5.1 |  -5.1   |  -11.1  |
| 化肥行业 | 600141 | XD兴发集 | 455.1  |  6.6  | -5.4 |  -3.8   |  -3.7   |
| 化肥行业 | 600096 |  云天化  | 546.2  |  8.3  | -5.9 |  -4.9   |  -5.0   |
| 化肥行业 | 603938 | 三孚股份 | 142.1  | 23.6  | -7.8 |  -9.1   |  -3.9   |
| 化肥行业 | 002895 | 川恒股份 | 163.7  | 39.3  | -8.4 |  -4.1   |  -14.5  |
+----------+--------+----------+--------+-------+------+---------+---------+
