[行业>市值]
+----------+--------+----------+-------+--------+------+---------+---------+
|   行业   |  代码  |   名称   | 市值  |   pe   | 涨幅 | 3日涨幅 | 6日涨幅 |
+----------+--------+----------+-------+--------+------+---------+---------+
| 多元金融 | 000617 | 中油资本 | 619.5 |  9.0   | -2.0 |  -3.2   |   0.0   |
| 多元金融 | 000987 | 越秀金控 | 353.4 |  15.1  | -5.4 |   1.3   |  16.0   |
| 多元金融 | 600705 | 中航产融 | 314.0 | 685.3  | -1.1 |  -3.3   |   0.0   |
| 多元金融 | 600927 | 永安期货 | 296.8 | 227.6  | -0.1 |  -6.8   |   2.0   |
| 多元金融 | 600816 |  ST安信  | 229.7 | -12.1  | -1.9 |  -2.1   |  -3.7   |
| 多元金融 | 600390 | 五矿资本 | 223.6 |  7.9   | -2.4 |  -4.6   |  -0.6   |
| 多元金融 | 002423 | 中粮资本 | 159.2 | -11.6  | -1.3 |  -4.2   |  -2.0   |
| 多元金融 | 600901 | 江苏租赁 | 149.9 |  6.1   | -1.2 |  -3.5   |  -0.4   |
| 多元金融 | 000567 | 海德股份 | 143.6 |  28.2  | -0.6 |   0.9   |   1.2   |
| 多元金融 | 000415 | 渤海租赁 | 134.2 |  -4.5  | -1.4 |  -3.6   |   0.0   |
| 多元金融 | 000563 | 陕国投Ａ  | 124.9 |  17.7  | 0.3  |  -5.7   |   1.3   |
| 多元金融 | 600120 | 浙江东方 | 114.7 |  71.8  | -0.8 |  -2.7   |   0.5   |
| 多元金融 | 600643 | 爱建集团 | 97.2  |  8.2   | 0.3  |  -3.4   |   0.2   |
| 多元金融 | 002961 | 瑞达期货 | 77.6  |  20.4  | -1.8 |  -5.2   |   1.6   |
| 多元金融 | 000046 | 泛海控股 | 77.4  |  -2.4  | 0.0  |  -3.2   |   2.0   |
| 多元金融 | 600053 | 九鼎投资 | 73.7  |  41.5  | -2.0 |  -5.9   |  -2.5   |
| 多元金融 | 603093 | 南华期货 | 64.5  |  57.4  | -2.0 |  -6.9   |   0.0   |
| 多元金融 | 000666 | 经纬纺机 | 61.7  |  11.3  | -0.8 |  -2.7   |   0.8   |
| 多元金融 | 600318 | 新力金融 | 40.2  | 437.8  | -1.6 |  -9.2   |   2.8   |
| 多元金融 | 002647 | 仁东控股 | 38.9  | -47.2  | 0.9  |   0.9   |   2.8   |
| 多元金融 | 600830 | 香溢融通 | 26.5  |  55.3  | -0.3 |  -5.7   |  -2.8   |
| 多元金融 | 000416 | 民生控股 | 20.2  | -109.0 | -0.8 |  -5.0   |   3.8   |
| 多元金融 | 600599 |  ST熊猫  | 16.1  |  11.1  | -1.3 |  -4.8   |  -6.7   |
| 多元金融 | 300309 | *ST吉艾  | 15.3  |  -3.4  | -4.4 |  -7.0   |  -7.0   |
| 多元金融 | 600139 | *ST西源  | 15.0  | -10.2  | 5.1  |   8.1   |   7.1   |
| 多元金融 | 600093 | 退市易见 |  5.6  |  -1.2  | 0.0  |   8.7   |  25.0   |
+----------+--------+----------+-------+--------+------+---------+---------+
 




 [行业>单日涨幅]
+----------+--------+----------+-------+--------+------+---------+---------+
|   行业   |  代码  |   名称   | 市值  |   pe   | 涨幅 | 3日涨幅 | 6日涨幅 |
+----------+--------+----------+-------+--------+------+---------+---------+
| 多元金融 | 600139 | *ST西源  | 15.0  | -10.2  | 5.1  |   8.1   |   7.1   |
| 多元金融 | 002647 | 仁东控股 | 38.9  | -47.2  | 0.9  |   0.9   |   2.8   |
| 多元金融 | 600643 | 爱建集团 | 97.2  |  8.2   | 0.3  |  -3.4   |   0.2   |
| 多元金融 | 000563 | 陕国投Ａ  | 124.9 |  17.7  | 0.3  |  -5.7   |   1.3   |
| 多元金融 | 000046 | 泛海控股 | 77.4  |  -2.4  | 0.0  |  -3.2   |   2.0   |
| 多元金融 | 600093 | 退市易见 |  5.6  |  -1.2  | 0.0  |   8.7   |  25.0   |
| 多元金融 | 600927 | 永安期货 | 296.8 | 227.6  | -0.1 |  -6.8   |   2.0   |
| 多元金融 | 600830 | 香溢融通 | 26.5  |  55.3  | -0.3 |  -5.7   |  -2.8   |
| 多元金融 | 000567 | 海德股份 | 143.6 |  28.2  | -0.6 |   0.9   |   1.2   |
| 多元金融 | 600120 | 浙江东方 | 114.7 |  71.8  | -0.8 |  -2.7   |   0.5   |
| 多元金融 | 000416 | 民生控股 | 20.2  | -109.0 | -0.8 |  -5.0   |   3.8   |
| 多元金融 | 000666 | 经纬纺机 | 61.7  |  11.3  | -0.8 |  -2.7   |   0.8   |
| 多元金融 | 600705 | 中航产融 | 314.0 | 685.3  | -1.1 |  -3.3   |   0.0   |
| 多元金融 | 600901 | 江苏租赁 | 149.9 |  6.1   | -1.2 |  -3.5   |  -0.4   |
| 多元金融 | 002423 | 中粮资本 | 159.2 | -11.6  | -1.3 |  -4.2   |  -2.0   |
| 多元金融 | 600599 |  ST熊猫  | 16.1  |  11.1  | -1.3 |  -4.8   |  -6.7   |
| 多元金融 | 000415 | 渤海租赁 | 134.2 |  -4.5  | -1.4 |  -3.6   |   0.0   |
| 多元金融 | 600318 | 新力金融 | 40.2  | 437.8  | -1.6 |  -9.2   |   2.8   |
| 多元金融 | 002961 | 瑞达期货 | 77.6  |  20.4  | -1.8 |  -5.2   |   1.6   |
| 多元金融 | 600816 |  ST安信  | 229.7 | -12.1  | -1.9 |  -2.1   |  -3.7   |
| 多元金融 | 000617 | 中油资本 | 619.5 |  9.0   | -2.0 |  -3.2   |   0.0   |
| 多元金融 | 600053 | 九鼎投资 | 73.7  |  41.5  | -2.0 |  -5.9   |  -2.5   |
| 多元金融 | 603093 | 南华期货 | 64.5  |  57.4  | -2.0 |  -6.9   |   0.0   |
| 多元金融 | 600390 | 五矿资本 | 223.6 |  7.9   | -2.4 |  -4.6   |  -0.6   |
| 多元金融 | 300309 | *ST吉艾  | 15.3  |  -3.4  | -4.4 |  -7.0   |  -7.0   |
| 多元金融 | 000987 | 越秀金控 | 353.4 |  15.1  | -5.4 |   1.3   |  16.0   |
+----------+--------+----------+-------+--------+------+---------+---------+
