[行业>市值]
+----------+--------+----------+--------+--------+------+---------+---------+
|   行业   |  代码  |   名称   |  市值  |   pe   | 涨幅 | 3日涨幅 | 6日涨幅 |
+----------+--------+----------+--------+--------+------+---------+---------+
| 工程机械 | 600031 | 三一重工 | 1578.0 |  24.8  | 3.3  |   1.5   |  10.5   |
| 工程机械 | 601100 | 恒立液压 | 749.7  |  35.5  | 0.8  |  -1.9   |   7.1   |
| 工程机械 | 000157 | 中联重科 | 530.2  |  14.6  | 1.2  |  -0.7   |   2.2   |
| 工程机械 | 000425 | 徐工机械 | 423.0  |  7.5   | 0.2  |   0.6   |   2.5   |
| 工程机械 | 603338 | 浙江鼎力 | 250.7  |  32.0  | 2.1  |   0.7   |   5.6   |
| 工程机械 | 688425 | 铁建重工 | 227.7  |  15.1  | -0.2 |  -1.4   |  -0.9   |
| 工程机械 | 603638 | 艾迪精密 | 166.9  |  57.7  | 0.5  |   4.3   |   5.7   |
| 工程机械 | 000528 | 柳    工 | 127.3  |  12.5  | -0.1 |  -0.5   |   1.4   |
| 工程机械 | 603298 | 杭叉集团 | 125.7  |  16.5  | 4.6  |  10.8   |   7.4   |
| 工程机械 | 002204 | 大连重工 |  81.9  |  29.3  | 10.1 |   9.6   |   9.3   |
| 工程机械 | 600761 | 安徽合力 |  76.8  |  9.9   | 0.0  |   2.0   |   2.4   |
| 工程机械 | 605305 | 中际联合 |  75.8  |  43.0  | 2.5  |  16.9   |  11.1   |
| 工程机械 | 000680 | 山推股份 |  75.1  |  5.2   | -1.0 |   1.4   |   3.3   |
| 工程机械 | 600984 | 建设机械 |  74.5  | -34.6  | 0.4  |  -0.6   |   3.9   |
| 工程机械 | 002097 | 山河智能 |  71.2  | -36.4  | -0.1 |  -0.1   |   0.0   |
| 工程机械 | 600375 | 汉马科技 |  64.3  |  -9.9  | 0.1  |   3.7   |  23.6   |
| 工程机械 | 601226 | 华电重工 |  59.8  | -13.7  | 1.6  |   5.1   |   2.4   |
| 工程机械 | 600817 | 宇通重工 |  51.7  |  15.2  | 0.1  |   0.6   |   5.6   |
| 工程机械 | 600815 | 厦工股份 |  50.7  | -663.5 | 0.7  |   0.0   |  -0.3   |
| 工程机械 | 603611 | 诺力股份 |  48.1  |  16.6  | 10.0 |  13.5   |  13.6   |
| 工程机械 | 300718 | 长盛轴承 |  42.1  |  34.8  | 7.1  |   9.0   |  10.0   |
| 工程机械 | 605389 | 长龄液压 |  38.1  |  22.6  | 10.0 |  11.6   |  10.8   |
| 工程机械 | 301040 | 中环海陆 |  30.4  |  44.6  | 4.5  |  10.9   |   6.0   |
| 工程机械 | 002272 | 川润股份 |  24.0  |  61.7  | 0.2  |  -0.7   |  -6.2   |
| 工程机械 | 001288 | 运机集团 |  23.3  |  27.5  | 1.0  |   1.9   |   1.8   |
| 工程机械 | 300201 | *ST海伦  |  22.2  |  17.0  | 1.4  |   4.9   |   2.4   |
| 工程机械 | 300022 | 吉峰科技 |  18.7  | -223.9 | 0.6  |  -0.4   |   0.4   |
+----------+--------+----------+--------+--------+------+---------+---------+
 




 [行业>单日涨幅]
+----------+--------+----------+--------+--------+------+---------+---------+
|   行业   |  代码  |   名称   |  市值  |   pe   | 涨幅 | 3日涨幅 | 6日涨幅 |
+----------+--------+----------+--------+--------+------+---------+---------+
| 工程机械 | 002204 | 大连重工 |  81.9  |  29.3  | 10.1 |   9.6   |   9.3   |
| 工程机械 | 603611 | 诺力股份 |  48.1  |  16.6  | 10.0 |  13.5   |  13.6   |
| 工程机械 | 605389 | 长龄液压 |  38.1  |  22.6  | 10.0 |  11.6   |  10.8   |
| 工程机械 | 300718 | 长盛轴承 |  42.1  |  34.8  | 7.1  |   9.0   |  10.0   |
| 工程机械 | 603298 | 杭叉集团 | 125.7  |  16.5  | 4.6  |  10.8   |   7.4   |
| 工程机械 | 301040 | 中环海陆 |  30.4  |  44.6  | 4.5  |  10.9   |   6.0   |
| 工程机械 | 600031 | 三一重工 | 1578.0 |  24.8  | 3.3  |   1.5   |  10.5   |
| 工程机械 | 605305 | 中际联合 |  75.8  |  43.0  | 2.5  |  16.9   |  11.1   |
| 工程机械 | 603338 | 浙江鼎力 | 250.7  |  32.0  | 2.1  |   0.7   |   5.6   |
| 工程机械 | 601226 | 华电重工 |  59.8  | -13.7  | 1.6  |   5.1   |   2.4   |
| 工程机械 | 300201 | *ST海伦  |  22.2  |  17.0  | 1.4  |   4.9   |   2.4   |
| 工程机械 | 000157 | 中联重科 | 530.2  |  14.6  | 1.2  |  -0.7   |   2.2   |
| 工程机械 | 001288 | 运机集团 |  23.3  |  27.5  | 1.0  |   1.9   |   1.8   |
| 工程机械 | 601100 | 恒立液压 | 749.7  |  35.5  | 0.8  |  -1.9   |   7.1   |
| 工程机械 | 600815 | 厦工股份 |  50.7  | -663.5 | 0.7  |   0.0   |  -0.3   |
| 工程机械 | 300022 | 吉峰科技 |  18.7  | -223.9 | 0.6  |  -0.4   |   0.4   |
| 工程机械 | 603638 | 艾迪精密 | 166.9  |  57.7  | 0.5  |   4.3   |   5.7   |
| 工程机械 | 600984 | 建设机械 |  74.5  | -34.6  | 0.4  |  -0.6   |   3.9   |
| 工程机械 | 000425 | 徐工机械 | 423.0  |  7.5   | 0.2  |   0.6   |   2.5   |
| 工程机械 | 002272 | 川润股份 |  24.0  |  61.7  | 0.2  |  -0.7   |  -6.2   |
| 工程机械 | 600375 | 汉马科技 |  64.3  |  -9.9  | 0.1  |   3.7   |  23.6   |
| 工程机械 | 600817 | 宇通重工 |  51.7  |  15.2  | 0.1  |   0.6   |   5.6   |
| 工程机械 | 600761 | 安徽合力 |  76.8  |  9.9   | 0.0  |   2.0   |   2.4   |
| 工程机械 | 000528 | 柳    工 | 127.3  |  12.5  | -0.1 |  -0.5   |   1.4   |
| 工程机械 | 002097 | 山河智能 |  71.2  | -36.4  | -0.1 |  -0.1   |   0.0   |
| 工程机械 | 688425 | 铁建重工 | 227.7  |  15.1  | -0.2 |  -1.4   |  -0.9   |
| 工程机械 | 000680 | 山推股份 |  75.1  |  5.2   | -1.0 |   1.4   |   3.3   |
+----------+--------+----------+--------+--------+------+---------+---------+
