[行业>市值]
+----------+--------+----------+-------+--------+------+---------+---------+
|   行业   |  代码  |   名称   | 市值  |   pe   | 涨幅 | 3日涨幅 | 6日涨幅 |
+----------+--------+----------+-------+--------+------+---------+---------+
| 橡胶制品 | 601058 | 赛轮轮胎 | 386.3 |  30.0  | -0.1 |  11.1   |  13.6   |
| 橡胶制品 | 601966 | 玲珑轮胎 | 374.8 | -102.0 | 4.2  |  14.0   |  23.6   |
| 橡胶制品 | 000887 | 中鼎股份 | 247.2 |  24.6  | -2.2 |   3.0   |  11.2   |
| 橡胶制品 | 002984 |  森麒麟  | 215.6 |  23.1  | -1.7 |   7.4   |   9.2   |
| 橡胶制品 | 601118 | 海南橡胶 | 204.6 | -180.6 | 1.1  |   0.6   |  -1.4   |
| 橡胶制品 | 603650 | 彤程新材 | 178.1 |  61.8  | 2.4  |   3.0   |   3.3   |
| 橡胶制品 | 603033 | 三维股份 | 174.5 |  89.6  | 5.0  |   4.6   |  -2.2   |
| 橡胶制品 | 300767 | 震安科技 | 150.3 | 115.4  | -2.2 |  -1.9   |   1.3   |
| 橡胶制品 | 300587 | 天铁股份 | 117.3 |  25.3  | 1.9  |   3.5   |  10.6   |
| 橡胶制品 | 002068 | 黑猫股份 | 113.7 | -272.7 | -2.1 |   5.3   |  17.8   |
| 橡胶制品 | 601163 | 三角轮胎 | 93.7  |  40.1  | 0.1  |  -0.3   |   2.0   |
| 橡胶制品 | 600480 | 凌云股份 | 83.3  |  22.8  | -0.4 |   2.5   |   0.9   |
| 橡胶制品 | 300320 | 海达股份 | 79.7  |  49.4  | -1.5 |   0.5   |  13.6   |
| 橡胶制品 | 605183 | 确成股份 | 78.9  |  23.6  | 0.0  |   0.8   |   2.0   |
| 橡胶制品 | 000589 | 贵州轮胎 | 50.0  |  22.2  | 2.6  |   3.1   |   2.6   |
| 橡胶制品 | 601500 | 通用股份 | 47.2  | 159.0  | 0.5  |  -0.9   |  -1.1   |
| 橡胶制品 | 600182 | S*ST佳通 | 44.1  | 273.9  | 1.4  |   3.4   |  16.2   |
| 橡胶制品 | 300121 | 阳谷华泰 | 40.4  |  8.9   | -0.9 |  -0.9   |   2.9   |
| 橡胶制品 | 300547 | 川环科技 | 35.3  |  42.0  | 1.8  |   6.1   |  12.2   |
| 橡胶制品 | 000599 | 青岛双星 | 34.5  |  -5.9  | 2.9  |  -0.9   |  -13.7  |
| 橡胶制品 | 600469 | 风神股份 | 34.1  | -20.7  | 0.2  |  -7.9   |  -14.0  |
| 橡胶制品 | 002224 | 三 力 士 | 33.1  | -152.9 | 0.2  |   0.2   |   0.2   |
| 橡胶制品 | 002753 | 永东股份 | 31.3  |  74.1  | 10.0 |  10.2   |  10.3   |
| 橡胶制品 | 300731 | 科创新源 | 30.1  | -67.5  | 20.0 |  44.7   |  42.7   |
| 橡胶制品 | 001207 | 联科科技 | 30.1  |  31.6  | 0.1  |   1.7   |   2.2   |
| 橡胶制品 | 002442 | 龙星化工 | 26.9  |  58.9  | 2.6  |   2.4   |   3.8   |
| 橡胶制品 | 002381 | 双箭股份 | 25.6  |  19.7  | 0.5  |   0.2   |   0.7   |
| 橡胶制品 | 301233 | 盛帮股份 |  0.0  |  0.0   | 0.0  |   0.0   |   0.0   |
+----------+--------+----------+-------+--------+------+---------+---------+
 




 [行业>单日涨幅]
+----------+--------+----------+-------+--------+------+---------+---------+
|   行业   |  代码  |   名称   | 市值  |   pe   | 涨幅 | 3日涨幅 | 6日涨幅 |
+----------+--------+----------+-------+--------+------+---------+---------+
| 橡胶制品 | 300731 | 科创新源 | 30.1  | -67.5  | 20.0 |  44.7   |  42.7   |
| 橡胶制品 | 002753 | 永东股份 | 31.3  |  74.1  | 10.0 |  10.2   |  10.3   |
| 橡胶制品 | 603033 | 三维股份 | 174.5 |  89.6  | 5.0  |   4.6   |  -2.2   |
| 橡胶制品 | 601966 | 玲珑轮胎 | 374.8 | -102.0 | 4.2  |  14.0   |  23.6   |
| 橡胶制品 | 000599 | 青岛双星 | 34.5  |  -5.9  | 2.9  |  -0.9   |  -13.7  |
| 橡胶制品 | 002442 | 龙星化工 | 26.9  |  58.9  | 2.6  |   2.4   |   3.8   |
| 橡胶制品 | 000589 | 贵州轮胎 | 50.0  |  22.2  | 2.6  |   3.1   |   2.6   |
| 橡胶制品 | 603650 | 彤程新材 | 178.1 |  61.8  | 2.4  |   3.0   |   3.3   |
| 橡胶制品 | 300587 | 天铁股份 | 117.3 |  25.3  | 1.9  |   3.5   |  10.6   |
| 橡胶制品 | 300547 | 川环科技 | 35.3  |  42.0  | 1.8  |   6.1   |  12.2   |
| 橡胶制品 | 600182 | S*ST佳通 | 44.1  | 273.9  | 1.4  |   3.4   |  16.2   |
| 橡胶制品 | 601118 | 海南橡胶 | 204.6 | -180.6 | 1.1  |   0.6   |  -1.4   |
| 橡胶制品 | 002381 | 双箭股份 | 25.6  |  19.7  | 0.5  |   0.2   |   0.7   |
| 橡胶制品 | 601500 | 通用股份 | 47.2  | 159.0  | 0.5  |  -0.9   |  -1.1   |
| 橡胶制品 | 002224 | 三 力 士 | 33.1  | -152.9 | 0.2  |   0.2   |   0.2   |
| 橡胶制品 | 600469 | 风神股份 | 34.1  | -20.7  | 0.2  |  -7.9   |  -14.0  |
| 橡胶制品 | 001207 | 联科科技 | 30.1  |  31.6  | 0.1  |   1.7   |   2.2   |
| 橡胶制品 | 601163 | 三角轮胎 | 93.7  |  40.1  | 0.1  |  -0.3   |   2.0   |
| 橡胶制品 | 605183 | 确成股份 | 78.9  |  23.6  | 0.0  |   0.8   |   2.0   |
| 橡胶制品 | 301233 | 盛帮股份 |  0.0  |  0.0   | 0.0  |   0.0   |   0.0   |
| 橡胶制品 | 601058 | 赛轮轮胎 | 386.3 |  30.0  | -0.1 |  11.1   |  13.6   |
| 橡胶制品 | 600480 | 凌云股份 | 83.3  |  22.8  | -0.4 |   2.5   |   0.9   |
| 橡胶制品 | 300121 | 阳谷华泰 | 40.4  |  8.9   | -0.9 |  -0.9   |   2.9   |
| 橡胶制品 | 300320 | 海达股份 | 79.7  |  49.4  | -1.5 |   0.5   |  13.6   |
| 橡胶制品 | 002984 |  森麒麟  | 215.6 |  23.1  | -1.7 |   7.4   |   9.2   |
| 橡胶制品 | 002068 | 黑猫股份 | 113.7 | -272.7 | -2.1 |   5.3   |  17.8   |
| 橡胶制品 | 300767 | 震安科技 | 150.3 | 115.4  | -2.2 |  -1.9   |   1.3   |
| 橡胶制品 | 000887 | 中鼎股份 | 247.2 |  24.6  | -2.2 |   3.0   |  11.2   |
+----------+--------+----------+-------+--------+------+---------+---------+
