[行业>市值]
+----------+--------+----------+--------+-------+------+---------+---------+
|   行业   |  代码  |   名称   |  市值  |  pe   | 涨幅 | 3日涨幅 | 6日涨幅 |
+----------+--------+----------+--------+-------+------+---------+---------+
| 汽车整车 | 002594 |  比亚迪  | 9961.0 | 308.1 | 1.2  |   2.1   |  -1.9   |
| 汽车整车 | 601633 | 长城汽车 | 3606.0 | 55.2  | -0.4 |  -1.3   |   6.6   |
| 汽车整车 | 600104 | 上汽集团 | 2095.0 |  9.5  | 0.2  |  -1.8   |   2.2   |
| 汽车整车 | 601238 | 广汽集团 | 1789.0 | 14.9  | -0.6 |  -1.1   |   6.3   |
| 汽车整车 | 000625 | 长安汽车 | 1461.0 |  8.1  | 1.2  |   2.8   |  22.7   |
| 汽车整车 | 601127 | 小康股份 | 979.3  | -29.2 | -3.2 |   7.9   |   0.7   |
| 汽车整车 | 000800 | 一汽解放 | 452.8  | 25.0  | -3.0 |  -5.4   |  15.8   |
| 汽车整车 | 600733 | 北汽蓝谷 | 394.4  | -10.3 | 0.0  |   2.0   |  15.3   |
| 汽车整车 | 600418 | 江淮汽车 | 296.8  | -25.6 | 0.4  |  -2.6   |  10.7   |
| 汽车整车 | 601777 | 力帆科技 | 243.0  | 119.5 | 3.0  |   2.7   |   4.0   |
| 汽车整车 | 301039 | 中集车辆 | 207.8  | 41.7  | -1.5 |  -2.0   |  -0.3   |
| 汽车整车 | 000980 |  ST众泰  | 186.5  | -29.8 | -3.2 |  -3.9   |   1.1   |
| 汽车整车 | 600166 | 福田汽车 | 181.5  | 33.5  | -0.7 |  -2.1   |   3.0   |
| 汽车整车 | 600066 | 宇通客车 | 180.7  | -39.0 | 0.0  |  -1.9   |   1.4   |
| 汽车整车 | 600006 | 东风汽车 | 156.2  | 32.9  | -1.6 |  -6.0   |  -5.9   |
| 汽车整车 | 000951 | 中国重汽 | 149.7  | 30.2  | 1.9  |  -0.5   |   4.5   |
| 汽车整车 | 000550 | 江铃汽车 | 132.6  | 17.1  | -0.6 |  -3.0   |   1.2   |
| 汽车整车 | 000957 | 中通客车 | 123.8  | -87.7 | 10.0 |  18.2   |  32.1   |
| 汽车整车 | 000572 | 海马汽车 | 101.8  | -41.8 | 0.3  |  -1.4   |  -1.6   |
| 汽车整车 | 600686 | 金龙汽车 |  46.4  | 299.2 | 0.9  |   0.0   |   4.0   |
| 汽车整车 | 000868 | 安凯客车 |  38.5  | -24.1 | 0.4  |  -0.2   |   1.2   |
| 汽车整车 | 600213 | 亚星客车 |  24.2  | -13.9 | -0.3 |   1.7   |   2.0   |
| 汽车整车 | 600303 |  ST曙光  |  22.6  | -17.3 | 2.8  |   1.2   |   0.3   |
+----------+--------+----------+--------+-------+------+---------+---------+
 




 [行业>单日涨幅]
+----------+--------+----------+--------+-------+------+---------+---------+
|   行业   |  代码  |   名称   |  市值  |  pe   | 涨幅 | 3日涨幅 | 6日涨幅 |
+----------+--------+----------+--------+-------+------+---------+---------+
| 汽车整车 | 000957 | 中通客车 | 123.8  | -87.7 | 10.0 |  18.2   |  32.1   |
| 汽车整车 | 601777 | 力帆科技 | 243.0  | 119.5 | 3.0  |   2.7   |   4.0   |
| 汽车整车 | 600303 |  ST曙光  |  22.6  | -17.3 | 2.8  |   1.2   |   0.3   |
| 汽车整车 | 000951 | 中国重汽 | 149.7  | 30.2  | 1.9  |  -0.5   |   4.5   |
| 汽车整车 | 002594 |  比亚迪  | 9961.0 | 308.1 | 1.2  |   2.1   |  -1.9   |
| 汽车整车 | 000625 | 长安汽车 | 1461.0 |  8.1  | 1.2  |   2.8   |  22.7   |
| 汽车整车 | 600686 | 金龙汽车 |  46.4  | 299.2 | 0.9  |   0.0   |   4.0   |
| 汽车整车 | 000868 | 安凯客车 |  38.5  | -24.1 | 0.4  |  -0.2   |   1.2   |
| 汽车整车 | 600418 | 江淮汽车 | 296.8  | -25.6 | 0.4  |  -2.6   |  10.7   |
| 汽车整车 | 000572 | 海马汽车 | 101.8  | -41.8 | 0.3  |  -1.4   |  -1.6   |
| 汽车整车 | 600104 | 上汽集团 | 2095.0 |  9.5  | 0.2  |  -1.8   |   2.2   |
| 汽车整车 | 600733 | 北汽蓝谷 | 394.4  | -10.3 | 0.0  |   2.0   |  15.3   |
| 汽车整车 | 600066 | 宇通客车 | 180.7  | -39.0 | 0.0  |  -1.9   |   1.4   |
| 汽车整车 | 600213 | 亚星客车 |  24.2  | -13.9 | -0.3 |   1.7   |   2.0   |
| 汽车整车 | 601633 | 长城汽车 | 3606.0 | 55.2  | -0.4 |  -1.3   |   6.6   |
| 汽车整车 | 000550 | 江铃汽车 | 132.6  | 17.1  | -0.6 |  -3.0   |   1.2   |
| 汽车整车 | 601238 | 广汽集团 | 1789.0 | 14.9  | -0.6 |  -1.1   |   6.3   |
| 汽车整车 | 600166 | 福田汽车 | 181.5  | 33.5  | -0.7 |  -2.1   |   3.0   |
| 汽车整车 | 301039 | 中集车辆 | 207.8  | 41.7  | -1.5 |  -2.0   |  -0.3   |
| 汽车整车 | 600006 | 东风汽车 | 156.2  | 32.9  | -1.6 |  -6.0   |  -5.9   |
| 汽车整车 | 000800 | 一汽解放 | 452.8  | 25.0  | -3.0 |  -5.4   |  15.8   |
| 汽车整车 | 000980 |  ST众泰  | 186.5  | -29.8 | -3.2 |  -3.9   |   1.1   |
| 汽车整车 | 601127 | 小康股份 | 979.3  | -29.2 | -3.2 |   7.9   |   0.7   |
+----------+--------+----------+--------+-------+------+---------+---------+
