[行业>市值]
+------------+--------+----------+-------+--------+------+---------+---------+
|    行业    |  代码  |   名称   | 市值  |   pe   | 涨幅 | 3日涨幅 | 6日涨幅 |
+------------+--------+----------+-------+--------+------+---------+---------+
| 电子化学品 | 002643 | 万润股份 | 189.4 |  20.3  | 2.2  |   3.4   |   6.0   |
| 电子化学品 | 300054 | 鼎龙股份 | 179.2 |  62.8  | 0.0  |   1.7   |  -2.1   |
| 电子化学品 | 300346 | 南大光电 | 174.9 |  54.2  | 0.7  |   3.4   |   4.7   |
| 电子化学品 | 688019 | 安集科技 | 160.0 | 101.0  | -2.7 |   5.1   |  -2.8   |
| 电子化学品 | 300398 | 飞凯材料 | 118.2 |  21.3  | 2.1  |   4.3   |   6.2   |
| 电子化学品 | 300655 | 晶瑞电材 | 101.5 |  79.3  | -0.1 |   0.8   |   3.3   |
| 电子化学品 | 300236 | 上海新阳 | 98.6  | -181.2 | -1.1 |   3.9   |   4.1   |
| 电子化学品 | 688106 | 金宏气体 | 94.1  |  60.6  | -0.4 |   1.6   |   0.4   |
| 电子化学品 | 688268 | 华特气体 | 83.9  |  53.5  | 0.4  |   2.6   |  -1.5   |
| 电子化学品 | 002741 | 光华科技 | 71.1  |  50.4  | 3.2  |   5.0   |   5.8   |
| 电子化学品 | 688550 | 瑞联新材 | 69.5  |  21.8  | -2.3 |  -4.0   |  -1.9   |
| 电子化学品 | 300481 | 濮阳惠成 | 68.7  |  20.5  | -1.3 |   0.4   |   2.1   |
| 电子化学品 | 603078 |  江化微  | 68.4  |  51.8  | 1.9  |  11.3   |   7.7   |
| 电子化学品 | 300576 | 容大感光 | 56.3  | 136.1  | 0.7  |   4.2   |   6.8   |
| 电子化学品 | 300429 | 强力新材 | 47.2  |  47.2  | 1.1  |   2.9   |   3.4   |
| 电子化学品 | 002584 | 西陇科学 | 45.1  |  13.4  | 1.9  |   2.3   |   1.7   |
| 电子化学品 | 603931 |  格林达  | 39.3  |  24.9  | 1.2  |   3.0   |   1.7   |
| 电子化学品 | 688359 | 三孚新科 | 35.6  | -149.7 | -2.5 |   1.4   |   2.4   |
| 电子化学品 | 300446 | 乐凯新材 | 25.0  | 393.9  | -0.1 |   0.8   |  -7.1   |
| 电子化学品 | 300537 | 广信材料 | 22.1  | -48.0  | 1.1  |   2.8   |   3.5   |
| 电子化学品 | 300637 | 扬帆新材 | 17.0  |  36.5  | 1.5  |   2.1   |   1.8   |
+------------+--------+----------+-------+--------+------+---------+---------+
 




 [行业>单日涨幅]
+------------+--------+----------+-------+--------+------+---------+---------+
|    行业    |  代码  |   名称   | 市值  |   pe   | 涨幅 | 3日涨幅 | 6日涨幅 |
+------------+--------+----------+-------+--------+------+---------+---------+
| 电子化学品 | 002741 | 光华科技 | 71.1  |  50.4  | 3.2  |   5.0   |   5.8   |
| 电子化学品 | 002643 | 万润股份 | 189.4 |  20.3  | 2.2  |   3.4   |   6.0   |
| 电子化学品 | 300398 | 飞凯材料 | 118.2 |  21.3  | 2.1  |   4.3   |   6.2   |
| 电子化学品 | 603078 |  江化微  | 68.4  |  51.8  | 1.9  |  11.3   |   7.7   |
| 电子化学品 | 002584 | 西陇科学 | 45.1  |  13.4  | 1.9  |   2.3   |   1.7   |
| 电子化学品 | 300637 | 扬帆新材 | 17.0  |  36.5  | 1.5  |   2.1   |   1.8   |
| 电子化学品 | 603931 |  格林达  | 39.3  |  24.9  | 1.2  |   3.0   |   1.7   |
| 电子化学品 | 300429 | 强力新材 | 47.2  |  47.2  | 1.1  |   2.9   |   3.4   |
| 电子化学品 | 300537 | 广信材料 | 22.1  | -48.0  | 1.1  |   2.8   |   3.5   |
| 电子化学品 | 300576 | 容大感光 | 56.3  | 136.1  | 0.7  |   4.2   |   6.8   |
| 电子化学品 | 300346 | 南大光电 | 174.9 |  54.2  | 0.7  |   3.4   |   4.7   |
| 电子化学品 | 688268 | 华特气体 | 83.9  |  53.5  | 0.4  |   2.6   |  -1.5   |
| 电子化学品 | 300054 | 鼎龙股份 | 179.2 |  62.8  | 0.0  |   1.7   |  -2.1   |
| 电子化学品 | 300446 | 乐凯新材 | 25.0  | 393.9  | -0.1 |   0.8   |  -7.1   |
| 电子化学品 | 300655 | 晶瑞电材 | 101.5 |  79.3  | -0.1 |   0.8   |   3.3   |
| 电子化学品 | 688106 | 金宏气体 | 94.1  |  60.6  | -0.4 |   1.6   |   0.4   |
| 电子化学品 | 300236 | 上海新阳 | 98.6  | -181.2 | -1.1 |   3.9   |   4.1   |
| 电子化学品 | 300481 | 濮阳惠成 | 68.7  |  20.5  | -1.3 |   0.4   |   2.1   |
| 电子化学品 | 688550 | 瑞联新材 | 69.5  |  21.8  | -2.3 |  -4.0   |  -1.9   |
| 电子化学品 | 688359 | 三孚新科 | 35.6  | -149.7 | -2.5 |   1.4   |   2.4   |
| 电子化学品 | 688019 | 安集科技 | 160.0 | 101.0  | -2.7 |   5.1   |  -2.8   |
+------------+--------+----------+-------+--------+------+---------+---------+
