[行业>市值]
+------+--------+----------+-------+-------+------+---------+---------+
| 行业 |  代码  |   名称   | 市值  |  pe   | 涨幅 | 3日涨幅 | 6日涨幅 |
+------+--------+----------+-------+-------+------+---------+---------+
| 电机 | 002176 | 江特电机 | 448.4 | 16.8  | 1.7  |  10.0   |  10.3   |
| 电机 | 603489 | 八方股份 | 248.8 | 34.6  | -0.1 |   1.9   |   5.0   |
| 电机 | 600580 | 卧龙电驱 | 180.2 | 22.8  | 1.6  |   4.2   |   4.7   |
| 电机 | 002249 | 大洋电机 | 146.4 | 24.9  | 2.5  |   5.1   |   6.5   |
| 电机 | 003021 | 兆威机电 | 84.6  | 93.2  | 2.1  |   9.9   |  23.2   |
| 电机 | 300660 | 江苏雷利 | 73.7  | 26.6  | 20.0 |  47.8   |  44.6   |
| 电机 | 603728 | 鸣志电器 | 69.3  | 44.3  | 5.2  |  13.4   |  11.9   |
| 电机 | 002801 | 微光股份 | 62.3  | 20.1  | 1.2  |   2.6   |  -0.6   |
| 电机 | 000922 | 佳电股份 | 50.5  | 16.8  | 3.7  |   5.2   |  -2.3   |
| 电机 | 002196 | 方正电机 | 49.2  | 206.2 | 0.7  |   2.4   |   6.8   |
| 电机 | 603819 | 神力股份 | 41.2  | 35.9  | 0.0  |   4.0   |  22.2   |
| 电机 | 002892 |  科力尔  | 39.9  | 62.5  | -1.4 |  12.9   |  12.2   |
| 电机 | 002823 | 凯中精密 | 28.6  | 35.7  | 4.3  |  10.0   |   9.7   |
| 电机 | 603988 | 中电电机 | 26.4  | 49.2  | 6.0  |   2.5   |   4.7   |
| 电机 | 301226 | 祥明智能 | 24.3  | 40.2  | 0.5  |   6.0   |   4.2   |
| 电机 | 002576 | 通达动力 | 24.2  | 59.9  | 10.0 |  21.4   |  23.9   |
| 电机 | 301023 | 江南奕帆 | 22.6  | 27.8  | 3.0  |   5.2   |   2.9   |
| 电机 | 300907 | 康平科技 | 19.6  | 95.0  | 3.1  |   5.9   |   5.2   |
| 电机 | 688395 | 正弦电气 | 16.9  | 29.5  | -0.5 |   2.1   |  -0.6   |
| 电机 | 300626 | 华瑞股份 | 15.9  | 61.8  | 2.8  |   3.9   |   0.7   |
| 电机 | 603320 | 迪贝电气 | 15.5  | 31.8  | 1.1  |   3.1   |   3.0   |
+------+--------+----------+-------+-------+------+---------+---------+
 




 [行业>单日涨幅]
+------+--------+----------+-------+-------+------+---------+---------+
| 行业 |  代码  |   名称   | 市值  |  pe   | 涨幅 | 3日涨幅 | 6日涨幅 |
+------+--------+----------+-------+-------+------+---------+---------+
| 电机 | 300660 | 江苏雷利 | 73.7  | 26.6  | 20.0 |  47.8   |  44.6   |
| 电机 | 002576 | 通达动力 | 24.2  | 59.9  | 10.0 |  21.4   |  23.9   |
| 电机 | 603988 | 中电电机 | 26.4  | 49.2  | 6.0  |   2.5   |   4.7   |
| 电机 | 603728 | 鸣志电器 | 69.3  | 44.3  | 5.2  |  13.4   |  11.9   |
| 电机 | 002823 | 凯中精密 | 28.6  | 35.7  | 4.3  |  10.0   |   9.7   |
| 电机 | 000922 | 佳电股份 | 50.5  | 16.8  | 3.7  |   5.2   |  -2.3   |
| 电机 | 300907 | 康平科技 | 19.6  | 95.0  | 3.1  |   5.9   |   5.2   |
| 电机 | 301023 | 江南奕帆 | 22.6  | 27.8  | 3.0  |   5.2   |   2.9   |
| 电机 | 300626 | 华瑞股份 | 15.9  | 61.8  | 2.8  |   3.9   |   0.7   |
| 电机 | 002249 | 大洋电机 | 146.4 | 24.9  | 2.5  |   5.1   |   6.5   |
| 电机 | 003021 | 兆威机电 | 84.6  | 93.2  | 2.1  |   9.9   |  23.2   |
| 电机 | 002176 | 江特电机 | 448.4 | 16.8  | 1.7  |  10.0   |  10.3   |
| 电机 | 600580 | 卧龙电驱 | 180.2 | 22.8  | 1.6  |   4.2   |   4.7   |
| 电机 | 002801 | 微光股份 | 62.3  | 20.1  | 1.2  |   2.6   |  -0.6   |
| 电机 | 603320 | 迪贝电气 | 15.5  | 31.8  | 1.1  |   3.1   |   3.0   |
| 电机 | 002196 | 方正电机 | 49.2  | 206.2 | 0.7  |   2.4   |   6.8   |
| 电机 | 301226 | 祥明智能 | 24.3  | 40.2  | 0.5  |   6.0   |   4.2   |
| 电机 | 603819 | 神力股份 | 41.2  | 35.9  | 0.0  |   4.0   |  22.2   |
| 电机 | 603489 | 八方股份 | 248.8 | 34.6  | -0.1 |   1.9   |   5.0   |
| 电机 | 688395 | 正弦电气 | 16.9  | 29.5  | -0.5 |   2.1   |  -0.6   |
| 电机 | 002892 |  科力尔  | 39.9  | 62.5  | -1.4 |  12.9   |  12.2   |
+------+--------+----------+-------+-------+------+---------+---------+
