[行业>市值]
+----------+--------+----------+-------+--------+------+---------+---------+
|   行业   |  代码  |   名称   | 市值  |   pe   | 涨幅 | 3日涨幅 | 6日涨幅 |
+----------+--------+----------+-------+--------+------+---------+---------+
| 电源设备 | 601727 | 上海电气 | 648.1 | 1281.9 | 2.2  |   1.2   |   0.7   |
| 电源设备 | 600875 | 东方电气 | 532.1 |  14.4  | 4.7  |   7.6   |  13.3   |
| 电源设备 | 300376 |  易事特  | 179.7 |  45.5  | 1.8  |   3.9   |   0.1   |
| 电源设备 | 002518 |  科士达  | 172.3 |  79.4  | 8.6  |  15.0   |  31.5   |
| 电源设备 | 300593 |  新雷能  | 148.2 |  42.7  | 2.9  |   4.3   |  -1.5   |
| 电源设备 | 002851 | 麦格米特 | 130.0 |  44.2  | 4.5  |   5.3   |  26.2   |
| 电源设备 | 002335 | 科华数据 | 129.9 |  33.1  | 7.8  |   7.8   |   7.6   |
| 电源设备 | 002534 | 西子洁能 | 115.2 |  71.7  | 4.3  |  11.8   |   7.2   |
| 电源设备 | 300820 | 英杰电气 | 98.9  |  45.8  | 1.8  |   9.0   |   8.2   |
| 电源设备 | 002665 | 首航高科 | 79.7  | -37.0  | 1.6  |   1.9   |  -0.9   |
| 电源设备 | 600475 | 华光环能 | 76.7  |  9.3   | 1.5  |   0.5   |  -3.5   |
| 电源设备 | 300693 | 盛弘股份 | 58.7  |  63.9  | 3.5  |  12.5   |  13.9   |
| 电源设备 | 300870 |  欧陆通  | 47.9  | -40.7  | 12.7 |  15.6   |  12.7   |
| 电源设备 | 002255 | 海陆重工 | 44.5  |  34.1  | -0.4 |   1.9   |  -4.0   |
| 电源设备 | 002364 | 中恒电气 | 42.2  | 185.6  | 2.5  |   3.2   |   1.5   |
| 电源设备 | 002630 | 华西能源 | 38.7  |  -6.3  | -8.6 |  -14.4  |  -22.3  |
| 电源设备 | 002227 | 奥 特 迅 | 36.2  | -104.8 | 10.0 |  10.3   |   9.5   |
| 电源设备 | 002366 | *ST海核  | 34.9  | -28.3  | -1.9 |   0.0   |  -0.5   |
| 电源设备 | 688551 |  科威尔  | 33.0  | 110.6  | 0.9  |   8.2   |   3.4   |
| 电源设备 | 600405 |  动力源  | 31.9  | -41.7  | 5.9  |   5.5   |   5.7   |
| 电源设备 | 300105 | 龙源技术 | 31.7  | -108.4 | 4.8  |   7.8   |   1.9   |
| 电源设备 | 300153 | 科泰电源 | 28.0  | 149.0  | 3.3  |   5.7   |   5.6   |
| 电源设备 | 300491 | 通合科技 | 24.4  | -73.8  | 2.5  |   2.8   |   1.4   |
| 电源设备 | 300713 |  英可瑞  | 22.6  | 339.6  | 4.0  |   7.4   |   7.1   |
| 电源设备 | 600202 |  哈空调  | 20.9  |  88.4  | 0.7  |  -0.6   |  -4.7   |
+----------+--------+----------+-------+--------+------+---------+---------+
 




 [行业>单日涨幅]
+----------+--------+----------+-------+--------+------+---------+---------+
|   行业   |  代码  |   名称   | 市值  |   pe   | 涨幅 | 3日涨幅 | 6日涨幅 |
+----------+--------+----------+-------+--------+------+---------+---------+
| 电源设备 | 300870 |  欧陆通  | 47.9  | -40.7  | 12.7 |  15.6   |  12.7   |
| 电源设备 | 002227 | 奥 特 迅 | 36.2  | -104.8 | 10.0 |  10.3   |   9.5   |
| 电源设备 | 002518 |  科士达  | 172.3 |  79.4  | 8.6  |  15.0   |  31.5   |
| 电源设备 | 002335 | 科华数据 | 129.9 |  33.1  | 7.8  |   7.8   |   7.6   |
| 电源设备 | 600405 |  动力源  | 31.9  | -41.7  | 5.9  |   5.5   |   5.7   |
| 电源设备 | 300105 | 龙源技术 | 31.7  | -108.4 | 4.8  |   7.8   |   1.9   |
| 电源设备 | 600875 | 东方电气 | 532.1 |  14.4  | 4.7  |   7.6   |  13.3   |
| 电源设备 | 002851 | 麦格米特 | 130.0 |  44.2  | 4.5  |   5.3   |  26.2   |
| 电源设备 | 002534 | 西子洁能 | 115.2 |  71.7  | 4.3  |  11.8   |   7.2   |
| 电源设备 | 300713 |  英可瑞  | 22.6  | 339.6  | 4.0  |   7.4   |   7.1   |
| 电源设备 | 300693 | 盛弘股份 | 58.7  |  63.9  | 3.5  |  12.5   |  13.9   |
| 电源设备 | 300153 | 科泰电源 | 28.0  | 149.0  | 3.3  |   5.7   |   5.6   |
| 电源设备 | 300593 |  新雷能  | 148.2 |  42.7  | 2.9  |   4.3   |  -1.5   |
| 电源设备 | 300491 | 通合科技 | 24.4  | -73.8  | 2.5  |   2.8   |   1.4   |
| 电源设备 | 002364 | 中恒电气 | 42.2  | 185.6  | 2.5  |   3.2   |   1.5   |
| 电源设备 | 601727 | 上海电气 | 648.1 | 1281.9 | 2.2  |   1.2   |   0.7   |
| 电源设备 | 300376 |  易事特  | 179.7 |  45.5  | 1.8  |   3.9   |   0.1   |
| 电源设备 | 300820 | 英杰电气 | 98.9  |  45.8  | 1.8  |   9.0   |   8.2   |
| 电源设备 | 002665 | 首航高科 | 79.7  | -37.0  | 1.6  |   1.9   |  -0.9   |
| 电源设备 | 600475 | 华光环能 | 76.7  |  9.3   | 1.5  |   0.5   |  -3.5   |
| 电源设备 | 688551 |  科威尔  | 33.0  | 110.6  | 0.9  |   8.2   |   3.4   |
| 电源设备 | 600202 |  哈空调  | 20.9  |  88.4  | 0.7  |  -0.6   |  -4.7   |
| 电源设备 | 002255 | 海陆重工 | 44.5  |  34.1  | -0.4 |   1.9   |  -4.0   |
| 电源设备 | 002366 | *ST海核  | 34.9  | -28.3  | -1.9 |   0.0   |  -0.5   |
| 电源设备 | 002630 | 华西能源 | 38.7  |  -6.3  | -8.6 |  -14.4  |  -22.3  |
+----------+--------+----------+-------+--------+------+---------+---------+
