[行业>市值]
+----------+--------+----------+-------+--------+------+---------+---------+
|   行业   |  代码  |   名称   | 市值  |   pe   | 涨幅 | 3日涨幅 | 6日涨幅 |
+----------+--------+----------+-------+--------+------+---------+---------+
| 综合行业 | 000009 | 中国宝安 | 392.3 |  59.4  | 4.5  |  11.3   |  11.0   |
| 综合行业 | 600673 |  东阳光  | 273.1 |  23.7  | 3.9  |   4.5   |   7.0   |
| 综合行业 | 000958 | 电投产融 | 258.4 |  21.2  | 1.3  |  -2.0   |  -1.0   |
| 综合行业 | 600770 | 综艺股份 | 102.4 | -17.5  | 0.9  |   0.9   |   2.3   |
| 综合行业 | 000158 | 常山北明 | 97.7  | -28.2  | 1.2  |  -0.5   |   0.2   |
| 综合行业 | 000839 |  ST国安  | 80.4  | -13.7  | -1.0 |  -1.9   |  -5.5   |
| 综合行业 | 000861 | 海印股份 | 67.8  |  16.7  | -0.7 |  -2.9   |  -8.2   |
| 综合行业 | 002758 | 浙农股份 | 67.4  |  12.0  | -0.9 |  -1.8   |  -7.6   |
| 综合行业 | 000833 | 粤桂股份 | 59.2  |  41.6  | -6.7 |  -14.6  |  -22.5  |
| 综合行业 | 000803 | 北清环能 | 57.8  |  35.8  | 2.2  |   4.0   |   1.0   |
| 综合行业 | 000652 | 泰达股份 | 56.5  | 364.3  | 0.3  |  -2.0   |   0.3   |
| 综合行业 | 000576 | 甘化科工 | 51.0  |  50.6  | -0.4 |  -1.3   |   1.8   |
| 综合行业 | 600624 | 复旦复华 | 49.2  | 213.4  | 3.5  |   2.9   |  -1.2   |
| 综合行业 | 000909 | 数源科技 | 47.4  | 243.3  | -2.0 |  -20.2  |  -30.6  |
| 综合行业 | 600784 | 鲁银投资 | 46.9  |  20.1  | 2.7  |   1.4   |  -2.9   |
| 综合行业 | 600805 | 悦达投资 | 43.6  |  13.0  | 3.2  |   0.8   |  -1.0   |
| 综合行业 | 000532 | 华金资本 | 41.0  |  73.2  | -1.7 |  -6.2   |   3.5   |
| 综合行业 | 600568 |  ST中珠  | 33.1  | -201.3 | -1.2 |   2.5   |   2.5   |
| 综合行业 | 600113 | 浙江东日 | 29.9  |  16.3  | 0.1  |  -1.1   |  -1.5   |
| 综合行业 | 000409 | 云鼎科技 | 28.4  | 272.3  | 0.2  |  -0.2   |  -1.6   |
| 综合行业 | 600051 | 宁波联合 | 20.3  | -91.2  | 0.0  |  -0.6   |  -0.6   |
| 综合行业 | 000632 | 三木集团 | 19.5  |  77.1  | 3.0  |   3.0   |   1.5   |
| 综合行业 | 002591 | 恒大高新 | 15.3  | -140.0 | 1.0  |   1.0   |  -2.1   |
+----------+--------+----------+-------+--------+------+---------+---------+
 




 [行业>单日涨幅]
+----------+--------+----------+-------+--------+------+---------+---------+
|   行业   |  代码  |   名称   | 市值  |   pe   | 涨幅 | 3日涨幅 | 6日涨幅 |
+----------+--------+----------+-------+--------+------+---------+---------+
| 综合行业 | 000009 | 中国宝安 | 392.3 |  59.4  | 4.5  |  11.3   |  11.0   |
| 综合行业 | 600673 |  东阳光  | 273.1 |  23.7  | 3.9  |   4.5   |   7.0   |
| 综合行业 | 600624 | 复旦复华 | 49.2  | 213.4  | 3.5  |   2.9   |  -1.2   |
| 综合行业 | 600805 | 悦达投资 | 43.6  |  13.0  | 3.2  |   0.8   |  -1.0   |
| 综合行业 | 000632 | 三木集团 | 19.5  |  77.1  | 3.0  |   3.0   |   1.5   |
| 综合行业 | 600784 | 鲁银投资 | 46.9  |  20.1  | 2.7  |   1.4   |  -2.9   |
| 综合行业 | 000803 | 北清环能 | 57.8  |  35.8  | 2.2  |   4.0   |   1.0   |
| 综合行业 | 000958 | 电投产融 | 258.4 |  21.2  | 1.3  |  -2.0   |  -1.0   |
| 综合行业 | 000158 | 常山北明 | 97.7  | -28.2  | 1.2  |  -0.5   |   0.2   |
| 综合行业 | 002591 | 恒大高新 | 15.3  | -140.0 | 1.0  |   1.0   |  -2.1   |
| 综合行业 | 600770 | 综艺股份 | 102.4 | -17.5  | 0.9  |   0.9   |   2.3   |
| 综合行业 | 000652 | 泰达股份 | 56.5  | 364.3  | 0.3  |  -2.0   |   0.3   |
| 综合行业 | 000409 | 云鼎科技 | 28.4  | 272.3  | 0.2  |  -0.2   |  -1.6   |
| 综合行业 | 600113 | 浙江东日 | 29.9  |  16.3  | 0.1  |  -1.1   |  -1.5   |
| 综合行业 | 600051 | 宁波联合 | 20.3  | -91.2  | 0.0  |  -0.6   |  -0.6   |
| 综合行业 | 000576 | 甘化科工 | 51.0  |  50.6  | -0.4 |  -1.3   |   1.8   |
| 综合行业 | 000861 | 海印股份 | 67.8  |  16.7  | -0.7 |  -2.9   |  -8.2   |
| 综合行业 | 002758 | 浙农股份 | 67.4  |  12.0  | -0.9 |  -1.8   |  -7.6   |
| 综合行业 | 000839 |  ST国安  | 80.4  | -13.7  | -1.0 |  -1.9   |  -5.5   |
| 综合行业 | 600568 |  ST中珠  | 33.1  | -201.3 | -1.2 |   2.5   |   2.5   |
| 综合行业 | 000532 | 华金资本 | 41.0  |  73.2  | -1.7 |  -6.2   |   3.5   |
| 综合行业 | 000909 | 数源科技 | 47.4  | 243.3  | -2.0 |  -20.2  |  -30.6  |
| 综合行业 | 000833 | 粤桂股份 | 59.2  |  41.6  | -6.7 |  -14.6  |  -22.5  |
+----------+--------+----------+-------+--------+------+---------+---------+
