[行业>市值]
+----------+--------+----------+--------+----------+------+---------+---------+
|   行业   |  代码  |   名称   |  市值  |    pe    | 涨幅 | 3日涨幅 | 6日涨幅 |
+----------+--------+----------+--------+----------+------+---------+---------+
| 美容护理 | 300896 |  爱美客  | 1231.0 |  109.9   | 2.5  |   8.8   |   7.7   |
| 美容护理 | 300957 |  贝泰妮  | 902.3  |  154.5   | -0.5 |   6.7   |   8.1   |
| 美容护理 | 688363 | 华熙生物 | 717.5  |   89.8   | 0.6  |   7.7   |   6.1   |
| 美容护理 | 603605 |  珀莱雅  | 440.6  |   69.5   | -3.1 |  -1.6   |  -2.0   |
| 美容护理 | 300888 | 稳健医疗 | 273.1  |   19.1   | -1.0 |   0.7   |  -2.4   |
| 美容护理 | 600315 | 上海家化 | 262.3  |   32.9   | 2.5  |   0.6   |  16.9   |
| 美容护理 | 002511 | 中顺洁柔 | 159.5  |   29.9   | 3.0  |   3.5   |   9.8   |
| 美容护理 | 002243 | 力合科创 | 117.5  |   84.4   | 0.0  |   1.1   |   1.9   |
| 美容护理 | 603983 | 丸美股份 | 110.7  |   42.2   | 10.0 |  18.8   |  20.9   |
| 美容护理 | 300856 | 科思股份 |  71.5  |   30.8   | 2.2  |   4.8   |  12.2   |
| 美容护理 | 000523 | 广州浪奇 |  63.9  |  -124.3  | -1.0 |  -6.4   |  -4.6   |
| 美容护理 | 605009 | 豪悦护理 |  60.6  |   27.6   | 1.0  |   2.5   |   3.8   |
| 美容护理 | 000615 | 奥园美谷 |  55.9  |  -36.1   | 2.3  |   2.0   |   0.6   |
| 美容护理 | 300740 | 水羊股份 |  54.0  |   32.5   | 3.5  |   6.2   |   7.7   |
| 美容护理 | 003006 | 百亚股份 |  52.5  |   23.7   | -4.2 |  10.5   |  10.8   |
| 美容护理 | 300132 | 青松股份 |  37.0  |  -15.1   | 13.5 |  15.9   |  18.1   |
| 美容护理 | 301009 | 可靠股份 |  35.2  |  449.6   | 0.5  |   2.2   |   3.3   |
| 美容护理 | 603630 | 拉芳家化 |  32.3  |  -315.4  | 1.0  |   1.9   |   2.5   |
| 美容护理 | 002919 | 名臣健康 |  30.3  |  461.9   | 1.3  |   3.3   |  -1.8   |
| 美容护理 | 002094 | 青岛金王 |  29.5  |   55.9   | 2.4  |   3.4   |  24.9   |
| 美容护理 | 001206 | 依依股份 |  29.3  |   40.0   | 1.1  |   1.7   |   4.1   |
| 美容护理 | 600249 |  两面针  |  28.1  |  -23.7   | -0.2 |  -0.6   |  -1.2   |
| 美容护理 | 300955 | 嘉亨家化 |  24.8  |   37.0   | 5.9  |   5.6   |   7.0   |
| 美容护理 | 300886 | 华业香料 |  22.2  |   80.1   | 0.9  |   0.1   |  -2.4   |
| 美容护理 | 300658 | 延江股份 |  19.8  |   74.0   | 1.3  |   0.8   |  -0.7   |
| 美容护理 | 603238 | 诺邦股份 |  18.5  |   60.8   | 3.6  |   2.7   |  -1.3   |
| 美容护理 | 603059 |  倍加洁  |  18.2  | -12046.8 | 1.1  |   1.7   |   0.1   |
| 美容护理 | 300849 | 锦盛新材 |  17.8  |  201.1   | 2.2  |   1.6   |   0.2   |
+----------+--------+----------+--------+----------+------+---------+---------+
 




 [行业>单日涨幅]
+----------+--------+----------+--------+----------+------+---------+---------+
|   行业   |  代码  |   名称   |  市值  |    pe    | 涨幅 | 3日涨幅 | 6日涨幅 |
+----------+--------+----------+--------+----------+------+---------+---------+
| 美容护理 | 300132 | 青松股份 |  37.0  |  -15.1   | 13.5 |  15.9   |  18.1   |
| 美容护理 | 603983 | 丸美股份 | 110.7  |   42.2   | 10.0 |  18.8   |  20.9   |
| 美容护理 | 300955 | 嘉亨家化 |  24.8  |   37.0   | 5.9  |   5.6   |   7.0   |
| 美容护理 | 603238 | 诺邦股份 |  18.5  |   60.8   | 3.6  |   2.7   |  -1.3   |
| 美容护理 | 300740 | 水羊股份 |  54.0  |   32.5   | 3.5  |   6.2   |   7.7   |
| 美容护理 | 002511 | 中顺洁柔 | 159.5  |   29.9   | 3.0  |   3.5   |   9.8   |
| 美容护理 | 300896 |  爱美客  | 1231.0 |  109.9   | 2.5  |   8.8   |   7.7   |
| 美容护理 | 600315 | 上海家化 | 262.3  |   32.9   | 2.5  |   0.6   |  16.9   |
| 美容护理 | 002094 | 青岛金王 |  29.5  |   55.9   | 2.4  |   3.4   |  24.9   |
| 美容护理 | 000615 | 奥园美谷 |  55.9  |  -36.1   | 2.3  |   2.0   |   0.6   |
| 美容护理 | 300849 | 锦盛新材 |  17.8  |  201.1   | 2.2  |   1.6   |   0.2   |
| 美容护理 | 300856 | 科思股份 |  71.5  |   30.8   | 2.2  |   4.8   |  12.2   |
| 美容护理 | 300658 | 延江股份 |  19.8  |   74.0   | 1.3  |   0.8   |  -0.7   |
| 美容护理 | 002919 | 名臣健康 |  30.3  |  461.9   | 1.3  |   3.3   |  -1.8   |
| 美容护理 | 001206 | 依依股份 |  29.3  |   40.0   | 1.1  |   1.7   |   4.1   |
| 美容护理 | 603059 |  倍加洁  |  18.2  | -12046.8 | 1.1  |   1.7   |   0.1   |
| 美容护理 | 605009 | 豪悦护理 |  60.6  |   27.6   | 1.0  |   2.5   |   3.8   |
| 美容护理 | 603630 | 拉芳家化 |  32.3  |  -315.4  | 1.0  |   1.9   |   2.5   |
| 美容护理 | 300886 | 华业香料 |  22.2  |   80.1   | 0.9  |   0.1   |  -2.4   |
| 美容护理 | 688363 | 华熙生物 | 717.5  |   89.8   | 0.6  |   7.7   |   6.1   |
| 美容护理 | 301009 | 可靠股份 |  35.2  |  449.6   | 0.5  |   2.2   |   3.3   |
| 美容护理 | 002243 | 力合科创 | 117.5  |   84.4   | 0.0  |   1.1   |   1.9   |
| 美容护理 | 600249 |  两面针  |  28.1  |  -23.7   | -0.2 |  -0.6   |  -1.2   |
| 美容护理 | 300957 |  贝泰妮  | 902.3  |  154.5   | -0.5 |   6.7   |   8.1   |
| 美容护理 | 000523 | 广州浪奇 |  63.9  |  -124.3  | -1.0 |  -6.4   |  -4.6   |
| 美容护理 | 300888 | 稳健医疗 | 273.1  |   19.1   | -1.0 |   0.7   |  -2.4   |
| 美容护理 | 603605 |  珀莱雅  | 440.6  |   69.5   | -3.1 |  -1.6   |  -2.0   |
| 美容护理 | 003006 | 百亚股份 |  52.5  |   23.7   | -4.2 |  10.5   |  10.8   |
+----------+--------+----------+--------+----------+------+---------+---------+
