[行业>市值]
+------------+--------+----------+--------+-------+------+---------+---------+
|    行业    |  代码  |   名称   |  市值  |  pe   | 涨幅 | 3日涨幅 | 6日涨幅 |
+------------+--------+----------+--------+-------+------+---------+---------+
| 非金属材料 | 603260 | 合盛硅业 | 1364.0 | 16.6  | -2.0 |   4.9   |  14.2   |
| 非金属材料 | 603688 | 石英股份 | 430.8  | 123.3 | 9.0  |  15.1   |  16.2   |
| 非金属材料 | 300861 | 美畅股份 | 386.0  | 33.9  | 2.0  |   6.4   |   7.8   |
| 非金属材料 | 603826 | 坤彩科技 | 300.4  | 281.4 | -1.5 |   1.6   |  -3.0   |
| 非金属材料 | 600516 | 方大炭素 | 288.9  | 214.2 | 0.3  |   5.3   |   4.8   |
| 非金属材料 | 688281 | 华秦科技 | 262.0  | 110.5 | 0.3  |  -0.8   |   0.7   |
| 非金属材料 | 300035 | 中科电气 | 216.7  | 42.0  | 5.6  |  15.6   |  13.9   |
| 非金属材料 | 300395 |  菲利华  | 216.3  | 59.9  | 1.1  |   2.1   |   7.1   |
| 非金属材料 | 301071 | 力量钻石 | 214.5  | 53.0  | 7.1  |  14.6   |  17.3   |
| 非金属材料 | 603612 | 索通发展 | 155.1  | 24.5  | 7.0  |  22.4   |  15.6   |
| 非金属材料 | 300409 | 道氏技术 | 154.2  | 22.5  | 0.9  |   8.3   |  12.6   |
| 非金属材料 | 688733 |  壹石通  | 138.5  | 79.4  | 0.0  |   4.2   |   3.1   |
| 非金属材料 | 600172 | 黄河旋风 | 133.0  | 115.8 | 2.8  |   8.1   |  10.0   |
| 非金属材料 | 600330 | 天通股份 | 118.4  | 27.0  | 1.9  |   8.0   |  11.7   |
| 非金属材料 | 600783 | 鲁信创投 | 100.8  | 51.3  | -0.2 |  -3.5   |   0.7   |
| 非金属材料 | 688119 | 中钢洛耐 |  98.1  | 63.1  | -0.1 |  -4.2   |  -6.3   |
| 非金属材料 | 002130 | 沃尔核材 |  74.1  | 17.3  | 2.1  |   3.2   |   5.5   |
| 非金属材料 | 688357 | 建龙微纳 |  69.0  | 39.3  | -1.6 |   7.8   |   3.0   |
| 非金属材料 | 688300 | 联瑞新材 |  66.5  | 39.0  | -2.0 |   3.8   |   0.3   |
| 非金属材料 | 001296 | 长江材料 |  26.0  | 45.3  | 0.8  |   1.7   |   4.7   |
| 非金属材料 | 300743 | 天地数码 |  15.5  | 52.4  | -2.0 |   0.9   |  -0.4   |
| 非金属材料 | 300064 |  金刚退  |  14.6  | -3.3  | 19.8 |  34.4   |  72.9   |
+------------+--------+----------+--------+-------+------+---------+---------+
 




 [行业>单日涨幅]
+------------+--------+----------+--------+-------+------+---------+---------+
|    行业    |  代码  |   名称   |  市值  |  pe   | 涨幅 | 3日涨幅 | 6日涨幅 |
+------------+--------+----------+--------+-------+------+---------+---------+
| 非金属材料 | 300064 |  金刚退  |  14.6  | -3.3  | 19.8 |  34.4   |  72.9   |
| 非金属材料 | 603688 | 石英股份 | 430.8  | 123.3 | 9.0  |  15.1   |  16.2   |
| 非金属材料 | 301071 | 力量钻石 | 214.5  | 53.0  | 7.1  |  14.6   |  17.3   |
| 非金属材料 | 603612 | 索通发展 | 155.1  | 24.5  | 7.0  |  22.4   |  15.6   |
| 非金属材料 | 300035 | 中科电气 | 216.7  | 42.0  | 5.6  |  15.6   |  13.9   |
| 非金属材料 | 600172 | 黄河旋风 | 133.0  | 115.8 | 2.8  |   8.1   |  10.0   |
| 非金属材料 | 002130 | 沃尔核材 |  74.1  | 17.3  | 2.1  |   3.2   |   5.5   |
| 非金属材料 | 300861 | 美畅股份 | 386.0  | 33.9  | 2.0  |   6.4   |   7.8   |
| 非金属材料 | 600330 | 天通股份 | 118.4  | 27.0  | 1.9  |   8.0   |  11.7   |
| 非金属材料 | 300395 |  菲利华  | 216.3  | 59.9  | 1.1  |   2.1   |   7.1   |
| 非金属材料 | 300409 | 道氏技术 | 154.2  | 22.5  | 0.9  |   8.3   |  12.6   |
| 非金属材料 | 001296 | 长江材料 |  26.0  | 45.3  | 0.8  |   1.7   |   4.7   |
| 非金属材料 | 688281 | 华秦科技 | 262.0  | 110.5 | 0.3  |  -0.8   |   0.7   |
| 非金属材料 | 600516 | 方大炭素 | 288.9  | 214.2 | 0.3  |   5.3   |   4.8   |
| 非金属材料 | 688733 |  壹石通  | 138.5  | 79.4  | 0.0  |   4.2   |   3.1   |
| 非金属材料 | 688119 | 中钢洛耐 |  98.1  | 63.1  | -0.1 |  -4.2   |  -6.3   |
| 非金属材料 | 600783 | 鲁信创投 | 100.8  | 51.3  | -0.2 |  -3.5   |   0.7   |
| 非金属材料 | 603826 | 坤彩科技 | 300.4  | 281.4 | -1.5 |   1.6   |  -3.0   |
| 非金属材料 | 688357 | 建龙微纳 |  69.0  | 39.3  | -1.6 |   7.8   |   3.0   |
| 非金属材料 | 603260 | 合盛硅业 | 1364.0 | 16.6  | -2.0 |   4.9   |  14.2   |
| 非金属材料 | 688300 | 联瑞新材 |  66.5  | 39.0  | -2.0 |   3.8   |   0.3   |
| 非金属材料 | 300743 | 天地数码 |  15.5  | 52.4  | -2.0 |   0.9   |  -0.4   |
+------------+--------+----------+--------+-------+------+---------+---------+
