[行业>市值]
+----------+--------+----------+-------+-------+------+---------+---------+
|   行业   |  代码  |   名称   | 市值  |  pe   | 涨幅 | 3日涨幅 | 6日涨幅 |
+----------+--------+----------+-------+-------+------+---------+---------+
| 专业服务 | 300012 | 华测检测 | 385.5 | 80.4  | -1.7 |  -0.5   |   1.6   |
| 专业服务 | 003035 | 南网能源 | 241.7 | 67.5  | -3.0 |  -2.6   |  -2.7   |
| 专业服务 | 301080 | 百普赛斯 | 133.0 | 62.2  | -1.9 |  -4.4   |  -3.4   |
| 专业服务 | 688133 | 泰坦科技 | 129.2 | 166.2 | -0.2 |   0.2   |   1.2   |
| 专业服务 | 300887 | 谱尼测试 | 117.7 | 533.9 | -2.9 |  -2.0   |  -0.7   |
| 专业服务 | 002967 | 广电计量 | 103.9 | -32.7 | -2.6 |  -0.8   |  -1.9   |
| 专业服务 | 603060 | 国检集团 | 84.1  | -74.9 | -1.9 |  -2.9   |  -1.9   |
| 专业服务 | 300416 | 苏试试验 | 83.9  | 72.7  | -3.7 |  -3.8   |  -2.2   |
| 专业服务 | 688179 |  阿拉丁  | 71.9  | 58.0  | -4.1 |  -8.4   |  -4.3   |
| 专业服务 | 603698 | 航天工程 | 69.2  | 94.5  | -1.8 |  -1.3   |   0.6   |
| 专业服务 | 300384 | 三联虹普 | 58.5  | 24.7  | -2.5 |  -1.5   |   0.5   |
| 专业服务 | 300215 |  电科院  | 52.0  | 89.0  | -2.4 |   0.9   |   3.5   |
| 专业服务 | 301166 |  优宁维  | 50.3  | 57.8  | -3.3 |  -6.5   |  -2.1   |
| 专业服务 | 002878 | 元隆雅图 | 41.1  | 11.1  | 0.4  |   1.6   |  -0.5   |
| 专业服务 | 300962 | 中金辐照 | 39.8  | 34.9  | -1.9 |   0.1   |   0.7   |
| 专业服务 | 002564 | 天沃科技 | 38.6  | 515.9 | -3.1 |  -3.3   |   0.5   |
| 专业服务 | 603776 |  永安行  | 34.5  | 69.7  | 3.6  |   2.4   |   6.6   |
| 专业服务 | 300572 | 安车检测 | 34.2  | 56.5  | -3.2 |  -1.5   |   3.0   |
| 专业服务 | 300797 | 钢研纳克 | 33.8  | 56.8  | -3.7 |  -2.6   |  -0.9   |
| 专业服务 | 300938 | 信测标准 | 30.7  | 34.3  | -0.7 |   0.5   |   7.2   |
| 专业服务 | 301257 |  普蕊斯  | 29.2  | 74.8  | -3.7 |  -2.5   |  -5.5   |
| 专业服务 | 301169 | 零点有数 | 28.5  | -59.2 | -3.5 |  -3.7   |  -14.0  |
| 专业服务 | 301289 | 国缆检测 | 26.3  | 39.2  | -6.3 |  -9.1   |  30.5   |
| 专业服务 | 603183 |  建研院  | 25.5  | -62.6 | -1.0 |  -0.2   |   0.6   |
| 专业服务 | 301228 | 实朴检测 | 24.5  | -42.5 | -3.3 |  -0.8   |  -1.9   |
| 专业服务 | 003008 | 开普检测 | 20.0  | 37.1  | -0.9 |   2.4   |   4.2   |
+----------+--------+----------+-------+-------+------+---------+---------+
 




 [行业>单日涨幅]
+----------+--------+----------+-------+-------+------+---------+---------+
|   行业   |  代码  |   名称   | 市值  |  pe   | 涨幅 | 3日涨幅 | 6日涨幅 |
+----------+--------+----------+-------+-------+------+---------+---------+
| 专业服务 | 603776 |  永安行  | 34.5  | 69.7  | 3.6  |   2.4   |   6.6   |
| 专业服务 | 002878 | 元隆雅图 | 41.1  | 11.1  | 0.4  |   1.6   |  -0.5   |
| 专业服务 | 688133 | 泰坦科技 | 129.2 | 166.2 | -0.2 |   0.2   |   1.2   |
| 专业服务 | 300938 | 信测标准 | 30.7  | 34.3  | -0.7 |   0.5   |   7.2   |
| 专业服务 | 003008 | 开普检测 | 20.0  | 37.1  | -0.9 |   2.4   |   4.2   |
| 专业服务 | 603183 |  建研院  | 25.5  | -62.6 | -1.0 |  -0.2   |   0.6   |
| 专业服务 | 300012 | 华测检测 | 385.5 | 80.4  | -1.7 |  -0.5   |   1.6   |
| 专业服务 | 603698 | 航天工程 | 69.2  | 94.5  | -1.8 |  -1.3   |   0.6   |
| 专业服务 | 301080 | 百普赛斯 | 133.0 | 62.2  | -1.9 |  -4.4   |  -3.4   |
| 专业服务 | 603060 | 国检集团 | 84.1  | -74.9 | -1.9 |  -2.9   |  -1.9   |
| 专业服务 | 300962 | 中金辐照 | 39.8  | 34.9  | -1.9 |   0.1   |   0.7   |
| 专业服务 | 300215 |  电科院  | 52.0  | 89.0  | -2.4 |   0.9   |   3.5   |
| 专业服务 | 300384 | 三联虹普 | 58.5  | 24.7  | -2.5 |  -1.5   |   0.5   |
| 专业服务 | 002967 | 广电计量 | 103.9 | -32.7 | -2.6 |  -0.8   |  -1.9   |
| 专业服务 | 300887 | 谱尼测试 | 117.7 | 533.9 | -2.9 |  -2.0   |  -0.7   |
| 专业服务 | 003035 | 南网能源 | 241.7 | 67.5  | -3.0 |  -2.6   |  -2.7   |
| 专业服务 | 002564 | 天沃科技 | 38.6  | 515.9 | -3.1 |  -3.3   |   0.5   |
| 专业服务 | 300572 | 安车检测 | 34.2  | 56.5  | -3.2 |  -1.5   |   3.0   |
| 专业服务 | 301228 | 实朴检测 | 24.5  | -42.5 | -3.3 |  -0.8   |  -1.9   |
| 专业服务 | 301166 |  优宁维  | 50.3  | 57.8  | -3.3 |  -6.5   |  -2.1   |
| 专业服务 | 301169 | 零点有数 | 28.5  | -59.2 | -3.5 |  -3.7   |  -14.0  |
| 专业服务 | 301257 |  普蕊斯  | 29.2  | 74.8  | -3.7 |  -2.5   |  -5.5   |
| 专业服务 | 300797 | 钢研纳克 | 33.8  | 56.8  | -3.7 |  -2.6   |  -0.9   |
| 专业服务 | 300416 | 苏试试验 | 83.9  | 72.7  | -3.7 |  -3.8   |  -2.2   |
| 专业服务 | 688179 |  阿拉丁  | 71.9  | 58.0  | -4.1 |  -8.4   |  -4.3   |
| 专业服务 | 301289 | 国缆检测 | 26.3  | 39.2  | -6.3 |  -9.1   |  30.5   |
+----------+--------+----------+-------+-------+------+---------+---------+
