[行业>市值]
+----------+--------+----------+-------+--------+------+---------+---------+
|   行业   |  代码  |   名称   | 市值  |   pe   | 涨幅 | 3日涨幅 | 6日涨幅 |
+----------+--------+----------+-------+--------+------+---------+---------+
| 包装材料 | 002191 | 劲嘉股份 | 156.8 |  12.9  | 2.7  |  11.7   |  10.2   |
| 包装材料 | 002701 |  奥瑞金  | 134.6 |  16.3  | -0.9 |  -0.6   |  -2.2   |
| 包装材料 | 600210 | 紫江企业 | 97.1  |  20.0  | -7.1 |  -4.8   |   6.5   |
| 包装材料 | 601968 | 宝钢包装 | 86.2  |  33.6  | 1.9  |   2.6   |   4.7   |
| 包装材料 | 601515 | 东风股份 | 85.1  |  17.6  | -3.5 |  -0.9   |   0.7   |
| 包装材料 | 002565 | 顺灏股份 | 53.5  | -463.0 | -3.1 |  11.5   |   7.5   |
| 包装材料 | 002303 |  美盈森  | 52.7  |  32.0  | -1.7 |   1.5   |   2.4   |
| 包装材料 | 002752 | 昇兴股份 | 47.2  |  25.1  | 0.4  |   3.6   |   4.1   |
| 包装材料 | 301062 | 上海艾录 | 46.6  |  36.7  | -0.4 |  -0.3   |   3.4   |
| 包装材料 | 600836 | 上海易连 | 45.2  | 519.2  | -2.3 |  -0.3   |   0.3   |
| 包装材料 | 000812 | 陕西金叶 | 44.9  | 172.6  | -4.7 |  -0.8   |  -3.5   |
| 包装材料 | 002228 | 合兴包装 | 44.8  |  21.4  | -5.2 |   4.9   |   5.5   |
| 包装材料 | 002735 | 王子新材 | 43.4  |  26.6  | -1.6 |  -1.7   |  -0.8   |
| 包装材料 | 002951 | 金时科技 | 42.0  | 1095.2 | 10.0 |  25.1   |  26.8   |
| 包装材料 | 002014 | 永新股份 | 40.7  |  15.6  | -1.2 |  -1.1   |  -1.1   |
| 包装材料 | 000659 | 珠海中富 | 40.4  | -51.9  | -0.6 |   0.6   |  -0.3   |
| 包装材料 | 002969 | 嘉美包装 | 39.0  | 166.1  | -1.9 |  -0.2   |  -1.5   |
| 包装材料 | 603687 |  大胜达  | 38.8  |  39.7  | -3.2 |   1.4   |   2.5   |
| 包装材料 | 300501 | 海顺新材 | 29.1  |  28.6  | -3.8 |   1.2   |   3.1   |
| 包装材料 | 002799 | 环球印务 | 28.5  |  26.0  | -0.9 |  -0.1   |  -0.3   |
| 包装材料 | 002599 | 盛通股份 | 27.3  | -27.5  | -1.6 |  -1.0   |   3.3   |
| 包装材料 | 002846 | 英联股份 | 20.0  | -93.9  | -3.8 |  -2.2   |   1.3   |
| 包装材料 | 002787 | 华源控股 | 18.3  | 142.9  | -0.5 |  -0.3   |   4.7   |
| 包装材料 | 603022 |  新通联  | 18.0  |  56.2  | -1.0 |   1.6   |   0.8   |
| 包装材料 | 003003 | 天元股份 | 16.2  | 1389.6 | -2.1 |   1.6   |   1.7   |
+----------+--------+----------+-------+--------+------+---------+---------+
 




 [行业>单日涨幅]
+----------+--------+----------+-------+--------+------+---------+---------+
|   行业   |  代码  |   名称   | 市值  |   pe   | 涨幅 | 3日涨幅 | 6日涨幅 |
+----------+--------+----------+-------+--------+------+---------+---------+
| 包装材料 | 002951 | 金时科技 | 42.0  | 1095.2 | 10.0 |  25.1   |  26.8   |
| 包装材料 | 002191 | 劲嘉股份 | 156.8 |  12.9  | 2.7  |  11.7   |  10.2   |
| 包装材料 | 601968 | 宝钢包装 | 86.2  |  33.6  | 1.9  |   2.6   |   4.7   |
| 包装材料 | 002752 | 昇兴股份 | 47.2  |  25.1  | 0.4  |   3.6   |   4.1   |
| 包装材料 | 301062 | 上海艾录 | 46.6  |  36.7  | -0.4 |  -0.3   |   3.4   |
| 包装材料 | 002787 | 华源控股 | 18.3  | 142.9  | -0.5 |  -0.3   |   4.7   |
| 包装材料 | 000659 | 珠海中富 | 40.4  | -51.9  | -0.6 |   0.6   |  -0.3   |
| 包装材料 | 002799 | 环球印务 | 28.5  |  26.0  | -0.9 |  -0.1   |  -0.3   |
| 包装材料 | 002701 |  奥瑞金  | 134.6 |  16.3  | -0.9 |  -0.6   |  -2.2   |
| 包装材料 | 603022 |  新通联  | 18.0  |  56.2  | -1.0 |   1.6   |   0.8   |
| 包装材料 | 002014 | 永新股份 | 40.7  |  15.6  | -1.2 |  -1.1   |  -1.1   |
| 包装材料 | 002599 | 盛通股份 | 27.3  | -27.5  | -1.6 |  -1.0   |   3.3   |
| 包装材料 | 002735 | 王子新材 | 43.4  |  26.6  | -1.6 |  -1.7   |  -0.8   |
| 包装材料 | 002303 |  美盈森  | 52.7  |  32.0  | -1.7 |   1.5   |   2.4   |
| 包装材料 | 002969 | 嘉美包装 | 39.0  | 166.1  | -1.9 |  -0.2   |  -1.5   |
| 包装材料 | 003003 | 天元股份 | 16.2  | 1389.6 | -2.1 |   1.6   |   1.7   |
| 包装材料 | 600836 | 上海易连 | 45.2  | 519.2  | -2.3 |  -0.3   |   0.3   |
| 包装材料 | 002565 | 顺灏股份 | 53.5  | -463.0 | -3.1 |  11.5   |   7.5   |
| 包装材料 | 603687 |  大胜达  | 38.8  |  39.7  | -3.2 |   1.4   |   2.5   |
| 包装材料 | 601515 | 东风股份 | 85.1  |  17.6  | -3.5 |  -0.9   |   0.7   |
| 包装材料 | 300501 | 海顺新材 | 29.1  |  28.6  | -3.8 |   1.2   |   3.1   |
| 包装材料 | 002846 | 英联股份 | 20.0  | -93.9  | -3.8 |  -2.2   |   1.3   |
| 包装材料 | 000812 | 陕西金叶 | 44.9  | 172.6  | -4.7 |  -0.8   |  -3.5   |
| 包装材料 | 002228 | 合兴包装 | 44.8  |  21.4  | -5.2 |   4.9   |   5.5   |
| 包装材料 | 600210 | 紫江企业 | 97.1  |  20.0  | -7.1 |  -4.8   |   6.5   |
+----------+--------+----------+-------+--------+------+---------+---------+
