[行业>市值]
+----------+--------+----------+--------+-------+------+---------+---------+
|   行业   |  代码  |   名称   |  市值  |  pe   | 涨幅 | 3日涨幅 | 6日涨幅 |
+----------+--------+----------+--------+-------+------+---------+---------+
| 化纤行业 | 002493 | 荣盛石化 | 1556.0 | 12.5  | 0.5  |  -0.7   |  -2.7   |
| 化纤行业 | 600346 | 恒力石化 | 1552.0 |  9.2  | -0.3 |   0.4   |  -1.5   |
| 化纤行业 | 000301 | 东方盛虹 | 990.1  | 36.0  | -8.5 |  -10.4  |  -2.2   |
| 化纤行业 | 002064 | 华峰化学 | 420.3  |  7.7  | 3.4  |   7.2   |   7.8   |
| 化纤行业 | 000703 | 恒逸石化 | 388.3  | 13.3  | -5.5 |  -1.6   |  -3.2   |
| 化纤行业 | 601233 | 桐昆股份 | 381.2  |  6.3  | -1.1 |  -1.5   |  -3.3   |
| 化纤行业 | 688295 | 中复神鹰 | 327.7  | 69.5  | -4.9 |  -8.0   |  -0.2   |
| 化纤行业 | 300777 | 中简科技 | 207.5  | 57.2  | -3.1 |  -3.2   |   3.7   |
| 化纤行业 | 603225 |  新凤鸣  | 176.3  | 15.5  | 1.4  |   4.7   |  -0.3   |
| 化纤行业 | 600063 | 皖维高新 | 148.3  |  8.9  | 0.0  |   0.9   |  11.6   |
| 化纤行业 | 002254 | 泰和新材 | 114.2  | 19.6  | -2.3 |   1.8   |   4.9   |
| 化纤行业 | 000420 | 吉林化纤 | 104.5  | -53.3 | -4.9 |  -6.8   |  -5.3   |
| 化纤行业 | 600810 | 神马股份 |  93.8  |  6.4  | -2.6 |  -1.4   |  -1.0   |
| 化纤行业 | 002206 |  海利得  |  78.6  | 16.1  | -3.3 |  -2.7   |  -1.8   |
| 化纤行业 | 000949 | 新乡化纤 |  53.7  | 32.8  | -2.1 |   0.0   |  -1.1   |
| 化纤行业 | 601113 | 华鼎股份 |  49.5  | -16.2 | -3.6 |  -5.7   |   0.2   |
| 化纤行业 | 000936 | 华西股份 |  48.3  | 62.5  | -1.4 |   0.4   |   1.7   |
| 化纤行业 | 600527 | 江南高纤 |  37.6  | 58.8  | -0.9 |   0.5   |   1.9   |
| 化纤行业 | 688722 |  同益中  |  37.1  | 30.3  | -6.1 |  -8.2   |  -1.2   |
| 化纤行业 | 603332 | 苏州龙杰 |  35.7  | -66.5 | -0.8 |   0.0   |  10.5   |
| 化纤行业 | 002427 | *ST尤夫  |  35.3  | -5.0  | -1.2 |  -2.3   |  -3.1   |
| 化纤行业 | 002172 | 澳洋健康 |  27.7  | 21.3  | 0.6  |   4.1   |   4.1   |
| 化纤行业 | 301057 | 汇隆新材 |  27.0  | 54.5  | -0.9 |   3.1   |   3.2   |
| 化纤行业 | 000677 | 恒天海龙 |  26.1  | 42.0  | -1.6 |   2.7   |  -0.3   |
| 化纤行业 | 000782 | 美达股份 |  24.9  | 31.3  | -1.7 |   3.3   |   3.3   |
| 化纤行业 | 002998 | 优彩资源 |  23.1  | 19.3  | -1.7 |   1.0   |  -0.8   |
| 化纤行业 | 300876 | 蒙泰高新 |  21.6  | 35.6  | -2.8 |   1.2   |   1.9   |
| 化纤行业 | 600889 | 南京化纤 |  17.5  | -13.8 | -2.6 |   1.3   |   0.6   |
+----------+--------+----------+--------+-------+------+---------+---------+
 




 [行业>单日涨幅]
+----------+--------+----------+--------+-------+------+---------+---------+
|   行业   |  代码  |   名称   |  市值  |  pe   | 涨幅 | 3日涨幅 | 6日涨幅 |
+----------+--------+----------+--------+-------+------+---------+---------+
| 化纤行业 | 002064 | 华峰化学 | 420.3  |  7.7  | 3.4  |   7.2   |   7.8   |
| 化纤行业 | 603225 |  新凤鸣  | 176.3  | 15.5  | 1.4  |   4.7   |  -0.3   |
| 化纤行业 | 002172 | 澳洋健康 |  27.7  | 21.3  | 0.6  |   4.1   |   4.1   |
| 化纤行业 | 002493 | 荣盛石化 | 1556.0 | 12.5  | 0.5  |  -0.7   |  -2.7   |
| 化纤行业 | 600063 | 皖维高新 | 148.3  |  8.9  | 0.0  |   0.9   |  11.6   |
| 化纤行业 | 600346 | 恒力石化 | 1552.0 |  9.2  | -0.3 |   0.4   |  -1.5   |
| 化纤行业 | 603332 | 苏州龙杰 |  35.7  | -66.5 | -0.8 |   0.0   |  10.5   |
| 化纤行业 | 600527 | 江南高纤 |  37.6  | 58.8  | -0.9 |   0.5   |   1.9   |
| 化纤行业 | 301057 | 汇隆新材 |  27.0  | 54.5  | -0.9 |   3.1   |   3.2   |
| 化纤行业 | 601233 | 桐昆股份 | 381.2  |  6.3  | -1.1 |  -1.5   |  -3.3   |
| 化纤行业 | 002427 | *ST尤夫  |  35.3  | -5.0  | -1.2 |  -2.3   |  -3.1   |
| 化纤行业 | 000936 | 华西股份 |  48.3  | 62.5  | -1.4 |   0.4   |   1.7   |
| 化纤行业 | 000677 | 恒天海龙 |  26.1  | 42.0  | -1.6 |   2.7   |  -0.3   |
| 化纤行业 | 000782 | 美达股份 |  24.9  | 31.3  | -1.7 |   3.3   |   3.3   |
| 化纤行业 | 002998 | 优彩资源 |  23.1  | 19.3  | -1.7 |   1.0   |  -0.8   |
| 化纤行业 | 000949 | 新乡化纤 |  53.7  | 32.8  | -2.1 |   0.0   |  -1.1   |
| 化纤行业 | 002254 | 泰和新材 | 114.2  | 19.6  | -2.3 |   1.8   |   4.9   |
| 化纤行业 | 600810 | 神马股份 |  93.8  |  6.4  | -2.6 |  -1.4   |  -1.0   |
| 化纤行业 | 600889 | 南京化纤 |  17.5  | -13.8 | -2.6 |   1.3   |   0.6   |
| 化纤行业 | 300876 | 蒙泰高新 |  21.6  | 35.6  | -2.8 |   1.2   |   1.9   |
| 化纤行业 | 300777 | 中简科技 | 207.5  | 57.2  | -3.1 |  -3.2   |   3.7   |
| 化纤行业 | 002206 |  海利得  |  78.6  | 16.1  | -3.3 |  -2.7   |  -1.8   |
| 化纤行业 | 601113 | 华鼎股份 |  49.5  | -16.2 | -3.6 |  -5.7   |   0.2   |
| 化纤行业 | 688295 | 中复神鹰 | 327.7  | 69.5  | -4.9 |  -8.0   |  -0.2   |
| 化纤行业 | 000420 | 吉林化纤 | 104.5  | -53.3 | -4.9 |  -6.8   |  -5.3   |
| 化纤行业 | 000703 | 恒逸石化 | 388.3  | 13.3  | -5.5 |  -1.6   |  -3.2   |
| 化纤行业 | 688722 |  同益中  |  37.1  | 30.3  | -6.1 |  -8.2   |  -1.2   |
| 化纤行业 | 000301 | 东方盛虹 | 990.1  | 36.0  | -8.5 |  -10.4  |  -2.2   |
+----------+--------+----------+--------+-------+------+---------+---------+
