[行业>市值]
+----------+--------+----------+--------+-------+------+---------+---------+
|   行业   |  代码  |   名称   |  市值  |  pe   | 涨幅 | 3日涨幅 | 6日涨幅 |
+----------+--------+----------+--------+-------+------+---------+---------+
| 化肥行业 | 000792 | 盐湖股份 | 1624.0 | 11.6  | -5.0 |   1.8   |   1.7   |
| 化肥行业 | 600096 |  云天化  | 573.3  |  8.7  | -1.9 |   6.2   |   4.1   |
| 化肥行业 | 000408 | 藏格矿业 | 502.4  | 15.4  | -5.4 |  -3.1   |  -1.4   |
| 化肥行业 | 600141 | 兴发集团 | 475.4  |  6.9  | -1.3 |   4.9   |   5.1   |
| 化肥行业 | 002312 | 川发龙蟒 | 313.3  | 28.7  | 3.0  |   7.8   |  29.6   |
| 化肥行业 | 000893 | 亚钾国际 | 257.3  | 22.9  | -3.2 |  -1.8   |  -5.2   |
| 化肥行业 | 000902 |  新洋丰  | 219.0  | 13.4  | -1.8 |  -0.8   |  -1.1   |
| 化肥行业 | 002895 | 川恒股份 | 171.4  | 41.1  | 0.7  |   3.9   |   5.9   |
| 化肥行业 | 002539 | 云图控股 | 160.6  |  8.6  | -4.2 |  -1.2   |   1.4   |
| 化肥行业 | 603938 | 三孚股份 | 133.1  | 22.1  | -4.3 |  -7.0   |  -7.8   |
| 化肥行业 | 002556 | 辉隆股份 | 108.1  | 12.9  | -1.9 |  -0.4   |  -3.2   |
| 化肥行业 | 600691 | 阳煤化工 |  96.2  | 26.0  | -2.9 |  -2.6   |  -1.5   |
| 化肥行业 | 002274 | 华昌化工 |  92.5  |  9.5  | -3.3 |  -1.9   |  -2.3   |
| 化肥行业 | 002538 |  司尔特  |  92.0  | 14.9  | 0.8  |   3.5   |   4.4   |
| 化肥行业 | 000912 |  泸天化  |  82.3  | 14.7  | -3.0 |  -1.5   |  -0.9   |
| 化肥行业 | 600078 | *ST澄星  |  75.0  | 27.8  | 4.3  |  -1.6   |   5.6   |
| 化肥行业 | 002588 |  史丹利  |  72.1  | 12.0  | -2.8 |  -1.9   |  -2.2   |
| 化肥行业 | 300505 |  川金诺  |  70.4  | 29.4  | 7.8  |  18.0   |  18.1   |
| 化肥行业 | 002470 |  ST金正  |  69.3  | -66.5 | -2.3 |  -3.6   |  -7.0   |
| 化肥行业 | 002170 | 芭田股份 |  55.2  | 63.6  | -3.1 |  -3.3   |   3.8   |
| 化肥行业 | 000731 | 四川美丰 |  53.2  |  7.4  | -2.2 |   0.0   |  -0.8   |
| 化肥行业 | 600470 | 六国化工 |  38.6  | 14.5  | -3.8 |  -2.6   |  -1.6   |
| 化肥行业 | 002999 | 天禾股份 |  25.1  | 44.9  | -3.2 |  -1.8   |  -0.7   |
| 化肥行业 | 300387 | 富邦股份 |  19.9  | 36.8  | -2.4 |  -0.3   |  -0.7   |
+----------+--------+----------+--------+-------+------+---------+---------+
 




 [行业>单日涨幅]
+----------+--------+----------+--------+-------+------+---------+---------+
|   行业   |  代码  |   名称   |  市值  |  pe   | 涨幅 | 3日涨幅 | 6日涨幅 |
+----------+--------+----------+--------+-------+------+---------+---------+
| 化肥行业 | 300505 |  川金诺  |  70.4  | 29.4  | 7.8  |  18.0   |  18.1   |
| 化肥行业 | 600078 | *ST澄星  |  75.0  | 27.8  | 4.3  |  -1.6   |   5.6   |
| 化肥行业 | 002312 | 川发龙蟒 | 313.3  | 28.7  | 3.0  |   7.8   |  29.6   |
| 化肥行业 | 002538 |  司尔特  |  92.0  | 14.9  | 0.8  |   3.5   |   4.4   |
| 化肥行业 | 002895 | 川恒股份 | 171.4  | 41.1  | 0.7  |   3.9   |   5.9   |
| 化肥行业 | 600141 | 兴发集团 | 475.4  |  6.9  | -1.3 |   4.9   |   5.1   |
| 化肥行业 | 000902 |  新洋丰  | 219.0  | 13.4  | -1.8 |  -0.8   |  -1.1   |
| 化肥行业 | 600096 |  云天化  | 573.3  |  8.7  | -1.9 |   6.2   |   4.1   |
| 化肥行业 | 002556 | 辉隆股份 | 108.1  | 12.9  | -1.9 |  -0.4   |  -3.2   |
| 化肥行业 | 000731 | 四川美丰 |  53.2  |  7.4  | -2.2 |   0.0   |  -0.8   |
| 化肥行业 | 002470 |  ST金正  |  69.3  | -66.5 | -2.3 |  -3.6   |  -7.0   |
| 化肥行业 | 300387 | 富邦股份 |  19.9  | 36.8  | -2.4 |  -0.3   |  -0.7   |
| 化肥行业 | 002588 |  史丹利  |  72.1  | 12.0  | -2.8 |  -1.9   |  -2.2   |
| 化肥行业 | 600691 | 阳煤化工 |  96.2  | 26.0  | -2.9 |  -2.6   |  -1.5   |
| 化肥行业 | 000912 |  泸天化  |  82.3  | 14.7  | -3.0 |  -1.5   |  -0.9   |
| 化肥行业 | 002170 | 芭田股份 |  55.2  | 63.6  | -3.1 |  -3.3   |   3.8   |
| 化肥行业 | 000893 | 亚钾国际 | 257.3  | 22.9  | -3.2 |  -1.8   |  -5.2   |
| 化肥行业 | 002999 | 天禾股份 |  25.1  | 44.9  | -3.2 |  -1.8   |  -0.7   |
| 化肥行业 | 002274 | 华昌化工 |  92.5  |  9.5  | -3.3 |  -1.9   |  -2.3   |
| 化肥行业 | 600470 | 六国化工 |  38.6  | 14.5  | -3.8 |  -2.6   |  -1.6   |
| 化肥行业 | 002539 | 云图控股 | 160.6  |  8.6  | -4.2 |  -1.2   |   1.4   |
| 化肥行业 | 603938 | 三孚股份 | 133.1  | 22.1  | -4.3 |  -7.0   |  -7.8   |
| 化肥行业 | 000792 | 盐湖股份 | 1624.0 | 11.6  | -5.0 |   1.8   |   1.7   |
| 化肥行业 | 000408 | 藏格矿业 | 502.4  | 15.4  | -5.4 |  -3.1   |  -1.4   |
+----------+--------+----------+--------+-------+------+---------+---------+
