[行业>市值]
+----------+--------+----------+-------+--------+------+---------+---------+
|   行业   |  代码  |   名称   | 市值  |   pe   | 涨幅 | 3日涨幅 | 6日涨幅 |
+----------+--------+----------+-------+--------+------+---------+---------+
| 多元金融 | 000617 | 中油资本 | 608.1 |  8.8   | -0.8 |  -0.2   |  -1.2   |
| 多元金融 | 000987 | 越秀金控 | 347.7 |  14.9  | 0.6  |   0.9   |  -0.4   |
| 多元金融 | 600705 | 中航产融 | 311.3 | 679.5  | -0.6 |   0.0   |  -1.4   |
| 多元金融 | 600927 | 永安期货 | 290.8 | 223.1  | -3.0 |  -4.1   |  -1.3   |
| 多元金融 | 600816 |  ST安信  | 230.3 | -12.1  | -1.2 |   1.9   |   0.7   |
| 多元金融 | 600390 | 五矿资本 | 220.0 |  7.8   | -1.4 |  -1.6   |  -1.6   |
| 多元金融 | 002423 | 中粮资本 | 156.4 | -11.4  | -0.9 |  -0.6   |  -1.6   |
| 多元金融 | 600901 | 江苏租赁 | 154.1 |  6.2   | -1.1 |  -0.2   |   2.0   |
| 多元金融 | 000567 | 海德股份 | 138.5 |  27.2  | -2.9 |  -3.9   |  -1.3   |
| 多元金融 | 000415 | 渤海租赁 | 136.1 |  -4.6  | -0.9 |   0.5   |   0.9   |
| 多元金融 | 000563 | 陕国投Ａ  | 123.3 |  17.5  | -1.9 |  -1.9   |  -1.9   |
| 多元金融 | 600120 | 浙江东方 | 116.1 |  72.7  | 0.0  |   1.0   |   0.8   |
| 多元金融 | 600643 | 爱建集团 | 96.2  |  8.1   | -1.0 |  -0.3   |  -0.5   |
| 多元金融 | 000046 | 泛海控股 | 79.0  |  -2.5  | 0.0  |   2.0   |   2.0   |
| 多元金融 | 002961 | 瑞达期货 | 77.7  |  20.4  | -2.2 |  -2.7   |   1.0   |
| 多元金融 | 600053 | 九鼎投资 | 71.8  |  40.4  | -3.2 |  -7.5   |  -7.5   |
| 多元金融 | 603093 | 南华期货 | 63.9  |  56.9  | -2.3 |  -2.0   |  -0.7   |
| 多元金融 | 000666 | 经纬纺机 | 62.7  |  11.5  | -1.2 |   2.1   |   1.7   |
| 多元金融 | 002647 | 仁东控股 | 37.9  | -45.9  | -1.9 |  -1.3   |  -5.6   |
| 多元金融 | 600318 | 新力金融 | 37.8  | 412.1  | -5.9 |  -4.8   |  -5.0   |
| 多元金融 | 600830 | 香溢融通 | 25.7  |  53.5  | -1.9 |  -1.2   |  -1.7   |
| 多元金融 | 000416 | 民生控股 | 21.0  | -113.0 | 0.8  |   1.8   |   3.1   |
| 多元金融 | 600599 |  ST熊猫  | 15.6  |  10.8  | -1.1 |  -0.8   |   0.2   |
| 多元金融 | 600139 | *ST西源  | 15.0  | -10.2  | -5.0 |  -4.6   |  -3.8   |
| 多元金融 | 300309 | *ST吉艾  | 14.1  |  -3.2  | -9.1 |  -11.2  |  -9.1   |
| 多元金融 | 001236 | 弘业期货 |  0.0  |  0.0   | 0.0  |   0.0   |   0.0   |
+----------+--------+----------+-------+--------+------+---------+---------+
 




 [行业>单日涨幅]
+----------+--------+----------+-------+--------+------+---------+---------+
|   行业   |  代码  |   名称   | 市值  |   pe   | 涨幅 | 3日涨幅 | 6日涨幅 |
+----------+--------+----------+-------+--------+------+---------+---------+
| 多元金融 | 000416 | 民生控股 | 21.0  | -113.0 | 0.8  |   1.8   |   3.1   |
| 多元金融 | 000987 | 越秀金控 | 347.7 |  14.9  | 0.6  |   0.9   |  -0.4   |
| 多元金融 | 600120 | 浙江东方 | 116.1 |  72.7  | 0.0  |   1.0   |   0.8   |
| 多元金融 | 000046 | 泛海控股 | 79.0  |  -2.5  | 0.0  |   2.0   |   2.0   |
| 多元金融 | 001236 | 弘业期货 |  0.0  |  0.0   | 0.0  |   0.0   |   0.0   |
| 多元金融 | 600705 | 中航产融 | 311.3 | 679.5  | -0.6 |   0.0   |  -1.4   |
| 多元金融 | 000617 | 中油资本 | 608.1 |  8.8   | -0.8 |  -0.2   |  -1.2   |
| 多元金融 | 002423 | 中粮资本 | 156.4 | -11.4  | -0.9 |  -0.6   |  -1.6   |
| 多元金融 | 000415 | 渤海租赁 | 136.1 |  -4.6  | -0.9 |   0.5   |   0.9   |
| 多元金融 | 600643 | 爱建集团 | 96.2  |  8.1   | -1.0 |  -0.3   |  -0.5   |
| 多元金融 | 600599 |  ST熊猫  | 15.6  |  10.8  | -1.1 |  -0.8   |   0.2   |
| 多元金融 | 600901 | 江苏租赁 | 154.1 |  6.2   | -1.1 |  -0.2   |   2.0   |
| 多元金融 | 600816 |  ST安信  | 230.3 | -12.1  | -1.2 |   1.9   |   0.7   |
| 多元金融 | 000666 | 经纬纺机 | 62.7  |  11.5  | -1.2 |   2.1   |   1.7   |
| 多元金融 | 600390 | 五矿资本 | 220.0 |  7.8   | -1.4 |  -1.6   |  -1.6   |
| 多元金融 | 000563 | 陕国投Ａ  | 123.3 |  17.5  | -1.9 |  -1.9   |  -1.9   |
| 多元金融 | 002647 | 仁东控股 | 37.9  | -45.9  | -1.9 |  -1.3   |  -5.6   |
| 多元金融 | 600830 | 香溢融通 | 25.7  |  53.5  | -1.9 |  -1.2   |  -1.7   |
| 多元金融 | 002961 | 瑞达期货 | 77.7  |  20.4  | -2.2 |  -2.7   |   1.0   |
| 多元金融 | 603093 | 南华期货 | 63.9  |  56.9  | -2.3 |  -2.0   |  -0.7   |
| 多元金融 | 000567 | 海德股份 | 138.5 |  27.2  | -2.9 |  -3.9   |  -1.3   |
| 多元金融 | 600927 | 永安期货 | 290.8 | 223.1  | -3.0 |  -4.1   |  -1.3   |
| 多元金融 | 600053 | 九鼎投资 | 71.8  |  40.4  | -3.2 |  -7.5   |  -7.5   |
| 多元金融 | 600139 | *ST西源  | 15.0  | -10.2  | -5.0 |  -4.6   |  -3.8   |
| 多元金融 | 600318 | 新力金融 | 37.8  | 412.1  | -5.9 |  -4.8   |  -5.0   |
| 多元金融 | 300309 | *ST吉艾  | 14.1  |  -3.2  | -9.1 |  -11.2  |  -9.1   |
+----------+--------+----------+-------+--------+------+---------+---------+
