[行业>市值]
+----------+--------+----------+-------+--------+-------+---------+---------+
|   行业   |  代码  |   名称   | 市值  |   pe   | 涨幅  | 3日涨幅 | 6日涨幅 |
+----------+--------+----------+-------+--------+-------+---------+---------+
| 橡胶制品 | 601966 | 玲珑轮胎 | 380.4 | -103.5 | -4.1  |  -3.9   |   5.2   |
| 橡胶制品 | 601058 | 赛轮轮胎 | 360.9 |  28.0  | -3.5  |  -1.8   |   0.6   |
| 橡胶制品 | 000887 | 中鼎股份 | 238.9 |  23.8  | -9.3  |  -10.2  |  -0.3   |
| 橡胶制品 | 002984 |  森麒麟  | 200.2 |  21.5  | -6.9  |  -10.2  |  -5.7   |
| 橡胶制品 | 601118 | 海南橡胶 | 196.9 | -173.8 | -2.5  |  -2.1   |  -4.0   |
| 橡胶制品 | 603650 | 彤程新材 | 182.4 |  63.3  | -4.0  |  -3.7   |   7.6   |
| 橡胶制品 | 603033 | 三维股份 | 173.0 |  88.9  | -2.9  |  -3.2   |   3.9   |
| 橡胶制品 | 300767 | 震安科技 | 134.7 | 103.5  | -1.6  |  -5.2   |  -9.9   |
| 橡胶制品 | 300587 | 天铁股份 | 121.1 |  26.1  | -3.9  |   3.0   |   7.9   |
| 橡胶制品 | 002068 | 黑猫股份 | 105.0 | -251.7 | -7.0  |  -6.7   |  -1.5   |
| 橡胶制品 | 601163 | 三角轮胎 | 93.8  |  40.1  | -3.2  |  -1.8   |  -0.6   |
| 橡胶制品 | 300320 | 海达股份 | 85.4  |  53.0  | -5.6  |  -2.7   |  10.2   |
| 橡胶制品 | 605183 | 确成股份 | 79.3  |  23.7  | -4.9  |   1.4   |   4.5   |
| 橡胶制品 | 000589 | 贵州轮胎 | 51.0  |  22.6  | -4.7  |  -6.9   |  -7.5   |
| 橡胶制品 | 601500 | 通用股份 | 49.2  | 165.9  | -1.3  |   0.0   |   1.8   |
| 橡胶制品 | 600182 | S*ST佳通 | 45.8  | 284.5  | -1.1  |   1.4   |   9.2   |
| 橡胶制品 | 300121 | 阳谷华泰 | 40.4  |  8.9   | -2.5  |  -0.1   |   1.0   |
| 橡胶制品 | 002753 | 永东股份 | 39.8  |  94.3  |  2.6  |   7.8   |  23.8   |
| 橡胶制品 | 300547 | 川环科技 | 35.9  |  42.6  | -6.7  |   0.6   |   4.6   |
| 橡胶制品 | 600469 | 风神股份 | 35.1  | -21.3  | -3.8  |   5.5   |   6.4   |
| 橡胶制品 | 002224 |  三力士  | 33.8  | -155.9 | -3.5  |  -3.9   |   1.5   |
| 橡胶制品 | 000599 | 青岛双星 | 33.2  |  -5.7  | -1.9  |  -1.0   |  -1.0   |
| 橡胶制品 | 001207 | 联科科技 | 31.1  |  32.7  | -2.1  |   1.5   |   3.0   |
| 橡胶制品 | 300731 | 科创新源 | 30.3  | -67.9  | -13.4 |  -12.6  |   4.5   |
| 橡胶制品 | 002442 | 龙星化工 | 27.0  |  59.1  | -3.0  |  -3.2   |   4.0   |
| 橡胶制品 | 002381 | 双箭股份 | 26.1  |  20.1  | -1.1  |   0.8   |   1.1   |
| 橡胶制品 | 301233 | 盛帮股份 | 21.4  |  36.3  |  0.0  |   0.0   |   0.0   |
+----------+--------+----------+-------+--------+-------+---------+---------+
 




 [行业>单日涨幅]
+----------+--------+----------+-------+--------+-------+---------+---------+
|   行业   |  代码  |   名称   | 市值  |   pe   | 涨幅  | 3日涨幅 | 6日涨幅 |
+----------+--------+----------+-------+--------+-------+---------+---------+
| 橡胶制品 | 002753 | 永东股份 | 39.8  |  94.3  |  2.6  |   7.8   |  23.8   |
| 橡胶制品 | 301233 | 盛帮股份 | 21.4  |  36.3  |  0.0  |   0.0   |   0.0   |
| 橡胶制品 | 002381 | 双箭股份 | 26.1  |  20.1  | -1.1  |   0.8   |   1.1   |
| 橡胶制品 | 600182 | S*ST佳通 | 45.8  | 284.5  | -1.1  |   1.4   |   9.2   |
| 橡胶制品 | 601500 | 通用股份 | 49.2  | 165.9  | -1.3  |   0.0   |   1.8   |
| 橡胶制品 | 300767 | 震安科技 | 134.7 | 103.5  | -1.6  |  -5.2   |  -9.9   |
| 橡胶制品 | 000599 | 青岛双星 | 33.2  |  -5.7  | -1.9  |  -1.0   |  -1.0   |
| 橡胶制品 | 001207 | 联科科技 | 31.1  |  32.7  | -2.1  |   1.5   |   3.0   |
| 橡胶制品 | 300121 | 阳谷华泰 | 40.4  |  8.9   | -2.5  |  -0.1   |   1.0   |
| 橡胶制品 | 601118 | 海南橡胶 | 196.9 | -173.8 | -2.5  |  -2.1   |  -4.0   |
| 橡胶制品 | 603033 | 三维股份 | 173.0 |  88.9  | -2.9  |  -3.2   |   3.9   |
| 橡胶制品 | 002442 | 龙星化工 | 27.0  |  59.1  | -3.0  |  -3.2   |   4.0   |
| 橡胶制品 | 601163 | 三角轮胎 | 93.8  |  40.1  | -3.2  |  -1.8   |  -0.6   |
| 橡胶制品 | 601058 | 赛轮轮胎 | 360.9 |  28.0  | -3.5  |  -1.8   |   0.6   |
| 橡胶制品 | 002224 |  三力士  | 33.8  | -155.9 | -3.5  |  -3.9   |   1.5   |
| 橡胶制品 | 600469 | 风神股份 | 35.1  | -21.3  | -3.8  |   5.5   |   6.4   |
| 橡胶制品 | 300587 | 天铁股份 | 121.1 |  26.1  | -3.9  |   3.0   |   7.9   |
| 橡胶制品 | 603650 | 彤程新材 | 182.4 |  63.3  | -4.0  |  -3.7   |   7.6   |
| 橡胶制品 | 601966 | 玲珑轮胎 | 380.4 | -103.5 | -4.1  |  -3.9   |   5.2   |
| 橡胶制品 | 000589 | 贵州轮胎 | 51.0  |  22.6  | -4.7  |  -6.9   |  -7.5   |
| 橡胶制品 | 605183 | 确成股份 | 79.3  |  23.7  | -4.9  |   1.4   |   4.5   |
| 橡胶制品 | 300320 | 海达股份 | 85.4  |  53.0  | -5.6  |  -2.7   |  10.2   |
| 橡胶制品 | 300547 | 川环科技 | 35.9  |  42.6  | -6.7  |   0.6   |   4.6   |
| 橡胶制品 | 002984 |  森麒麟  | 200.2 |  21.5  | -6.9  |  -10.2  |  -5.7   |
| 橡胶制品 | 002068 | 黑猫股份 | 105.0 | -251.7 | -7.0  |  -6.7   |  -1.5   |
| 橡胶制品 | 000887 | 中鼎股份 | 238.9 |  23.8  | -9.3  |  -10.2  |  -0.3   |
| 橡胶制品 | 300731 | 科创新源 | 30.3  | -67.9  | -13.4 |  -12.6  |   4.5   |
+----------+--------+----------+-------+--------+-------+---------+---------+
