[行业>市值]
+------+--------+----------+-------+--------+------+---------+---------+
| 行业 |  代码  |   名称   | 市值  |   pe   | 涨幅 | 3日涨幅 | 6日涨幅 |
+------+--------+----------+-------+--------+------+---------+---------+
| 燃气 | 600803 | 新奥股份 | 532.7 |  17.7  | -2.4 |   1.2   |   3.3   |
| 燃气 | 600956 | 新天绿能 | 516.3 |  13.8  | -2.8 |  -2.0   |  -1.3   |
| 燃气 | 601139 | 深圳燃气 | 199.9 |  22.1  | -1.6 |  -1.4   |  -0.9   |
| 燃气 | 605090 | 九丰能源 | 127.5 |  8.1   | -3.0 |  -2.5   |  -4.1   |
| 燃气 | 600917 | 重庆燃气 | 114.2 |  28.3  | -1.4 |  -1.8   |   0.7   |
| 燃气 | 000968 | 蓝焰控股 | 99.8  |  9.2   | -3.1 |   1.4   |  -2.9   |
| 燃气 | 600635 | 大众公用 | 97.4  |  -7.5  | -1.2 |  -1.5   |   0.9   |
| 燃气 | 300332 | 天壕环境 | 97.4  |  18.4  | -4.9 |   5.3   |   7.0   |
| 燃气 | 603393 | 新天然气 | 90.7  |  11.0  | -2.0 |  -0.1   |  -3.2   |
| 燃气 | 600903 | 贵州燃气 | 89.0  | -35.9  | -2.1 |  -1.4   |  -4.6   |
| 燃气 | 002911 | 佛燃能源 | 86.0  |  28.7  | -0.7 |   0.1   |  -0.2   |
| 燃气 | 603053 | 成都燃气 | 83.5  |  10.6  | 0.0  |   1.0   |  -0.2   |
| 燃气 | 002267 | 陕天然气 | 77.7  |  3.9   | -2.1 |  -1.1   |   0.1   |
| 燃气 | 600617 | 国新能源 | 64.5  |  9.3   | -1.7 |   0.4   |  -1.1   |
| 燃气 | 605368 | 蓝天燃气 | 62.8  |  8.2   | -1.2 |  -0.8   |  -2.7   |
| 燃气 | 600681 | 百川能源 | 60.8  |  10.4  | -2.0 |  -1.3   |  -3.2   |
| 燃气 | 300435 | 中泰股份 | 58.1  |  23.3  | -4.5 |  -0.6   |  -1.2   |
| 燃气 | 300483 | 首华燃气 | 38.3  |  22.5  | -3.2 |   2.7   |   0.6   |
| 燃气 | 000407 | 胜利股份 | 32.7  |  26.5  | -0.8 |   1.6   |   0.0   |
| 燃气 | 605169 | 洪通燃气 | 31.7  |  14.9  | -2.7 |  -1.2   |  -3.3   |
| 燃气 | 600333 | 长春燃气 | 30.1  | -64.6  | -1.8 |  -1.0   |  -2.6   |
| 燃气 | 603318 | 水发燃气 | 29.4  |  56.9  | -3.1 |  -0.9   |  -2.9   |
| 燃气 | 603706 | 东方环宇 | 28.7  |  11.4  | -2.3 |  -2.8   |  -2.1   |
| 燃气 | 000421 | 南京公用 | 27.6  | -52.8  | -2.0 |   0.4   |  -1.0   |
| 燃气 | 603689 | DR皖天然 | 24.3  |  9.0   | -0.7 |   1.1   |   1.4   |
| 燃气 | 002259 |  ST升达  | 21.7  | -144.9 | -3.4 |  -1.0   |  -1.7   |
| 燃气 | 000593 | 德龙汇能 | 20.1  | 212.6  | -2.1 |  -0.4   |   0.5   |
| 燃气 | 603080 | 新疆火炬 | 18.4  |  12.7  | -2.3 |  -1.4   |  -2.5   |
| 燃气 | 002700 |  ST浩源  | 17.5  |  29.4  | -1.4 |  -0.5   |   0.2   |
| 燃气 | 000669 |  ST金鸿  | 11.2  | -46.4  | -1.2 |   3.1   |   0.0   |
+------+--------+----------+-------+--------+------+---------+---------+
 




 [行业>单日涨幅]
+------+--------+----------+-------+--------+------+---------+---------+
| 行业 |  代码  |   名称   | 市值  |   pe   | 涨幅 | 3日涨幅 | 6日涨幅 |
+------+--------+----------+-------+--------+------+---------+---------+
| 燃气 | 603053 | 成都燃气 | 83.5  |  10.6  | 0.0  |   1.0   |  -0.2   |
| 燃气 | 002911 | 佛燃能源 | 86.0  |  28.7  | -0.7 |   0.1   |  -0.2   |
| 燃气 | 603689 | DR皖天然 | 24.3  |  9.0   | -0.7 |   1.1   |   1.4   |
| 燃气 | 000407 | 胜利股份 | 32.7  |  26.5  | -0.8 |   1.6   |   0.0   |
| 燃气 | 600635 | 大众公用 | 97.4  |  -7.5  | -1.2 |  -1.5   |   0.9   |
| 燃气 | 000669 |  ST金鸿  | 11.2  | -46.4  | -1.2 |   3.1   |   0.0   |
| 燃气 | 605368 | 蓝天燃气 | 62.8  |  8.2   | -1.2 |  -0.8   |  -2.7   |
| 燃气 | 600917 | 重庆燃气 | 114.2 |  28.3  | -1.4 |  -1.8   |   0.7   |
| 燃气 | 002700 |  ST浩源  | 17.5  |  29.4  | -1.4 |  -0.5   |   0.2   |
| 燃气 | 601139 | 深圳燃气 | 199.9 |  22.1  | -1.6 |  -1.4   |  -0.9   |
| 燃气 | 600617 | 国新能源 | 64.5  |  9.3   | -1.7 |   0.4   |  -1.1   |
| 燃气 | 600333 | 长春燃气 | 30.1  | -64.6  | -1.8 |  -1.0   |  -2.6   |
| 燃气 | 603393 | 新天然气 | 90.7  |  11.0  | -2.0 |  -0.1   |  -3.2   |
| 燃气 | 600681 | 百川能源 | 60.8  |  10.4  | -2.0 |  -1.3   |  -3.2   |
| 燃气 | 000421 | 南京公用 | 27.6  | -52.8  | -2.0 |   0.4   |  -1.0   |
| 燃气 | 002267 | 陕天然气 | 77.7  |  3.9   | -2.1 |  -1.1   |   0.1   |
| 燃气 | 000593 | 德龙汇能 | 20.1  | 212.6  | -2.1 |  -0.4   |   0.5   |
| 燃气 | 600903 | 贵州燃气 | 89.0  | -35.9  | -2.1 |  -1.4   |  -4.6   |
| 燃气 | 603706 | 东方环宇 | 28.7  |  11.4  | -2.3 |  -2.8   |  -2.1   |
| 燃气 | 603080 | 新疆火炬 | 18.4  |  12.7  | -2.3 |  -1.4   |  -2.5   |
| 燃气 | 600803 | 新奥股份 | 532.7 |  17.7  | -2.4 |   1.2   |   3.3   |
| 燃气 | 605169 | 洪通燃气 | 31.7  |  14.9  | -2.7 |  -1.2   |  -3.3   |
| 燃气 | 600956 | 新天绿能 | 516.3 |  13.8  | -2.8 |  -2.0   |  -1.3   |
| 燃气 | 605090 | 九丰能源 | 127.5 |  8.1   | -3.0 |  -2.5   |  -4.1   |
| 燃气 | 000968 | 蓝焰控股 | 99.8  |  9.2   | -3.1 |   1.4   |  -2.9   |
| 燃气 | 603318 | 水发燃气 | 29.4  |  56.9  | -3.1 |  -0.9   |  -2.9   |
| 燃气 | 300483 | 首华燃气 | 38.3  |  22.5  | -3.2 |   2.7   |   0.6   |
| 燃气 | 002259 |  ST升达  | 21.7  | -144.9 | -3.4 |  -1.0   |  -1.7   |
| 燃气 | 300435 | 中泰股份 | 58.1  |  23.3  | -4.5 |  -0.6   |  -1.2   |
| 燃气 | 300332 | 天壕环境 | 97.4  |  18.4  | -4.9 |   5.3   |   7.0   |
+------+--------+----------+-------+--------+------+---------+---------+
