[行业>市值]
+------------+--------+----------+-------+--------+------+---------+---------+
|    行业    |  代码  |   名称   | 市值  |   pe   | 涨幅 | 3日涨幅 | 6日涨幅 |
+------------+--------+----------+-------+--------+------+---------+---------+
| 电子化学品 | 300054 | 鼎龙股份 | 190.7 |  66.8  | -2.6 |   1.4   |   6.8   |
| 电子化学品 | 002643 | 万润股份 | 187.0 |  20.1  | -2.6 |  -4.2   |  -1.6   |
| 电子化学品 | 300346 | 南大光电 | 184.9 |  57.3  | 0.7  |   6.0   |   4.7   |
| 电子化学品 | 688019 | 安集科技 | 150.6 |  95.1  | -3.4 |  -2.4   |  -3.3   |
| 电子化学品 | 300398 | 飞凯材料 | 118.9 |  21.4  | -3.5 |  -1.1   |   2.7   |
| 电子化学品 | 300655 | 晶瑞电材 | 112.8 |  88.2  | -3.6 |   8.4   |  13.3   |
| 电子化学品 | 300236 | 上海新阳 | 103.5 | -190.3 | 0.5  |   4.4   |   4.6   |
| 电子化学品 | 688106 | 金宏气体 | 93.0  |  59.9  | -4.9 |  -3.3   |   1.1   |
| 电子化学品 | 688268 | 华特气体 | 85.3  |  54.5  | -1.1 |  -3.6   |   3.7   |
| 电子化学品 | 002741 | 光华科技 | 77.3  |  54.7  | 0.6  |   4.1   |  10.3   |
| 电子化学品 | 603078 |  江化微  | 71.2  |  53.9  | -2.5 |   6.1   |   2.4   |
| 电子化学品 | 300481 | 濮阳惠成 | 67.5  |  20.1  | -2.8 |  -2.9   |  -1.9   |
| 电子化学品 | 688550 | 瑞联新材 | 67.3  |  21.1  | -4.4 |  -4.5   |   0.8   |
| 电子化学品 | 300576 | 容大感光 | 58.9  | 142.5  | -1.7 |   4.1   |   1.6   |
| 电子化学品 | 300429 | 强力新材 | 49.0  |  49.1  | -1.1 |   1.6   |   3.2   |
| 电子化学品 | 002584 | 西陇科学 | 45.9  |  13.7  | -3.6 |   1.6   |   3.7   |
| 电子化学品 | 603931 |  格林达  | 39.6  |  25.1  | -2.9 |   1.4   |   2.2   |
| 电子化学品 | 688359 | 三孚新科 | 38.7  | -162.6 | 5.0  |   2.4   |  10.3   |
| 电子化学品 | 300446 | 乐凯新材 | 24.9  | 393.6  | -0.9 |   0.7   |   1.6   |
| 电子化学品 | 300537 | 广信材料 | 24.3  | -52.8  | 3.1  |   7.2   |   8.3   |
| 电子化学品 | 300637 | 扬帆新材 | 17.8  |  38.4  | -0.7 |   1.7   |   4.4   |
+------------+--------+----------+-------+--------+------+---------+---------+
 




 [行业>单日涨幅]
+------------+--------+----------+-------+--------+------+---------+---------+
|    行业    |  代码  |   名称   | 市值  |   pe   | 涨幅 | 3日涨幅 | 6日涨幅 |
+------------+--------+----------+-------+--------+------+---------+---------+
| 电子化学品 | 688359 | 三孚新科 | 38.7  | -162.6 | 5.0  |   2.4   |  10.3   |
| 电子化学品 | 300537 | 广信材料 | 24.3  | -52.8  | 3.1  |   7.2   |   8.3   |
| 电子化学品 | 300346 | 南大光电 | 184.9 |  57.3  | 0.7  |   6.0   |   4.7   |
| 电子化学品 | 002741 | 光华科技 | 77.3  |  54.7  | 0.6  |   4.1   |  10.3   |
| 电子化学品 | 300236 | 上海新阳 | 103.5 | -190.3 | 0.5  |   4.4   |   4.6   |
| 电子化学品 | 300637 | 扬帆新材 | 17.8  |  38.4  | -0.7 |   1.7   |   4.4   |
| 电子化学品 | 300446 | 乐凯新材 | 24.9  | 393.6  | -0.9 |   0.7   |   1.6   |
| 电子化学品 | 300429 | 强力新材 | 49.0  |  49.1  | -1.1 |   1.6   |   3.2   |
| 电子化学品 | 688268 | 华特气体 | 85.3  |  54.5  | -1.1 |  -3.6   |   3.7   |
| 电子化学品 | 300576 | 容大感光 | 58.9  | 142.5  | -1.7 |   4.1   |   1.6   |
| 电子化学品 | 603078 |  江化微  | 71.2  |  53.9  | -2.5 |   6.1   |   2.4   |
| 电子化学品 | 300054 | 鼎龙股份 | 190.7 |  66.8  | -2.6 |   1.4   |   6.8   |
| 电子化学品 | 002643 | 万润股份 | 187.0 |  20.1  | -2.6 |  -4.2   |  -1.6   |
| 电子化学品 | 300481 | 濮阳惠成 | 67.5  |  20.1  | -2.8 |  -2.9   |  -1.9   |
| 电子化学品 | 603931 |  格林达  | 39.6  |  25.1  | -2.9 |   1.4   |   2.2   |
| 电子化学品 | 688019 | 安集科技 | 150.6 |  95.1  | -3.4 |  -2.4   |  -3.3   |
| 电子化学品 | 300398 | 飞凯材料 | 118.9 |  21.4  | -3.5 |  -1.1   |   2.7   |
| 电子化学品 | 002584 | 西陇科学 | 45.9  |  13.7  | -3.6 |   1.6   |   3.7   |
| 电子化学品 | 300655 | 晶瑞电材 | 112.8 |  88.2  | -3.6 |   8.4   |  13.3   |
| 电子化学品 | 688550 | 瑞联新材 | 67.3  |  21.1  | -4.4 |  -4.5   |   0.8   |
| 电子化学品 | 688106 | 金宏气体 | 93.0  |  59.9  | -4.9 |  -3.3   |   1.1   |
+------------+--------+----------+-------+--------+------+---------+---------+
