[行业>市值]
+----------+--------+----------+--------+-------+------+---------+---------+
|   行业   |  代码  |   名称   |  市值  |  pe   | 涨幅 | 3日涨幅 | 6日涨幅 |
+----------+--------+----------+--------+-------+------+---------+---------+
| 石油行业 | 601857 | 中国石油 | 9718.0 |  6.2  | -0.9 |   1.3   |  -0.6   |
| 石油行业 | 600938 | 中国海油 | 8398.0 |  6.1  | -3.0 |   3.5   |   1.9   |
| 石油行业 | 600028 | 中国石化 | 4964.0 |  5.5  | 0.0  |   0.5   |   0.7   |
| 石油行业 | 600256 | 广汇能源 | 694.0  |  7.8  | -0.5 |  14.3   |  11.8   |
| 石油行业 | 600688 | 上海石化 | 345.3  | 40.4  | -1.2 |  -0.6   |  -1.5   |
| 石油行业 | 600777 | 新潮能源 | 184.3  |  8.8  | -1.8 |  10.2   |   7.1   |
| 石油行业 | 002221 | 东华能源 | 154.3  | 36.2  | -0.2 |   8.5   |   5.6   |
| 石油行业 | 000059 | 华锦股份 |  94.8  |  8.3  | -1.5 |  -0.3   |  -2.5   |
| 石油行业 | 600759 |  ST洲际  |  55.9  | 18.0  | -1.6 |   2.1   |   0.4   |
| 石油行业 | 000096 | 广聚能源 |  50.7  | 135.2 | -3.3 |   0.0   |  -3.8   |
| 石油行业 | 000819 | 岳阳兴长 |  40.5  | 85.9  | -4.4 |  -1.4   |  -1.2   |
| 石油行业 | 000698 | 沈阳化工 |  35.9  | -7.8  | -1.6 |   0.0   |  -0.5   |
| 石油行业 | 603353 | 和顺石油 |  32.4  | 39.3  | -2.5 |  -0.3   |  -6.2   |
| 石油行业 | 000159 | 国际实业 |  31.1  | 37.0  | -1.8 |   0.3   |  10.0   |
| 石油行业 | 600387 |  ST海越  |  30.1  | 43.9  | -2.0 |   0.0   |   2.3   |
| 石油行业 | 000554 | 泰山石油 |  25.4  | 223.4 | -3.5 |  -1.5   |  -2.8   |
| 石油行业 | 000637 | 茂化实华 |  23.6  | -78.3 | -3.2 |  -1.9   |  -6.0   |
| 石油行业 | 300839 | 博汇股份 |  23.3  | 28.7  | -2.4 |  -1.6   |  -0.4   |
| 石油行业 | 603798 |  康普顿  |  20.1  | 16.4  | -2.5 |   0.4   |   0.2   |
| 石油行业 | 002778 | 中晟高科 |  16.2  | 364.3 | -3.7 |  -1.4   |  -0.8   |
| 石油行业 | 300023 |  宝德退  |  0.0   |  0.0  | 0.0  |   0.0   |   0.0   |
+----------+--------+----------+--------+-------+------+---------+---------+
 




 [行业>单日涨幅]
+----------+--------+----------+--------+-------+------+---------+---------+
|   行业   |  代码  |   名称   |  市值  |  pe   | 涨幅 | 3日涨幅 | 6日涨幅 |
+----------+--------+----------+--------+-------+------+---------+---------+
| 石油行业 | 600028 | 中国石化 | 4964.0 |  5.5  | 0.0  |   0.5   |   0.7   |
| 石油行业 | 300023 |  宝德退  |  0.0   |  0.0  | 0.0  |   0.0   |   0.0   |
| 石油行业 | 002221 | 东华能源 | 154.3  | 36.2  | -0.2 |   8.5   |   5.6   |
| 石油行业 | 600256 | 广汇能源 | 694.0  |  7.8  | -0.5 |  14.3   |  11.8   |
| 石油行业 | 601857 | 中国石油 | 9718.0 |  6.2  | -0.9 |   1.3   |  -0.6   |
| 石油行业 | 600688 | 上海石化 | 345.3  | 40.4  | -1.2 |  -0.6   |  -1.5   |
| 石油行业 | 000059 | 华锦股份 |  94.8  |  8.3  | -1.5 |  -0.3   |  -2.5   |
| 石油行业 | 000698 | 沈阳化工 |  35.9  | -7.8  | -1.6 |   0.0   |  -0.5   |
| 石油行业 | 600759 |  ST洲际  |  55.9  | 18.0  | -1.6 |   2.1   |   0.4   |
| 石油行业 | 600777 | 新潮能源 | 184.3  |  8.8  | -1.8 |  10.2   |   7.1   |
| 石油行业 | 000159 | 国际实业 |  31.1  | 37.0  | -1.8 |   0.3   |  10.0   |
| 石油行业 | 600387 |  ST海越  |  30.1  | 43.9  | -2.0 |   0.0   |   2.3   |
| 石油行业 | 300839 | 博汇股份 |  23.3  | 28.7  | -2.4 |  -1.6   |  -0.4   |
| 石油行业 | 603353 | 和顺石油 |  32.4  | 39.3  | -2.5 |  -0.3   |  -6.2   |
| 石油行业 | 603798 |  康普顿  |  20.1  | 16.4  | -2.5 |   0.4   |   0.2   |
| 石油行业 | 600938 | 中国海油 | 8398.0 |  6.1  | -3.0 |   3.5   |   1.9   |
| 石油行业 | 000637 | 茂化实华 |  23.6  | -78.3 | -3.2 |  -1.9   |  -6.0   |
| 石油行业 | 000096 | 广聚能源 |  50.7  | 135.2 | -3.3 |   0.0   |  -3.8   |
| 石油行业 | 000554 | 泰山石油 |  25.4  | 223.4 | -3.5 |  -1.5   |  -2.8   |
| 石油行业 | 002778 | 中晟高科 |  16.2  | 364.3 | -3.7 |  -1.4   |  -0.8   |
| 石油行业 | 000819 | 岳阳兴长 |  40.5  | 85.9  | -4.4 |  -1.4   |  -1.2   |
+----------+--------+----------+--------+-------+------+---------+---------+
