[行业>市值]
+----------+--------+----------+-------+--------+------+---------+---------+
|   行业   |  代码  |   名称   | 市值  |   pe   | 涨幅 | 3日涨幅 | 6日涨幅 |
+----------+--------+----------+-------+--------+------+---------+---------+
| 综合行业 | 000009 | 中国宝安 | 337.4 |  51.1  | -6.4 |  -7.4   |  -9.4   |
| 综合行业 | 600673 |  东阳光  | 268.8 |  23.4  | -2.0 |  -1.1   |   2.6   |
| 综合行业 | 000958 | 电投产融 | 244.9 |  20.1  | -3.6 |  -4.0   |  -4.6   |
| 综合行业 | 600770 | 综艺股份 | 105.4 | -18.0  | 0.0  |   2.4   |   2.1   |
| 综合行业 | 000158 | 常山北明 | 95.9  | -27.7  | -1.5 |  -1.5   |  -0.8   |
| 综合行业 | 000839 |  ST国安  | 81.5  | -13.9  | -1.4 |  -2.8   |   2.5   |
| 综合行业 | 000861 | 海印股份 | 68.6  |  16.9  | -3.2 |  -3.5   |   2.3   |
| 综合行业 | 002758 | 浙农股份 | 65.8  |  11.8  | -4.2 |  -3.4   |  -0.1   |
| 综合行业 | 000833 | 粤桂股份 | 60.7  |  42.6  | -3.0 |   3.5   |   1.4   |
| 综合行业 | 000652 | 泰达股份 | 58.7  | 378.6  | -2.5 |  -2.9   |   2.6   |
| 综合行业 | 000803 | 北清环能 | 54.4  |  33.6  | -2.1 |  -3.2   |  -3.2   |
| 综合行业 | 600784 | 鲁银投资 | 48.8  |  20.9  | -1.6 |  -0.8   |   4.8   |
| 综合行业 | 000576 | 甘化科工 | 48.0  |  47.6  | -5.3 |  -4.8   |  -4.1   |
| 综合行业 | 600624 | 复旦复华 | 46.3  | 200.9  | -3.0 |  -4.2   |  -3.1   |
| 综合行业 | 000909 | 数源科技 | 42.7  | 218.9  | -3.9 |  -7.7   |  -10.8  |
| 综合行业 | 600805 | 悦达投资 | 41.7  |  12.5  | -4.8 |  -2.0   |  -2.2   |
| 综合行业 | 000532 | 华金资本 | 41.0  |  73.1  | -1.9 |  -3.6   |  -2.6   |
| 综合行业 | 600568 |  ST中珠  | 32.1  | -195.3 | -0.6 |  -0.6   |  -4.2   |
| 综合行业 | 600113 | 浙江东日 | 30.6  |  16.7  | -2.0 |   4.2   |   3.5   |
| 综合行业 | 000409 | 云鼎科技 | 28.1  | 270.3  | -2.0 |   0.7   |   0.0   |
| 综合行业 | 600051 | 宁波联合 | 20.9  | -94.1  | -1.0 |   2.7   |   3.2   |
| 综合行业 | 000632 | 三木集团 | 19.9  |  78.7  | -0.5 |   2.6   |   0.7   |
| 综合行业 | 002591 | 恒大高新 | 15.2  | -138.9 | -2.3 |  -0.4   |  -0.4   |
+----------+--------+----------+-------+--------+------+---------+---------+
 




 [行业>单日涨幅]
+----------+--------+----------+-------+--------+------+---------+---------+
|   行业   |  代码  |   名称   | 市值  |   pe   | 涨幅 | 3日涨幅 | 6日涨幅 |
+----------+--------+----------+-------+--------+------+---------+---------+
| 综合行业 | 600770 | 综艺股份 | 105.4 | -18.0  | 0.0  |   2.4   |   2.1   |
| 综合行业 | 000632 | 三木集团 | 19.9  |  78.7  | -0.5 |   2.6   |   0.7   |
| 综合行业 | 600568 |  ST中珠  | 32.1  | -195.3 | -0.6 |  -0.6   |  -4.2   |
| 综合行业 | 600051 | 宁波联合 | 20.9  | -94.1  | -1.0 |   2.7   |   3.2   |
| 综合行业 | 000839 |  ST国安  | 81.5  | -13.9  | -1.4 |  -2.8   |   2.5   |
| 综合行业 | 000158 | 常山北明 | 95.9  | -27.7  | -1.5 |  -1.5   |  -0.8   |
| 综合行业 | 600784 | 鲁银投资 | 48.8  |  20.9  | -1.6 |  -0.8   |   4.8   |
| 综合行业 | 000532 | 华金资本 | 41.0  |  73.1  | -1.9 |  -3.6   |  -2.6   |
| 综合行业 | 000409 | 云鼎科技 | 28.1  | 270.3  | -2.0 |   0.7   |   0.0   |
| 综合行业 | 600673 |  东阳光  | 268.8 |  23.4  | -2.0 |  -1.1   |   2.6   |
| 综合行业 | 600113 | 浙江东日 | 30.6  |  16.7  | -2.0 |   4.2   |   3.5   |
| 综合行业 | 000803 | 北清环能 | 54.4  |  33.6  | -2.1 |  -3.2   |  -3.2   |
| 综合行业 | 002591 | 恒大高新 | 15.2  | -138.9 | -2.3 |  -0.4   |  -0.4   |
| 综合行业 | 000652 | 泰达股份 | 58.7  | 378.6  | -2.5 |  -2.9   |   2.6   |
| 综合行业 | 000833 | 粤桂股份 | 60.7  |  42.6  | -3.0 |   3.5   |   1.4   |
| 综合行业 | 600624 | 复旦复华 | 46.3  | 200.9  | -3.0 |  -4.2   |  -3.1   |
| 综合行业 | 000861 | 海印股份 | 68.6  |  16.9  | -3.2 |  -3.5   |   2.3   |
| 综合行业 | 000958 | 电投产融 | 244.9 |  20.1  | -3.6 |  -4.0   |  -4.6   |
| 综合行业 | 000909 | 数源科技 | 42.7  | 218.9  | -3.9 |  -7.7   |  -10.8  |
| 综合行业 | 002758 | 浙农股份 | 65.8  |  11.8  | -4.2 |  -3.4   |  -0.1   |
| 综合行业 | 600805 | 悦达投资 | 41.7  |  12.5  | -4.8 |  -2.0   |  -2.2   |
| 综合行业 | 000576 | 甘化科工 | 48.0  |  47.6  | -5.3 |  -4.8   |  -4.1   |
| 综合行业 | 000009 | 中国宝安 | 337.4 |  51.1  | -6.4 |  -7.4   |  -9.4   |
+----------+--------+----------+-------+--------+------+---------+---------+
