[行业>市值]
+----------+--------+----------+--------+----------+------+---------+---------+
|   行业   |  代码  |   名称   |  市值  |    pe    | 涨幅 | 3日涨幅 | 6日涨幅 |
+----------+--------+----------+--------+----------+------+---------+---------+
| 美容护理 | 300896 |  爱美客  | 1251.0 |  111.6   | 0.3  |   2.5   |   2.6   |
| 美容护理 | 300957 |  贝泰妮  | 901.2  |  154.3   | -3.4 |  -2.0   |   1.5   |
| 美容护理 | 688363 | 华熙生物 | 658.0  |   82.4   | -0.8 |   0.4   |  -7.3   |
| 美容护理 | 603605 |  珀莱雅  | 459.9  |   72.6   | 0.7  |   4.2   |   4.7   |
| 美容护理 | 300888 | 稳健医疗 | 277.5  |   19.4   | -2.2 |   4.0   |   3.1   |
| 美容护理 | 600315 | 上海家化 | 264.1  |   33.1   | 3.1  |   3.7   |   3.2   |
| 美容护理 | 002511 | 中顺洁柔 | 161.6  |   30.3   | -2.0 |   0.4   |   3.1   |
| 美容护理 | 002243 | 力合科创 | 123.2  |   88.5   | -3.7 |  -7.5   |   0.8   |
| 美容护理 | 603983 | 丸美股份 | 105.2  |   40.1   | -1.5 |   1.0   |   0.1   |
| 美容护理 | 300856 | 科思股份 |  68.6  |   29.5   | 2.6  |   1.7   |  -2.9   |
| 美容护理 | 000523 | 广州浪奇 |  61.8  |  -120.2  | -2.3 |  -1.3   |  -2.0   |
| 美容护理 | 605009 | 豪悦护理 |  59.6  |   27.1   | 0.2  |   0.5   |  -0.6   |
| 美容护理 | 000615 | 奥园美谷 |  59.1  |  -38.1   | 6.0  |   7.5   |   6.9   |
| 美容护理 | 300740 | 水羊股份 |  53.5  |   32.2   | 0.6  |   3.3   |   2.2   |
| 美容护理 | 003006 | 百亚股份 |  50.5  |   22.8   | -2.5 |  -1.0   |  -4.0   |
| 美容护理 | 300132 | 青松股份 |  36.1  |  -14.8   | 3.2  |   3.1   |   2.5   |
| 美容护理 | 301009 | 可靠股份 |  33.8  |  431.2   | -2.9 |  -0.9   |  -3.3   |
| 美容护理 | 603630 | 拉芳家化 |  31.2  |  -305.0  | -1.3 |  -2.5   |  -2.1   |
| 美容护理 | 002919 | 名臣健康 |  31.1  |  474.9   | -1.3 |   0.4   |   3.5   |
| 美容护理 | 001206 | 依依股份 |  29.9  |   40.8   | 0.8  |   3.3   |   3.0   |
| 美容护理 | 600249 |  两面针  |  27.9  |  -23.6   | -0.4 |   0.8   |  -0.4   |
| 美容护理 | 002094 | 青岛金王 |  24.9  |   47.2   | -2.7 |  -3.0   |  -7.0   |
| 美容护理 | 300955 | 嘉亨家化 |  24.0  |   35.8   | -2.0 |  -0.9   |  -1.4   |
| 美容护理 | 300886 | 华业香料 |  23.3  |   83.9   | -0.0 |   6.2   |   5.6   |
| 美容护理 | 300658 | 延江股份 |  20.5  |   76.6   | -1.3 |   3.0   |   3.9   |
| 美容护理 | 603238 | 诺邦股份 |  19.2  |   63.3   | -0.2 |   4.4   |   4.2   |
| 美容护理 | 603059 |  倍加洁  |  18.7  | -12398.0 | -2.9 |   1.1   |   2.8   |
| 美容护理 | 300849 | 锦盛新材 |  18.0  |  202.9   | 0.3  |   0.6   |   1.8   |
+----------+--------+----------+--------+----------+------+---------+---------+
 




 [行业>单日涨幅]
+----------+--------+----------+--------+----------+------+---------+---------+
|   行业   |  代码  |   名称   |  市值  |    pe    | 涨幅 | 3日涨幅 | 6日涨幅 |
+----------+--------+----------+--------+----------+------+---------+---------+
| 美容护理 | 000615 | 奥园美谷 |  59.1  |  -38.1   | 6.0  |   7.5   |   6.9   |
| 美容护理 | 300132 | 青松股份 |  36.1  |  -14.8   | 3.2  |   3.1   |   2.5   |
| 美容护理 | 600315 | 上海家化 | 264.1  |   33.1   | 3.1  |   3.7   |   3.2   |
| 美容护理 | 300856 | 科思股份 |  68.6  |   29.5   | 2.6  |   1.7   |  -2.9   |
| 美容护理 | 001206 | 依依股份 |  29.9  |   40.8   | 0.8  |   3.3   |   3.0   |
| 美容护理 | 603605 |  珀莱雅  | 459.9  |   72.6   | 0.7  |   4.2   |   4.7   |
| 美容护理 | 300740 | 水羊股份 |  53.5  |   32.2   | 0.6  |   3.3   |   2.2   |
| 美容护理 | 300849 | 锦盛新材 |  18.0  |  202.9   | 0.3  |   0.6   |   1.8   |
| 美容护理 | 300896 |  爱美客  | 1251.0 |  111.6   | 0.3  |   2.5   |   2.6   |
| 美容护理 | 605009 | 豪悦护理 |  59.6  |   27.1   | 0.2  |   0.5   |  -0.6   |
| 美容护理 | 300886 | 华业香料 |  23.3  |   83.9   | -0.0 |   6.2   |   5.6   |
| 美容护理 | 603238 | 诺邦股份 |  19.2  |   63.3   | -0.2 |   4.4   |   4.2   |
| 美容护理 | 600249 |  两面针  |  27.9  |  -23.6   | -0.4 |   0.8   |  -0.4   |
| 美容护理 | 688363 | 华熙生物 | 658.0  |   82.4   | -0.8 |   0.4   |  -7.3   |
| 美容护理 | 603630 | 拉芳家化 |  31.2  |  -305.0  | -1.3 |  -2.5   |  -2.1   |
| 美容护理 | 002919 | 名臣健康 |  31.1  |  474.9   | -1.3 |   0.4   |   3.5   |
| 美容护理 | 300658 | 延江股份 |  20.5  |   76.6   | -1.3 |   3.0   |   3.9   |
| 美容护理 | 603983 | 丸美股份 | 105.2  |   40.1   | -1.5 |   1.0   |   0.1   |
| 美容护理 | 002511 | 中顺洁柔 | 161.6  |   30.3   | -2.0 |   0.4   |   3.1   |
| 美容护理 | 300955 | 嘉亨家化 |  24.0  |   35.8   | -2.0 |  -0.9   |  -1.4   |
| 美容护理 | 300888 | 稳健医疗 | 277.5  |   19.4   | -2.2 |   4.0   |   3.1   |
| 美容护理 | 000523 | 广州浪奇 |  61.8  |  -120.2  | -2.3 |  -1.3   |  -2.0   |
| 美容护理 | 003006 | 百亚股份 |  50.5  |   22.8   | -2.5 |  -1.0   |  -4.0   |
| 美容护理 | 002094 | 青岛金王 |  24.9  |   47.2   | -2.7 |  -3.0   |  -7.0   |
| 美容护理 | 301009 | 可靠股份 |  33.8  |  431.2   | -2.9 |  -0.9   |  -3.3   |
| 美容护理 | 603059 |  倍加洁  |  18.7  | -12398.0 | -2.9 |   1.1   |   2.8   |
| 美容护理 | 300957 |  贝泰妮  | 901.2  |  154.3   | -3.4 |  -2.0   |   1.5   |
| 美容护理 | 002243 | 力合科创 | 123.2  |   88.5   | -3.7 |  -7.5   |   0.8   |
+----------+--------+----------+--------+----------+------+---------+---------+
