[行业>市值]
+----------+--------+----------+-------+--------+------+---------+---------+
|   行业   |  代码  |   名称   | 市值  |   pe   | 涨幅 | 3日涨幅 | 6日涨幅 |
+----------+--------+----------+-------+--------+------+---------+---------+
| 铁路公路 | 001965 | 招商公路 | 467.7 |  10.7  | 0.3  |   1.3   |  -3.2   |
| 铁路公路 | 600377 | 宁沪高速 | 426.2 |  13.4  | -0.3 |   0.9   |   0.0   |
| 铁路公路 | 600350 | 山东高速 | 252.6 |  8.8   | -0.8 |   0.0   |  -0.2   |
| 铁路公路 | 600548 |  深高速  | 205.6 |  12.5  | -0.2 |   0.0   |   0.4   |
| 铁路公路 | 000429 | 粤高速Ａ  | 168.5 |  9.8   | -0.9 |  -0.6   |  -1.1   |
| 铁路公路 | 600662 | 外服控股 | 152.3 |  22.0  | -1.6 |   2.9   |   5.9   |
| 铁路公路 | 603032 | 德新交运 | 132.2 |  63.7  | -6.8 |  -3.5   |  -7.8   |
| 铁路公路 | 603069 | 海汽集团 | 132.1 | -202.6 | 0.4  |   0.4   |   3.5   |
| 铁路公路 | 600012 | 皖通高速 | 122.6 |  7.5   | -0.4 |   1.0   |   0.3   |
| 铁路公路 | 601107 | 四川成渝 | 120.5 |  12.0  | -0.8 |  -2.0   |  -4.8   |
| 铁路公路 | 000828 | 东莞控股 | 106.1 |  15.6  | -0.8 |   0.5   |   1.6   |
| 铁路公路 | 600269 | 赣粤高速 | 80.6  |  6.1   | -1.1 |  -0.3   |  -0.3   |
| 铁路公路 | 600033 | XD福建高 | 75.8  |  8.4   | -0.7 |   0.4   |   1.5   |
| 铁路公路 | 600611 | 大众交通 | 75.4  |  -7.2  | -0.9 |   0.3   |   0.6   |
| 铁路公路 | 600650 | 锦江在线 | 70.5  |  3.1   | 3.0  |   1.3   |   2.4   |
| 铁路公路 | 600620 | 天宸股份 | 70.1  | -72.3  | 4.1  |   1.9   |  12.1   |
| 铁路公路 | 600020 | 中原高速 | 69.4  |  12.3  | -0.6 |  -0.3   |  -0.6   |
| 铁路公路 | 000900 | 现代投资 | 62.5  |  9.7   | -1.9 |  -1.7   |  -2.8   |
| 铁路公路 | 000755 | 山西路桥 | 62.4  |  16.2  | 7.0  |   9.5   |   7.0   |
| 铁路公路 | 000885 | 城发环境 | 58.9  |  6.6   | -1.3 |   0.9   |   0.8   |
| 铁路公路 | 600106 | 重庆路桥 | 56.8  |  94.0  | -5.3 |   4.4   |   1.9   |
| 铁路公路 | 600035 | 楚天高速 | 52.0  |  5.2   | -1.2 |   0.3   |   0.6   |
| 铁路公路 | 002627 | 三峡旅游 | 44.8  |  78.7  | -1.1 |   1.3   |   5.0   |
| 铁路公路 | 600834 | 申通地铁 | 43.4  |  59.7  | 0.8  |   0.3   |   3.9   |
| 铁路公路 | 600368 | 五洲交通 | 43.1  |  6.0   | -0.8 |  -0.1   |  -1.6   |
| 铁路公路 | 601188 | 龙江交通 | 41.6  |  17.6  | 0.0  |   1.9   |  -1.2   |
| 铁路公路 | 601518 | 吉林高速 | 35.4  |  10.4  | -0.8 |   0.0   |  -0.6   |
| 铁路公路 | 000548 | 湖南投资 | 22.5  |  68.5  | -0.7 |   0.7   |  -2.6   |
| 铁路公路 | 002357 | 富临运业 | 18.6  |  10.1  | 3.9  |   4.6   |   9.4   |
| 铁路公路 | 600561 | 江西长运 | 15.2  | -23.6  | -2.0 |   1.1   |   3.1   |
+----------+--------+----------+-------+--------+------+---------+---------+
 




 [行业>单日涨幅]
+----------+--------+----------+-------+--------+------+---------+---------+
|   行业   |  代码  |   名称   | 市值  |   pe   | 涨幅 | 3日涨幅 | 6日涨幅 |
+----------+--------+----------+-------+--------+------+---------+---------+
| 铁路公路 | 000755 | 山西路桥 | 62.4  |  16.2  | 7.0  |   9.5   |   7.0   |
| 铁路公路 | 600620 | 天宸股份 | 70.1  | -72.3  | 4.1  |   1.9   |  12.1   |
| 铁路公路 | 002357 | 富临运业 | 18.6  |  10.1  | 3.9  |   4.6   |   9.4   |
| 铁路公路 | 600650 | 锦江在线 | 70.5  |  3.1   | 3.0  |   1.3   |   2.4   |
| 铁路公路 | 600834 | 申通地铁 | 43.4  |  59.7  | 0.8  |   0.3   |   3.9   |
| 铁路公路 | 603069 | 海汽集团 | 132.1 | -202.6 | 0.4  |   0.4   |   3.5   |
| 铁路公路 | 001965 | 招商公路 | 467.7 |  10.7  | 0.3  |   1.3   |  -3.2   |
| 铁路公路 | 601188 | 龙江交通 | 41.6  |  17.6  | 0.0  |   1.9   |  -1.2   |
| 铁路公路 | 600548 |  深高速  | 205.6 |  12.5  | -0.2 |   0.0   |   0.4   |
| 铁路公路 | 600377 | 宁沪高速 | 426.2 |  13.4  | -0.3 |   0.9   |   0.0   |
| 铁路公路 | 600012 | 皖通高速 | 122.6 |  7.5   | -0.4 |   1.0   |   0.3   |
| 铁路公路 | 600020 | 中原高速 | 69.4  |  12.3  | -0.6 |  -0.3   |  -0.6   |
| 铁路公路 | 000548 | 湖南投资 | 22.5  |  68.5  | -0.7 |   0.7   |  -2.6   |
| 铁路公路 | 600033 | XD福建高 | 75.8  |  8.4   | -0.7 |   0.4   |   1.5   |
| 铁路公路 | 600350 | 山东高速 | 252.6 |  8.8   | -0.8 |   0.0   |  -0.2   |
| 铁路公路 | 601107 | 四川成渝 | 120.5 |  12.0  | -0.8 |  -2.0   |  -4.8   |
| 铁路公路 | 601518 | 吉林高速 | 35.4  |  10.4  | -0.8 |   0.0   |  -0.6   |
| 铁路公路 | 000828 | 东莞控股 | 106.1 |  15.6  | -0.8 |   0.5   |   1.6   |
| 铁路公路 | 600368 | 五洲交通 | 43.1  |  6.0   | -0.8 |  -0.1   |  -1.6   |
| 铁路公路 | 000429 | 粤高速Ａ  | 168.5 |  9.8   | -0.9 |  -0.6   |  -1.1   |
| 铁路公路 | 600611 | 大众交通 | 75.4  |  -7.2  | -0.9 |   0.3   |   0.6   |
| 铁路公路 | 002627 | 三峡旅游 | 44.8  |  78.7  | -1.1 |   1.3   |   5.0   |
| 铁路公路 | 600269 | 赣粤高速 | 80.6  |  6.1   | -1.1 |  -0.3   |  -0.3   |
| 铁路公路 | 600035 | 楚天高速 | 52.0  |  5.2   | -1.2 |   0.3   |   0.6   |
| 铁路公路 | 000885 | 城发环境 | 58.9  |  6.6   | -1.3 |   0.9   |   0.8   |
| 铁路公路 | 600662 | 外服控股 | 152.3 |  22.0  | -1.6 |   2.9   |   5.9   |
| 铁路公路 | 000900 | 现代投资 | 62.5  |  9.7   | -1.9 |  -1.7   |  -2.8   |
| 铁路公路 | 600561 | 江西长运 | 15.2  | -23.6  | -2.0 |   1.1   |   3.1   |
| 铁路公路 | 600106 | 重庆路桥 | 56.8  |  94.0  | -5.3 |   4.4   |   1.9   |
| 铁路公路 | 603032 | 德新交运 | 132.2 |  63.7  | -6.8 |  -3.5   |  -7.8   |
+----------+--------+----------+-------+--------+------+---------+---------+
