[行业>市值]
+------+--------+----------+--------+------+------+---------+---------+
| 行业 |  代码  |   名称   |  市值  |  pe  | 涨幅 | 3日涨幅 | 6日涨幅 |
+------+--------+----------+--------+------+------+---------+---------+
| 保险 | 601628 | 中国人寿 | 7911.0 | 13.0 | -1.6 |  -4.2   |  -5.2   |
| 保险 | 601318 | 中国平安 | 7807.0 | 9.4  | -2.0 |  -6.2   |  -6.3   |
| 保险 | 601319 | 中国人保 | 2096.0 | 6.0  | -2.5 |  -4.2   |  -4.2   |
| 保险 | 601601 | 中国太保 | 1975.0 | 9.1  | -2.8 |  -6.0   |  -6.7   |
| 保险 | 601336 | 新华保险 | 920.9  | 17.1 | -2.1 |  -4.3   |  -6.0   |
| 保险 | 000627 | 天茂集团 | 162.5  | 27.6 | -2.4 |  -4.1   |  -3.0   |
+------+--------+----------+--------+------+------+---------+---------+
 




 [行业>单日涨幅]
+------+--------+----------+--------+------+------+---------+---------+
| 行业 |  代码  |   名称   |  市值  |  pe  | 涨幅 | 3日涨幅 | 6日涨幅 |
+------+--------+----------+--------+------+------+---------+---------+
| 保险 | 601628 | 中国人寿 | 7911.0 | 13.0 | -1.6 |  -4.2   |  -5.2   |
| 保险 | 601318 | 中国平安 | 7807.0 | 9.4  | -2.0 |  -6.2   |  -6.3   |
| 保险 | 601336 | 新华保险 | 920.9  | 17.1 | -2.1 |  -4.3   |  -6.0   |
| 保险 | 000627 | 天茂集团 | 162.5  | 27.6 | -2.4 |  -4.1   |  -3.0   |
| 保险 | 601319 | 中国人保 | 2096.0 | 6.0  | -2.5 |  -4.2   |  -4.2   |
| 保险 | 601601 | 中国太保 | 1975.0 | 9.1  | -2.8 |  -6.0   |  -6.7   |
+------+--------+----------+--------+------+------+---------+---------+
