[行业>市值]
+----------+--------+----------+--------+-------+------+---------+---------+
|   行业   |  代码  |   名称   |  市值  |  pe   | 涨幅 | 3日涨幅 | 6日涨幅 |
+----------+--------+----------+--------+-------+------+---------+---------+
| 化纤行业 | 002493 | 荣盛石化 | 1470.0 | 11.8  | -5.0 |  -4.8   |  -1.4   |
| 化纤行业 | 600346 | 恒力石化 | 1447.0 |  8.6  | -2.0 |  -3.2   |  -3.3   |
| 化纤行业 | 000301 | 东方盛虹 | 1061.0 | 38.5  | 0.0  |   8.2   |   6.0   |
| 化纤行业 | 002064 | 华峰化学 | 376.2  |  6.9  | -0.8 |  -1.9   |  -9.2   |
| 化纤行业 | 688295 | 中复神鹰 | 360.9  | 76.6  | 3.2  |   5.8   |   1.4   |
| 化纤行业 | 000703 | 恒逸石化 | 347.6  | 11.9  | -1.9 |  -4.9   |  -3.8   |
| 化纤行业 | 601233 | 桐昆股份 | 345.5  |  5.8  | -2.9 |  -3.4   |  -6.1   |
| 化纤行业 | 300777 | 中简科技 | 214.7  | 59.2  | -1.5 |  -1.5   |  -3.3   |
| 化纤行业 | 603225 |  新凤鸣  | 153.7  | 13.5  | -4.4 |  -5.2   |  -9.9   |
| 化纤行业 | 600063 | 皖维高新 | 137.5  |  8.3  | -3.4 |  -1.8   |  -7.0   |
| 化纤行业 | 002254 | 泰和新材 | 107.0  | 18.3  | -1.9 |   0.4   |  -4.6   |
| 化纤行业 | 000420 | 吉林化纤 | 104.3  | -53.2 | -4.2 |   1.3   |  -6.0   |
| 化纤行业 | 600810 | 神马股份 |  87.0  |  5.9  | -2.6 |  -3.4   |  -7.7   |
| 化纤行业 | 002206 |  海利得  |  72.5  | 14.8  | -2.5 |  -0.2   |  -1.8   |
| 化纤行业 | 601113 | 华鼎股份 |  48.4  | -15.9 | 3.7  |   2.7   |   0.2   |
| 化纤行业 | 000949 | 新乡化纤 |  48.3  | 29.5  | -3.0 |  -7.3   |  -10.1  |
| 化纤行业 | 000936 | 华西股份 |  44.0  | 56.9  | -3.3 |  -2.5   |  -5.9   |
| 化纤行业 | 002427 | *ST尤夫  |  40.2  | -5.7  | -5.0 |  -6.2   |  -4.0   |
| 化纤行业 | 603332 | 苏州龙杰 |  39.3  | -73.2 | -2.0 |  -1.5   |   0.8   |
| 化纤行业 | 600527 | 江南高纤 |  37.6  | 58.8  | -4.4 |  -4.0   |  -4.4   |
| 化纤行业 | 688722 |  同益中  |  36.1  | 29.5  | -2.7 |  -0.1   |  -7.8   |
| 化纤行业 | 000677 | 恒天海龙 |  25.4  | 40.9  | -3.9 |  -3.9   |  -4.8   |
| 化纤行业 | 301057 | 汇隆新材 |  25.3  | 51.0  | -1.8 |  -5.9   |  -12.3  |
| 化纤行业 | 000782 | 美达股份 |  24.4  | 30.7  | -1.5 |  -0.2   |  -1.1   |
| 化纤行业 | 002998 | 优彩资源 |  22.2  | 18.6  | -2.7 |   0.9   |  -1.2   |
| 化纤行业 | 300876 | 蒙泰高新 |  22.2  | 36.6  | -4.1 |  -1.0   |   4.7   |
| 化纤行业 | 600889 | 南京化纤 |  17.1  | -13.6 | -3.1 |  -2.3   |  -4.3   |
+----------+--------+----------+--------+-------+------+---------+---------+
 




 [行业>单日涨幅]
+----------+--------+----------+--------+-------+------+---------+---------+
|   行业   |  代码  |   名称   |  市值  |  pe   | 涨幅 | 3日涨幅 | 6日涨幅 |
+----------+--------+----------+--------+-------+------+---------+---------+
| 化纤行业 | 601113 | 华鼎股份 |  48.4  | -15.9 | 3.7  |   2.7   |   0.2   |
| 化纤行业 | 688295 | 中复神鹰 | 360.9  | 76.6  | 3.2  |   5.8   |   1.4   |
| 化纤行业 | 000301 | 东方盛虹 | 1061.0 | 38.5  | 0.0  |   8.2   |   6.0   |
| 化纤行业 | 002064 | 华峰化学 | 376.2  |  6.9  | -0.8 |  -1.9   |  -9.2   |
| 化纤行业 | 000782 | 美达股份 |  24.4  | 30.7  | -1.5 |  -0.2   |  -1.1   |
| 化纤行业 | 300777 | 中简科技 | 214.7  | 59.2  | -1.5 |  -1.5   |  -3.3   |
| 化纤行业 | 301057 | 汇隆新材 |  25.3  | 51.0  | -1.8 |  -5.9   |  -12.3  |
| 化纤行业 | 000703 | 恒逸石化 | 347.6  | 11.9  | -1.9 |  -4.9   |  -3.8   |
| 化纤行业 | 002254 | 泰和新材 | 107.0  | 18.3  | -1.9 |   0.4   |  -4.6   |
| 化纤行业 | 603332 | 苏州龙杰 |  39.3  | -73.2 | -2.0 |  -1.5   |   0.8   |
| 化纤行业 | 600346 | 恒力石化 | 1447.0 |  8.6  | -2.0 |  -3.2   |  -3.3   |
| 化纤行业 | 002206 |  海利得  |  72.5  | 14.8  | -2.5 |  -0.2   |  -1.8   |
| 化纤行业 | 600810 | 神马股份 |  87.0  |  5.9  | -2.6 |  -3.4   |  -7.7   |
| 化纤行业 | 002998 | 优彩资源 |  22.2  | 18.6  | -2.7 |   0.9   |  -1.2   |
| 化纤行业 | 688722 |  同益中  |  36.1  | 29.5  | -2.7 |  -0.1   |  -7.8   |
| 化纤行业 | 601233 | 桐昆股份 | 345.5  |  5.8  | -2.9 |  -3.4   |  -6.1   |
| 化纤行业 | 000949 | 新乡化纤 |  48.3  | 29.5  | -3.0 |  -7.3   |  -10.1  |
| 化纤行业 | 600889 | 南京化纤 |  17.1  | -13.6 | -3.1 |  -2.3   |  -4.3   |
| 化纤行业 | 000936 | 华西股份 |  44.0  | 56.9  | -3.3 |  -2.5   |  -5.9   |
| 化纤行业 | 600063 | 皖维高新 | 137.5  |  8.3  | -3.4 |  -1.8   |  -7.0   |
| 化纤行业 | 000677 | 恒天海龙 |  25.4  | 40.9  | -3.9 |  -3.9   |  -4.8   |
| 化纤行业 | 300876 | 蒙泰高新 |  22.2  | 36.6  | -4.1 |  -1.0   |   4.7   |
| 化纤行业 | 000420 | 吉林化纤 | 104.3  | -53.2 | -4.2 |   1.3   |  -6.0   |
| 化纤行业 | 603225 |  新凤鸣  | 153.7  | 13.5  | -4.4 |  -5.2   |  -9.9   |
| 化纤行业 | 600527 | 江南高纤 |  37.6  | 58.8  | -4.4 |  -4.0   |  -4.4   |
| 化纤行业 | 002493 | 荣盛石化 | 1470.0 | 11.8  | -5.0 |  -4.8   |  -1.4   |
| 化纤行业 | 002427 | *ST尤夫  |  40.2  | -5.7  | -5.0 |  -6.2   |  -4.0   |
+----------+--------+----------+--------+-------+------+---------+---------+
