[行业>市值]
+----------+--------+----------+--------+-------+------+---------+---------+
|   行业   |  代码  |   名称   |  市值  |  pe   | 涨幅 | 3日涨幅 | 6日涨幅 |
+----------+--------+----------+--------+-------+------+---------+---------+
| 化肥行业 | 000792 | 盐湖股份 | 1637.0 | 11.7  | -1.0 |  -2.8   |  -10.9  |
| 化肥行业 | 000408 | 藏格矿业 | 568.3  | 17.4  | -0.1 |   0.5   |  -4.5   |
| 化肥行业 | 600096 |  云天化  | 542.9  |  8.2  | -0.3 |   1.4   |  -9.9   |
| 化肥行业 | 600141 | 兴发集团 | 435.9  |  6.3  | -0.6 |  -0.6   |  -11.8  |
| 化肥行业 | 002312 | 川发龙蟒 | 269.5  | 24.7  | -0.1 |  -0.8   |  -8.1   |
| 化肥行业 | 000893 | 亚钾国际 | 264.9  | 23.6  | -3.3 |   3.1   |  -1.6   |
| 化肥行业 | 000902 |  新洋丰  | 226.9  | 13.9  | -2.2 |  -2.2   |  -5.9   |
| 化肥行业 | 002895 | 川恒股份 | 163.1  | 39.2  | 1.2  |   1.9   |  -7.9   |
| 化肥行业 | 002539 | 云图控股 | 161.0  |  8.7  | 0.8  |   0.9   |  -3.3   |
| 化肥行业 | 603938 | 三孚股份 | 129.0  | 21.4  | 0.1  |   2.6   |  -7.2   |
| 化肥行业 | 002556 | 辉隆股份 | 104.7  | 12.5  | -1.4 |  -1.1   |  -4.9   |
| 化肥行业 | 600078 | *ST澄星  |  97.7  | 36.2  | 2.9  |  13.5   |  19.2   |
| 化肥行业 | 600691 | 阳煤化工 |  91.2  | 24.6  | -2.3 |  -2.3   |  -5.2   |
| 化肥行业 | 002538 |  司尔特  |  87.1  | 14.1  | -0.4 |   0.5   |  -9.7   |
| 化肥行业 | 002274 | 华昌化工 |  84.5  |  8.7  | -2.0 |  -1.3   |  -6.4   |
| 化肥行业 | 002588 |  史丹利  |  79.7  | 13.3  | -1.6 |  -1.7   |  -6.0   |
| 化肥行业 | 000912 |  泸天化  |  77.3  | 13.8  | -1.8 |  -2.4   |  -6.8   |
| 化肥行业 | 002470 |  ST金正  |  76.2  | -73.1 | 0.4  |   1.8   |  -2.5   |
| 化肥行业 | 300505 |  川金诺  |  67.8  | 28.3  | 0.0  |   3.5   |  -4.5   |
| 化肥行业 | 002170 | 芭田股份 |  54.1  | 62.3  | -2.6 |  -1.4   |  -9.8   |
| 化肥行业 | 000731 | 四川美丰 |  53.5  |  7.5  | 2.0  |   2.2   |  -2.0   |
| 化肥行业 | 600470 | 六国化工 |  41.0  | 15.4  | -0.6 |   0.8   |  -7.6   |
| 化肥行业 | 002999 | 天禾股份 |  23.2  | 41.6  | -4.2 |  -4.4   |  -5.5   |
| 化肥行业 | 300387 | 富邦股份 |  18.9  | 35.1  | -4.2 |  -3.1   |  -7.2   |
+----------+--------+----------+--------+-------+------+---------+---------+
 




 [行业>单日涨幅]
+----------+--------+----------+--------+-------+------+---------+---------+
|   行业   |  代码  |   名称   |  市值  |  pe   | 涨幅 | 3日涨幅 | 6日涨幅 |
+----------+--------+----------+--------+-------+------+---------+---------+
| 化肥行业 | 600078 | *ST澄星  |  97.7  | 36.2  | 2.9  |  13.5   |  19.2   |
| 化肥行业 | 000731 | 四川美丰 |  53.5  |  7.5  | 2.0  |   2.2   |  -2.0   |
| 化肥行业 | 002895 | 川恒股份 | 163.1  | 39.2  | 1.2  |   1.9   |  -7.9   |
| 化肥行业 | 002539 | 云图控股 | 161.0  |  8.7  | 0.8  |   0.9   |  -3.3   |
| 化肥行业 | 002470 |  ST金正  |  76.2  | -73.1 | 0.4  |   1.8   |  -2.5   |
| 化肥行业 | 603938 | 三孚股份 | 129.0  | 21.4  | 0.1  |   2.6   |  -7.2   |
| 化肥行业 | 300505 |  川金诺  |  67.8  | 28.3  | 0.0  |   3.5   |  -4.5   |
| 化肥行业 | 000408 | 藏格矿业 | 568.3  | 17.4  | -0.1 |   0.5   |  -4.5   |
| 化肥行业 | 002312 | 川发龙蟒 | 269.5  | 24.7  | -0.1 |  -0.8   |  -8.1   |
| 化肥行业 | 600096 |  云天化  | 542.9  |  8.2  | -0.3 |   1.4   |  -9.9   |
| 化肥行业 | 002538 |  司尔特  |  87.1  | 14.1  | -0.4 |   0.5   |  -9.7   |
| 化肥行业 | 600141 | 兴发集团 | 435.9  |  6.3  | -0.6 |  -0.6   |  -11.8  |
| 化肥行业 | 600470 | 六国化工 |  41.0  | 15.4  | -0.6 |   0.8   |  -7.6   |
| 化肥行业 | 000792 | 盐湖股份 | 1637.0 | 11.7  | -1.0 |  -2.8   |  -10.9  |
| 化肥行业 | 002556 | 辉隆股份 | 104.7  | 12.5  | -1.4 |  -1.1   |  -4.9   |
| 化肥行业 | 002588 |  史丹利  |  79.7  | 13.3  | -1.6 |  -1.7   |  -6.0   |
| 化肥行业 | 000912 |  泸天化  |  77.3  | 13.8  | -1.8 |  -2.4   |  -6.8   |
| 化肥行业 | 002274 | 华昌化工 |  84.5  |  8.7  | -2.0 |  -1.3   |  -6.4   |
| 化肥行业 | 000902 |  新洋丰  | 226.9  | 13.9  | -2.2 |  -2.2   |  -5.9   |
| 化肥行业 | 600691 | 阳煤化工 |  91.2  | 24.6  | -2.3 |  -2.3   |  -5.2   |
| 化肥行业 | 002170 | 芭田股份 |  54.1  | 62.3  | -2.6 |  -1.4   |  -9.8   |
| 化肥行业 | 000893 | 亚钾国际 | 264.9  | 23.6  | -3.3 |   3.1   |  -1.6   |
| 化肥行业 | 002999 | 天禾股份 |  23.2  | 41.6  | -4.2 |  -4.4   |  -5.5   |
| 化肥行业 | 300387 | 富邦股份 |  18.9  | 35.1  | -4.2 |  -3.1   |  -7.2   |
+----------+--------+----------+--------+-------+------+---------+---------+
