[行业>市值]
+----------+--------+----------+-------+--------+-------+---------+---------+
|   行业   |  代码  |   名称   | 市值  |   pe   | 涨幅  | 3日涨幅 | 6日涨幅 |
+----------+--------+----------+-------+--------+-------+---------+---------+
| 多元金融 | 000617 | 中油资本 | 553.7 |  8.0   | -2.0  |  -3.3   |  -2.7   |
| 多元金融 | 000987 | 越秀金控 | 318.1 |  13.6  | -7.8  |  -0.9   |  -2.6   |
| 多元金融 | 600705 | 中航产融 | 280.1 | 611.3  | -2.8  |  -2.5   |  -4.0   |
| 多元金融 | 600927 | 永安期货 | 275.4 | 211.2  | -3.6  |  -2.0   |  -1.9   |
| 多元金融 | 600816 |  ST安信  | 223.7 | -11.7  | -1.0  |   0.0   |  -1.4   |
| 多元金融 | 600390 | 五矿资本 | 208.7 |  7.4   | -3.3  |  -3.9   |  -3.9   |
| 多元金融 | 002423 | 中粮资本 | 151.1 | -11.0  |  2.7  |   2.3   |   1.1   |
| 多元金融 | 600901 | 江苏租赁 | 147.6 |  6.0   | -2.2  |  -1.2   |  -2.4   |
| 多元金融 | 000567 | 海德股份 | 141.9 |  27.9  | -10.0 |   2.4   |   0.5   |
| 多元金融 | 000415 | 渤海租赁 | 131.7 |  -4.5  | -3.6  |  -2.7   |  -0.9   |
| 多元金融 | 000563 | 陕国投Ａ  | 119.3 |  12.8  | -6.5  |  -1.3   |  -0.7   |
| 多元金融 | 600120 | 浙江东方 | 114.1 |  71.4  | -4.1  |  -1.2   |   0.8   |
| 多元金融 | 600643 | 爱建集团 | 91.0  |  7.6   | -3.4  |  -1.9   |  -1.4   |
| 多元金融 | 002961 | 瑞达期货 | 72.1  |  18.9  | -2.6  |  -2.2   |  -4.0   |
| 多元金融 | 600053 | 九鼎投资 | 69.2  |  39.0  | -2.1  |  -3.2   |  -1.2   |
| 多元金融 | 000046 | 泛海控股 | 67.5  |  -2.1  | -9.7  |  -11.0  |  -11.0  |
| 多元金融 | 603093 | 南华期货 | 59.7  |  53.1  | -2.7  |  -1.4   |  -3.4   |
| 多元金融 | 000666 | 经纬纺机 | 58.0  |  10.7  | -10.0 |  -6.4   |  -4.7   |
| 多元金融 | 600318 | 新力金融 | 36.7  | 399.8  | -9.2  |  -2.9   |   0.4   |
| 多元金融 | 002647 | 仁东控股 | 35.5  | -43.0  | -2.9  |  -2.9   |  -3.1   |
| 多元金融 | 600830 | 香溢融通 | 23.9  |  49.7  | -7.6  |  -5.1   |  -4.0   |
| 多元金融 | 600139 | *ST西源  | 21.2  | -14.5  |  4.9  |  15.5   |  33.8   |
| 多元金融 | 000416 | 民生控股 | 18.8  | -101.5 | -3.8  |  -3.8   |  -5.3   |
| 多元金融 | 001236 | 弘业期货 | 16.9  |  59.8  |  0.0  |   0.0   |   0.0   |
| 多元金融 | 600599 |  ST熊猫  | 14.7  |  10.2  |  1.0  |   0.1   |  -4.1   |
| 多元金融 | 300309 | *ST吉艾  | 14.7  |  -3.3  | -7.3  |  -1.8   |  -3.5   |
+----------+--------+----------+-------+--------+-------+---------+---------+
 




 [行业>单日涨幅]
+----------+--------+----------+-------+--------+-------+---------+---------+
|   行业   |  代码  |   名称   | 市值  |   pe   | 涨幅  | 3日涨幅 | 6日涨幅 |
+----------+--------+----------+-------+--------+-------+---------+---------+
| 多元金融 | 600139 | *ST西源  | 21.2  | -14.5  |  4.9  |  15.5   |  33.8   |
| 多元金融 | 002423 | 中粮资本 | 151.1 | -11.0  |  2.7  |   2.3   |   1.1   |
| 多元金融 | 600599 |  ST熊猫  | 14.7  |  10.2  |  1.0  |   0.1   |  -4.1   |
| 多元金融 | 001236 | 弘业期货 | 16.9  |  59.8  |  0.0  |   0.0   |   0.0   |
| 多元金融 | 600816 |  ST安信  | 223.7 | -11.7  | -1.0  |   0.0   |  -1.4   |
| 多元金融 | 000617 | 中油资本 | 553.7 |  8.0   | -2.0  |  -3.3   |  -2.7   |
| 多元金融 | 600053 | 九鼎投资 | 69.2  |  39.0  | -2.1  |  -3.2   |  -1.2   |
| 多元金融 | 600901 | 江苏租赁 | 147.6 |  6.0   | -2.2  |  -1.2   |  -2.4   |
| 多元金融 | 002961 | 瑞达期货 | 72.1  |  18.9  | -2.6  |  -2.2   |  -4.0   |
| 多元金融 | 603093 | 南华期货 | 59.7  |  53.1  | -2.7  |  -1.4   |  -3.4   |
| 多元金融 | 600705 | 中航产融 | 280.1 | 611.3  | -2.8  |  -2.5   |  -4.0   |
| 多元金融 | 002647 | 仁东控股 | 35.5  | -43.0  | -2.9  |  -2.9   |  -3.1   |
| 多元金融 | 600390 | 五矿资本 | 208.7 |  7.4   | -3.3  |  -3.9   |  -3.9   |
| 多元金融 | 600643 | 爱建集团 | 91.0  |  7.6   | -3.4  |  -1.9   |  -1.4   |
| 多元金融 | 600927 | 永安期货 | 275.4 | 211.2  | -3.6  |  -2.0   |  -1.9   |
| 多元金融 | 000415 | 渤海租赁 | 131.7 |  -4.5  | -3.6  |  -2.7   |  -0.9   |
| 多元金融 | 000416 | 民生控股 | 18.8  | -101.5 | -3.8  |  -3.8   |  -5.3   |
| 多元金融 | 600120 | 浙江东方 | 114.1 |  71.4  | -4.1  |  -1.2   |   0.8   |
| 多元金融 | 000563 | 陕国投Ａ  | 119.3 |  12.8  | -6.5  |  -1.3   |  -0.7   |
| 多元金融 | 300309 | *ST吉艾  | 14.7  |  -3.3  | -7.3  |  -1.8   |  -3.5   |
| 多元金融 | 600830 | 香溢融通 | 23.9  |  49.7  | -7.6  |  -5.1   |  -4.0   |
| 多元金融 | 000987 | 越秀金控 | 318.1 |  13.6  | -7.8  |  -0.9   |  -2.6   |
| 多元金融 | 600318 | 新力金融 | 36.7  | 399.8  | -9.2  |  -2.9   |   0.4   |
| 多元金融 | 000046 | 泛海控股 | 67.5  |  -2.1  | -9.7  |  -11.0  |  -11.0  |
| 多元金融 | 000567 | 海德股份 | 141.9 |  27.9  | -10.0 |   2.4   |   0.5   |
| 多元金融 | 000666 | 经纬纺机 | 58.0  |  10.7  | -10.0 |  -6.4   |  -4.7   |
+----------+--------+----------+-------+--------+-------+---------+---------+
