[行业>市值]
+----------+--------+----------+--------+--------+------+---------+---------+
|   行业   |  代码  |   名称   |  市值  |   pe   | 涨幅 | 3日涨幅 | 6日涨幅 |
+----------+--------+----------+--------+--------+------+---------+---------+
| 工程机械 | 600031 | 三一重工 | 1500.0 |  23.6  | -6.7 |  -6.4   |  -6.7   |
| 工程机械 | 601100 | 恒立液压 | 737.7  |  34.9  | -1.7 |  -3.9   |  -4.9   |
| 工程机械 | 000157 | 中联重科 | 493.8  |  13.6  | -3.7 |  -3.6   |  -5.0   |
| 工程机械 | 000425 | 徐工机械 | 418.3  |  7.4   | -2.4 |  -2.5   |  -0.7   |
| 工程机械 | 603338 | 浙江鼎力 | 228.7  |  29.2  | -3.6 |  -1.6   |  -5.2   |
| 工程机械 | 688425 | 铁建重工 | 214.9  |  14.3  | -2.2 |  -0.7   |  -0.7   |
| 工程机械 | 603638 | 艾迪精密 | 150.7  |  52.1  | -1.2 |  -0.7   |  -8.9   |
| 工程机械 | 002204 | 大连重工 | 139.4  |  49.9  | -3.7 |  -5.9   |   2.6   |
| 工程机械 | 603298 | 杭叉集团 | 130.0  |  17.1  | 0.9  |   3.1   |  -0.5   |
| 工程机械 | 000528 |   柳工   | 124.1  |  12.2  | -1.9 |  -1.6   |   0.3   |
| 工程机械 | 605305 | 中际联合 |  85.0  |  48.2  | -2.4 |  10.7   |   9.4   |
| 工程机械 | 000680 | 山推股份 |  81.8  |  5.6   | -2.1 |  -4.0   |  -0.3   |
| 工程机械 | 600761 | 安徽合力 |  81.7  |  10.5  | -1.4 |  -1.5   |  -7.9   |
| 工程机械 | 600984 | 建设机械 |  76.4  | -35.4  | -2.7 |  -1.9   |  -1.8   |
| 工程机械 | 002097 | 山河智能 |  73.0  | -37.2  | -2.8 |   1.1   |  -2.0   |
| 工程机械 | 300718 | 长盛轴承 |  68.3  |  56.5  | 2.3  |  11.8   |  29.8   |
| 工程机械 | 601226 | 华电重工 |  60.3  | -13.8  | -3.5 |  -0.6   |  -1.7   |
| 工程机械 | 600375 | 汉马科技 |  55.5  |  -8.5  | -2.4 |  -2.2   |  -8.9   |
| 工程机械 | 600815 | 厦工股份 |  52.5  | -686.7 | -3.3 |  -1.3   |   1.0   |
| 工程机械 | 600817 | 宇通重工 |  51.7  |  15.2  | -1.1 |   0.3   |  -8.5   |
| 工程机械 | 603611 | 诺力股份 |  46.0  |  15.9  | 1.4  |   5.3   |   1.8   |
| 工程机械 | 605389 | 长龄液压 |  35.1  |  20.8  | -3.2 |  -0.4   |  -3.5   |
| 工程机械 | 301040 | 中环海陆 |  33.6  |  49.2  | 2.9  |  16.5   |  16.0   |
| 工程机械 | 001288 | 运机集团 |  25.6  |  30.3  | -2.6 |  -0.9   |   1.1   |
| 工程机械 | 002272 | 川润股份 |  24.3  |  62.6  | -7.7 |  -8.4   |  -8.3   |
| 工程机械 | 300201 | *ST海伦  |  24.1  |  18.5  | -7.2 |  -4.1   |  12.1   |
| 工程机械 | 300022 | 吉峰科技 |  17.1  | -205.7 | -1.7 |  -0.7   |  -2.2   |
+----------+--------+----------+--------+--------+------+---------+---------+
 




 [行业>单日涨幅]
+----------+--------+----------+--------+--------+------+---------+---------+
|   行业   |  代码  |   名称   |  市值  |   pe   | 涨幅 | 3日涨幅 | 6日涨幅 |
+----------+--------+----------+--------+--------+------+---------+---------+
| 工程机械 | 301040 | 中环海陆 |  33.6  |  49.2  | 2.9  |  16.5   |  16.0   |
| 工程机械 | 300718 | 长盛轴承 |  68.3  |  56.5  | 2.3  |  11.8   |  29.8   |
| 工程机械 | 603611 | 诺力股份 |  46.0  |  15.9  | 1.4  |   5.3   |   1.8   |
| 工程机械 | 603298 | 杭叉集团 | 130.0  |  17.1  | 0.9  |   3.1   |  -0.5   |
| 工程机械 | 600817 | 宇通重工 |  51.7  |  15.2  | -1.1 |   0.3   |  -8.5   |
| 工程机械 | 603638 | 艾迪精密 | 150.7  |  52.1  | -1.2 |  -0.7   |  -8.9   |
| 工程机械 | 600761 | 安徽合力 |  81.7  |  10.5  | -1.4 |  -1.5   |  -7.9   |
| 工程机械 | 601100 | 恒立液压 | 737.7  |  34.9  | -1.7 |  -3.9   |  -4.9   |
| 工程机械 | 300022 | 吉峰科技 |  17.1  | -205.7 | -1.7 |  -0.7   |  -2.2   |
| 工程机械 | 000528 |   柳工   | 124.1  |  12.2  | -1.9 |  -1.6   |   0.3   |
| 工程机械 | 000680 | 山推股份 |  81.8  |  5.6   | -2.1 |  -4.0   |  -0.3   |
| 工程机械 | 688425 | 铁建重工 | 214.9  |  14.3  | -2.2 |  -0.7   |  -0.7   |
| 工程机械 | 000425 | 徐工机械 | 418.3  |  7.4   | -2.4 |  -2.5   |  -0.7   |
| 工程机械 | 600375 | 汉马科技 |  55.5  |  -8.5  | -2.4 |  -2.2   |  -8.9   |
| 工程机械 | 605305 | 中际联合 |  85.0  |  48.2  | -2.4 |  10.7   |   9.4   |
| 工程机械 | 001288 | 运机集团 |  25.6  |  30.3  | -2.6 |  -0.9   |   1.1   |
| 工程机械 | 600984 | 建设机械 |  76.4  | -35.4  | -2.7 |  -1.9   |  -1.8   |
| 工程机械 | 002097 | 山河智能 |  73.0  | -37.2  | -2.8 |   1.1   |  -2.0   |
| 工程机械 | 605389 | 长龄液压 |  35.1  |  20.8  | -3.2 |  -0.4   |  -3.5   |
| 工程机械 | 600815 | 厦工股份 |  52.5  | -686.7 | -3.3 |  -1.3   |   1.0   |
| 工程机械 | 601226 | 华电重工 |  60.3  | -13.8  | -3.5 |  -0.6   |  -1.7   |
| 工程机械 | 603338 | 浙江鼎力 | 228.7  |  29.2  | -3.6 |  -1.6   |  -5.2   |
| 工程机械 | 000157 | 中联重科 | 493.8  |  13.6  | -3.7 |  -3.6   |  -5.0   |
| 工程机械 | 002204 | 大连重工 | 139.4  |  49.9  | -3.7 |  -5.9   |   2.6   |
| 工程机械 | 600031 | 三一重工 | 1500.0 |  23.6  | -6.7 |  -6.4   |  -6.7   |
| 工程机械 | 300201 | *ST海伦  |  24.1  |  18.5  | -7.2 |  -4.1   |  12.1   |
| 工程机械 | 002272 | 川润股份 |  24.3  |  62.6  | -7.7 |  -8.4   |  -8.3   |
+----------+--------+----------+--------+--------+------+---------+---------+
