[行业>市值]
+----------+--------+----------+--------+--------+------+---------+---------+
|   行业   |  代码  |   名称   |  市值  |   pe   | 涨幅 | 3日涨幅 | 6日涨幅 |
+----------+--------+----------+--------+--------+------+---------+---------+
| 汽车整车 | 002594 |  比亚迪  | 9845.0 | 304.5  | 4.7  |   9.4   |  -3.2   |
| 汽车整车 | 601633 | 长城汽车 | 3198.0 |  48.9  | 2.2  |   2.4   |  -7.6   |
| 汽车整车 | 600104 | XD上汽集 | 1885.0 |  8.5   | -1.6 |  -2.6   |  -4.5   |
| 汽车整车 | 000625 | 长安汽车 | 1779.0 |  9.8   | 5.5  |   8.3   |  -5.6   |
| 汽车整车 | 601238 | 广汽集团 | 1682.0 |  14.0  | 2.3  |   3.7   |  -6.2   |
| 汽车整车 | 601127 | 小康股份 | 1107.0 | -33.0  | -2.2 |  -1.0   |  -9.1   |
| 汽车整车 | 000800 | 一汽解放 | 401.2  |  22.2  | -2.8 |  -3.0   |  -6.5   |
| 汽车整车 | 600418 | 江淮汽车 | 361.0  | -31.1  | 0.9  |   2.3   |  -12.8  |
| 汽车整车 | 600733 | 北汽蓝谷 | 356.7  |  -9.3  | -3.3 |  -1.1   |  -14.5  |
| 汽车整车 | 601777 | 力帆科技 | 225.0  | 110.6  | -1.2 |  -0.8   |  -9.4   |
| 汽车整车 | 301039 | 中集车辆 | 193.3  |  38.8  | -1.1 |  -4.2   |  -13.6  |
| 汽车整车 | 600166 | 福田汽车 | 192.0  |  35.5  | -1.7 |  -2.7   |  -1.0   |
| 汽车整车 | 000980 |  ST众泰  | 179.4  | -28.6  | 0.0  |   6.0   |   1.1   |
| 汽车整车 | 600066 | 宇通客车 | 171.8  | -37.1  | -4.4 |  -5.2   |  -10.9  |
| 汽车整车 | 000550 | 江铃汽车 | 153.0  |  19.7  | -0.7 |  -3.3   |  -13.8  |
| 汽车整车 | 000951 | 中国重汽 | 151.7  |  30.6  | -4.4 |  -1.8   |  -7.5   |
| 汽车整车 | 000957 | 中通客车 | 143.2  | -101.4 | 4.0  |  18.5   |  14.4   |
| 汽车整车 | 600006 | XD东风汽 | 140.2  |  29.5  | -0.8 |  -0.3   |  -6.3   |
| 汽车整车 | 000572 | 海马汽车 |  92.1  | -37.8  | -1.4 |  -0.9   |  -8.5   |
| 汽车整车 | 600686 | 金龙汽车 |  50.6  | 326.5  | -8.6 |  -12.8  |  -9.7   |
| 汽车整车 | 000868 | 安凯客车 |  44.6  | -27.9  | -6.9 |  -7.6   |  -9.8   |
| 汽车整车 | 600213 | 亚星客车 |  25.6  | -14.7  | -4.4 |  -5.9   |  -15.1  |
| 汽车整车 | 600303 |  ST曙光  |  22.0  | -16.9  | -2.4 |  -0.6   |  -1.5   |
+----------+--------+----------+--------+--------+------+---------+---------+
 




 [行业>单日涨幅]
+----------+--------+----------+--------+--------+------+---------+---------+
|   行业   |  代码  |   名称   |  市值  |   pe   | 涨幅 | 3日涨幅 | 6日涨幅 |
+----------+--------+----------+--------+--------+------+---------+---------+
| 汽车整车 | 000625 | 长安汽车 | 1779.0 |  9.8   | 5.5  |   8.3   |  -5.6   |
| 汽车整车 | 002594 |  比亚迪  | 9845.0 | 304.5  | 4.7  |   9.4   |  -3.2   |
| 汽车整车 | 000957 | 中通客车 | 143.2  | -101.4 | 4.0  |  18.5   |  14.4   |
| 汽车整车 | 601238 | 广汽集团 | 1682.0 |  14.0  | 2.3  |   3.7   |  -6.2   |
| 汽车整车 | 601633 | 长城汽车 | 3198.0 |  48.9  | 2.2  |   2.4   |  -7.6   |
| 汽车整车 | 600418 | 江淮汽车 | 361.0  | -31.1  | 0.9  |   2.3   |  -12.8  |
| 汽车整车 | 000980 |  ST众泰  | 179.4  | -28.6  | 0.0  |   6.0   |   1.1   |
| 汽车整车 | 000550 | 江铃汽车 | 153.0  |  19.7  | -0.7 |  -3.3   |  -13.8  |
| 汽车整车 | 600006 | XD东风汽 | 140.2  |  29.5  | -0.8 |  -0.3   |  -6.3   |
| 汽车整车 | 301039 | 中集车辆 | 193.3  |  38.8  | -1.1 |  -4.2   |  -13.6  |
| 汽车整车 | 601777 | 力帆科技 | 225.0  | 110.6  | -1.2 |  -0.8   |  -9.4   |
| 汽车整车 | 000572 | 海马汽车 |  92.1  | -37.8  | -1.4 |  -0.9   |  -8.5   |
| 汽车整车 | 600104 | XD上汽集 | 1885.0 |  8.5   | -1.6 |  -2.6   |  -4.5   |
| 汽车整车 | 600166 | 福田汽车 | 192.0  |  35.5  | -1.7 |  -2.7   |  -1.0   |
| 汽车整车 | 601127 | 小康股份 | 1107.0 | -33.0  | -2.2 |  -1.0   |  -9.1   |
| 汽车整车 | 600303 |  ST曙光  |  22.0  | -16.9  | -2.4 |  -0.6   |  -1.5   |
| 汽车整车 | 000800 | 一汽解放 | 401.2  |  22.2  | -2.8 |  -3.0   |  -6.5   |
| 汽车整车 | 600733 | 北汽蓝谷 | 356.7  |  -9.3  | -3.3 |  -1.1   |  -14.5  |
| 汽车整车 | 600213 | 亚星客车 |  25.6  | -14.7  | -4.4 |  -5.9   |  -15.1  |
| 汽车整车 | 600066 | 宇通客车 | 171.8  | -37.1  | -4.4 |  -5.2   |  -10.9  |
| 汽车整车 | 000951 | 中国重汽 | 151.7  |  30.6  | -4.4 |  -1.8   |  -7.5   |
| 汽车整车 | 000868 | 安凯客车 |  44.6  | -27.9  | -6.9 |  -7.6   |  -9.8   |
| 汽车整车 | 600686 | 金龙汽车 |  50.6  | 326.5  | -8.6 |  -12.8  |  -9.7   |
+----------+--------+----------+--------+--------+------+---------+---------+
