[行业>市值]
+------------+--------+----------+-------+--------+------+---------+---------+
|    行业    |  代码  |   名称   | 市值  |   pe   | 涨幅 | 3日涨幅 | 6日涨幅 |
+------------+--------+----------+-------+--------+------+---------+---------+
| 电子化学品 | 300054 | 鼎龙股份 | 199.3 |  69.8  | 1.2  |   2.4   |  -3.0   |
| 电子化学品 | 300346 | 南大光电 | 169.2 |  52.4  | -1.1 |   0.9   |  -7.1   |
| 电子化学品 | 002643 | 万润股份 | 168.4 |  18.1  | -2.4 |  -2.1   |  -6.2   |
| 电子化学品 | 688019 | 安集科技 | 142.8 |  90.1  | 0.7  |   1.4   |  -6.0   |
| 电子化学品 | 300398 | 飞凯材料 | 109.0 |  19.6  | -0.9 |  -0.2   |  -7.8   |
| 电子化学品 | 300655 | 晶瑞电材 | 103.5 |  81.0  | -1.7 |  -4.8   |  -5.8   |
| 电子化学品 | 300236 | 上海新阳 | 96.7  | -177.8 | -1.9 |  -0.6   |  -7.5   |
| 电子化学品 | 688106 | 金宏气体 | 86.7  |  55.8  | -1.2 |   4.5   |  -5.8   |
| 电子化学品 | 300481 | 濮阳惠成 | 83.4  |  24.9  | -1.8 |   4.8   |  -0.1   |
| 电子化学品 | 688268 | 华特气体 | 81.4  |  52.0  | -2.0 |   1.3   |  -4.9   |
| 电子化学品 | 002741 | 光华科技 | 79.3  |  56.2  | -0.1 |   1.1   |  -4.1   |
| 电子化学品 | 688550 | 瑞联新材 | 63.8  |  20.0  | -2.6 |   1.7   |  -4.5   |
| 电子化学品 | 603078 |  江化微  | 62.2  |  47.1  | 1.2  |  -1.6   |  -9.5   |
| 电子化学品 | 300576 | 容大感光 | 53.2  | 128.6  | -0.4 |   1.5   |  -6.1   |
| 电子化学品 | 002584 | 西陇科学 | 45.3  |  13.5  | -3.5 |  -2.8   |  -9.3   |
| 电子化学品 | 300429 | 强力新材 | 44.6  |  44.6  | -2.4 |  -0.6   |  -5.9   |
| 电子化学品 | 688359 | 三孚新科 | 42.1  | -176.7 | 6.2  |   7.1   |   1.5   |
| 电子化学品 | 603931 |  格林达  | 38.3  |  24.2  | -0.5 |   2.9   |  -4.2   |
| 电子化学品 | 300446 | 乐凯新材 | 22.7  | 358.4  | -1.7 |   1.1   |  -4.3   |
| 电子化学品 | 300537 | 广信材料 | 21.3  | -46.3  | -3.2 |  -2.0   |  -7.8   |
| 电子化学品 | 300637 | 扬帆新材 | 17.1  |  36.8  | -2.5 |   1.2   |  -4.0   |
+------------+--------+----------+-------+--------+------+---------+---------+
 




 [行业>单日涨幅]
+------------+--------+----------+-------+--------+------+---------+---------+
|    行业    |  代码  |   名称   | 市值  |   pe   | 涨幅 | 3日涨幅 | 6日涨幅 |
+------------+--------+----------+-------+--------+------+---------+---------+
| 电子化学品 | 688359 | 三孚新科 | 42.1  | -176.7 | 6.2  |   7.1   |   1.5   |
| 电子化学品 | 603078 |  江化微  | 62.2  |  47.1  | 1.2  |  -1.6   |  -9.5   |
| 电子化学品 | 300054 | 鼎龙股份 | 199.3 |  69.8  | 1.2  |   2.4   |  -3.0   |
| 电子化学品 | 688019 | 安集科技 | 142.8 |  90.1  | 0.7  |   1.4   |  -6.0   |
| 电子化学品 | 002741 | 光华科技 | 79.3  |  56.2  | -0.1 |   1.1   |  -4.1   |
| 电子化学品 | 300576 | 容大感光 | 53.2  | 128.6  | -0.4 |   1.5   |  -6.1   |
| 电子化学品 | 603931 |  格林达  | 38.3  |  24.2  | -0.5 |   2.9   |  -4.2   |
| 电子化学品 | 300398 | 飞凯材料 | 109.0 |  19.6  | -0.9 |  -0.2   |  -7.8   |
| 电子化学品 | 300346 | 南大光电 | 169.2 |  52.4  | -1.1 |   0.9   |  -7.1   |
| 电子化学品 | 688106 | 金宏气体 | 86.7  |  55.8  | -1.2 |   4.5   |  -5.8   |
| 电子化学品 | 300446 | 乐凯新材 | 22.7  | 358.4  | -1.7 |   1.1   |  -4.3   |
| 电子化学品 | 300655 | 晶瑞电材 | 103.5 |  81.0  | -1.7 |  -4.8   |  -5.8   |
| 电子化学品 | 300481 | 濮阳惠成 | 83.4  |  24.9  | -1.8 |   4.8   |  -0.1   |
| 电子化学品 | 300236 | 上海新阳 | 96.7  | -177.8 | -1.9 |  -0.6   |  -7.5   |
| 电子化学品 | 688268 | 华特气体 | 81.4  |  52.0  | -2.0 |   1.3   |  -4.9   |
| 电子化学品 | 300429 | 强力新材 | 44.6  |  44.6  | -2.4 |  -0.6   |  -5.9   |
| 电子化学品 | 002643 | 万润股份 | 168.4 |  18.1  | -2.4 |  -2.1   |  -6.2   |
| 电子化学品 | 300637 | 扬帆新材 | 17.1  |  36.8  | -2.5 |   1.2   |  -4.0   |
| 电子化学品 | 688550 | 瑞联新材 | 63.8  |  20.0  | -2.6 |   1.7   |  -4.5   |
| 电子化学品 | 300537 | 广信材料 | 21.3  | -46.3  | -3.2 |  -2.0   |  -7.8   |
| 电子化学品 | 002584 | 西陇科学 | 45.3  |  13.5  | -3.5 |  -2.8   |  -9.3   |
+------------+--------+----------+-------+--------+------+---------+---------+
