[行业>市值]
+----------+--------+----------+-------+--------+------+---------+---------+
|   行业   |  代码  |   名称   | 市值  |   pe   | 涨幅 | 3日涨幅 | 6日涨幅 |
+----------+--------+----------+-------+--------+------+---------+---------+
| 电源设备 | 601727 | 上海电气 | 682.4 | 1349.7 | -4.0 |  -3.5   |  -2.0   |
| 电源设备 | 600875 | 东方电气 | 556.7 |  15.0  | 1.9  |   6.8   |   3.8   |
| 电源设备 | 300376 |  易事特  | 202.3 |  51.2  | -1.0 |   5.6   |   5.4   |
| 电源设备 | 002518 |  科士达  | 184.1 |  84.8  | 0.0  |  10.8   |  -4.9   |
| 电源设备 | 002335 | 科华数据 | 181.4 |  46.2  | 7.0  |  21.7   |   8.5   |
| 电源设备 | 002851 | 麦格米特 | 155.8 |  53.0  | 3.4  |   8.0   |  11.5   |
| 电源设备 | 300593 |  新雷能  | 147.5 |  42.5  | -2.6 |  -0.5   |  -6.9   |
| 电源设备 | 002534 | 西子洁能 | 137.8 |  85.8  | -2.5 |   2.1   |   1.4   |
| 电源设备 | 300820 | 英杰电气 | 102.6 |  47.5  | -0.8 |   6.0   |   0.3   |
| 电源设备 | 600475 | 华光环能 | 79.0  |  9.5   | -1.2 |   1.7   |  -0.5   |
| 电源设备 | 002665 | 首航高科 | 77.4  | -35.9  | -5.9 |  -0.7   |  -2.2   |
| 电源设备 | 300693 | 盛弘股份 | 71.6  |  77.9  | -4.6 |  23.4   |  14.8   |
| 电源设备 | 002364 | 中恒电气 | 47.9  | 210.4  | -0.3 |   1.1   |   5.7   |
| 电源设备 | 002255 | 海陆重工 | 47.3  |  36.3  | -2.6 |  -2.3   |  -4.8   |
| 电源设备 | 300870 |  欧陆通  | 46.5  | -39.5  | -2.6 |   8.1   |   7.5   |
| 电源设备 | 002366 | *ST海核  | 40.8  | -33.0  | -4.1 |   4.2   |  10.6   |
| 电源设备 | 002227 |  奥特迅  | 35.4  | -102.2 | -5.0 |  -2.8   |  -3.6   |
| 电源设备 | 300105 | 龙源技术 | 34.2  | -116.8 | 5.3  |   6.7   |   2.2   |
| 电源设备 | 600405 |  动力源  | 33.1  | -43.2  | -3.2 |   2.8   |   0.3   |
| 电源设备 | 002630 | 华西能源 | 32.8  |  -5.3  | -5.8 |  -4.8   |  -6.1   |
| 电源设备 | 688551 |  科威尔  | 30.4  | 101.8  | -1.5 |   6.1   |  -4.9   |
| 电源设备 | 300153 | 科泰电源 | 29.1  | 155.0  | -2.6 |   7.8   |   2.7   |
| 电源设备 | 300491 | 通合科技 | 26.2  | -79.1  | -2.6 |   4.1   |  -1.2   |
| 电源设备 | 300713 |  英可瑞  | 23.8  | 357.9  | -2.6 |   5.5   |  -0.9   |
| 电源设备 | 600202 |  哈空调  | 20.4  |  86.2  | -5.8 |  -4.0   |  -2.2   |
+----------+--------+----------+-------+--------+------+---------+---------+
 




 [行业>单日涨幅]
+----------+--------+----------+-------+--------+------+---------+---------+
|   行业   |  代码  |   名称   | 市值  |   pe   | 涨幅 | 3日涨幅 | 6日涨幅 |
+----------+--------+----------+-------+--------+------+---------+---------+
| 电源设备 | 002335 | 科华数据 | 181.4 |  46.2  | 7.0  |  21.7   |   8.5   |
| 电源设备 | 300105 | 龙源技术 | 34.2  | -116.8 | 5.3  |   6.7   |   2.2   |
| 电源设备 | 002851 | 麦格米特 | 155.8 |  53.0  | 3.4  |   8.0   |  11.5   |
| 电源设备 | 600875 | 东方电气 | 556.7 |  15.0  | 1.9  |   6.8   |   3.8   |
| 电源设备 | 002518 |  科士达  | 184.1 |  84.8  | 0.0  |  10.8   |  -4.9   |
| 电源设备 | 002364 | 中恒电气 | 47.9  | 210.4  | -0.3 |   1.1   |   5.7   |
| 电源设备 | 300820 | 英杰电气 | 102.6 |  47.5  | -0.8 |   6.0   |   0.3   |
| 电源设备 | 300376 |  易事特  | 202.3 |  51.2  | -1.0 |   5.6   |   5.4   |
| 电源设备 | 600475 | 华光环能 | 79.0  |  9.5   | -1.2 |   1.7   |  -0.5   |
| 电源设备 | 688551 |  科威尔  | 30.4  | 101.8  | -1.5 |   6.1   |  -4.9   |
| 电源设备 | 002534 | 西子洁能 | 137.8 |  85.8  | -2.5 |   2.1   |   1.4   |
| 电源设备 | 300870 |  欧陆通  | 46.5  | -39.5  | -2.6 |   8.1   |   7.5   |
| 电源设备 | 300153 | 科泰电源 | 29.1  | 155.0  | -2.6 |   7.8   |   2.7   |
| 电源设备 | 300713 |  英可瑞  | 23.8  | 357.9  | -2.6 |   5.5   |  -0.9   |
| 电源设备 | 002255 | 海陆重工 | 47.3  |  36.3  | -2.6 |  -2.3   |  -4.8   |
| 电源设备 | 300593 |  新雷能  | 147.5 |  42.5  | -2.6 |  -0.5   |  -6.9   |
| 电源设备 | 300491 | 通合科技 | 26.2  | -79.1  | -2.6 |   4.1   |  -1.2   |
| 电源设备 | 600405 |  动力源  | 33.1  | -43.2  | -3.2 |   2.8   |   0.3   |
| 电源设备 | 601727 | 上海电气 | 682.4 | 1349.7 | -4.0 |  -3.5   |  -2.0   |
| 电源设备 | 002366 | *ST海核  | 40.8  | -33.0  | -4.1 |   4.2   |  10.6   |
| 电源设备 | 300693 | 盛弘股份 | 71.6  |  77.9  | -4.6 |  23.4   |  14.8   |
| 电源设备 | 002227 |  奥特迅  | 35.4  | -102.2 | -5.0 |  -2.8   |  -3.6   |
| 电源设备 | 002630 | 华西能源 | 32.8  |  -5.3  | -5.8 |  -4.8   |  -6.1   |
| 电源设备 | 600202 |  哈空调  | 20.4  |  86.2  | -5.8 |  -4.0   |  -2.2   |
| 电源设备 | 002665 | 首航高科 | 77.4  | -35.9  | -5.9 |  -0.7   |  -2.2   |
+----------+--------+----------+-------+--------+------+---------+---------+
