[行业>市值]
+----------+--------+----------+-------+--------+------+---------+---------+
|   行业   |  代码  |   名称   | 市值  |   pe   | 涨幅 | 3日涨幅 | 6日涨幅 |
+----------+--------+----------+-------+--------+------+---------+---------+
| 综合行业 | 000009 | 中国宝安 | 314.9 |  47.7  | -2.4 |  -0.8   |  -10.2  |
| 综合行业 | 600673 |  东阳光  | 300.8 |  26.1  | 0.2  |   6.2   |   4.0   |
| 综合行业 | 000958 | 电投产融 | 263.2 |  21.6  | -3.0 |  -0.2   |   4.0   |
| 综合行业 | 600770 | 综艺股份 | 101.7 | -17.3  | -3.7 |  -4.8   |  -8.9   |
| 综合行业 | 000158 | 常山北明 | 89.2  | -25.8  | -4.0 |  -2.5   |  -5.4   |
| 综合行业 | 000839 |  ST国安  | 80.0  | -13.6  | -3.3 |  -3.8   |  -2.9   |
| 综合行业 | 000861 | 海印股份 | 63.0  |  15.5  | -4.9 |  -4.2   |  -8.8   |
| 综合行业 | 002758 | 浙农股份 | 62.9  |  11.2  | -3.5 |  -0.6   |  -2.8   |
| 综合行业 | 000652 | 泰达股份 | 60.5  | 390.0  | -9.7 |   4.1   |   3.0   |
| 综合行业 | 600784 | 鲁银投资 | 52.6  |  22.5  | -4.0 |   6.6   |   0.0   |
| 综合行业 | 000833 | 粤桂股份 | 51.7  |  36.3  | -4.4 |  -6.5   |  -18.3  |
| 综合行业 | 000803 | 北清环能 | 51.1  |  31.7  | 1.0  |   2.4   |  -2.3   |
| 综合行业 | 000576 | 甘化科工 | 46.2  |  45.8  | 1.1  |   2.5   |  -2.0   |
| 综合行业 | 600624 | 复旦复华 | 45.9  | 199.2  | -4.6 |  -5.6   |   2.3   |
| 综合行业 | 600805 | 悦达投资 | 43.5  |  13.0  | -3.0 |  -1.5   |   3.4   |
| 综合行业 | 000909 | 数源科技 | 39.1  | 200.7  | -3.7 |  -4.5   |  -2.2   |
| 综合行业 | 000532 | 华金资本 | 38.5  |  68.8  | -3.1 |  -1.1   |  -1.1   |
| 综合行业 | 600568 |  ST中珠  | 30.5  | -185.6 | -1.9 |  -2.5   |  -2.5   |
| 综合行业 | 600113 | 浙江东日 | 27.5  |  15.0  | -3.6 |  -1.9   |  -4.8   |
| 综合行业 | 000409 | 云鼎科技 | 26.9  | 258.5  | -2.2 |  -0.4   |   0.0   |
| 综合行业 | 002591 | 恒大高新 | 24.8  | -226.8 | 10.0 |  33.1   |  66.0   |
| 综合行业 | 000632 | 三木集团 | 22.0  |  87.0  | 1.3  |   1.3   |   0.4   |
| 综合行业 | 600051 | 宁波联合 | 20.3  | -91.0  | -4.0 |  -1.5   |  -1.2   |
+----------+--------+----------+-------+--------+------+---------+---------+
 




 [行业>单日涨幅]
+----------+--------+----------+-------+--------+------+---------+---------+
|   行业   |  代码  |   名称   | 市值  |   pe   | 涨幅 | 3日涨幅 | 6日涨幅 |
+----------+--------+----------+-------+--------+------+---------+---------+
| 综合行业 | 002591 | 恒大高新 | 24.8  | -226.8 | 10.0 |  33.1   |  66.0   |
| 综合行业 | 000632 | 三木集团 | 22.0  |  87.0  | 1.3  |   1.3   |   0.4   |
| 综合行业 | 000576 | 甘化科工 | 46.2  |  45.8  | 1.1  |   2.5   |  -2.0   |
| 综合行业 | 000803 | 北清环能 | 51.1  |  31.7  | 1.0  |   2.4   |  -2.3   |
| 综合行业 | 600673 |  东阳光  | 300.8 |  26.1  | 0.2  |   6.2   |   4.0   |
| 综合行业 | 600568 |  ST中珠  | 30.5  | -185.6 | -1.9 |  -2.5   |  -2.5   |
| 综合行业 | 000409 | 云鼎科技 | 26.9  | 258.5  | -2.2 |  -0.4   |   0.0   |
| 综合行业 | 000009 | 中国宝安 | 314.9 |  47.7  | -2.4 |  -0.8   |  -10.2  |
| 综合行业 | 000958 | 电投产融 | 263.2 |  21.6  | -3.0 |  -0.2   |   4.0   |
| 综合行业 | 600805 | 悦达投资 | 43.5  |  13.0  | -3.0 |  -1.5   |   3.4   |
| 综合行业 | 000532 | 华金资本 | 38.5  |  68.8  | -3.1 |  -1.1   |  -1.1   |
| 综合行业 | 000839 |  ST国安  | 80.0  | -13.6  | -3.3 |  -3.8   |  -2.9   |
| 综合行业 | 002758 | 浙农股份 | 62.9  |  11.2  | -3.5 |  -0.6   |  -2.8   |
| 综合行业 | 600113 | 浙江东日 | 27.5  |  15.0  | -3.6 |  -1.9   |  -4.8   |
| 综合行业 | 600770 | 综艺股份 | 101.7 | -17.3  | -3.7 |  -4.8   |  -8.9   |
| 综合行业 | 000909 | 数源科技 | 39.1  | 200.7  | -3.7 |  -4.5   |  -2.2   |
| 综合行业 | 600784 | 鲁银投资 | 52.6  |  22.5  | -4.0 |   6.6   |   0.0   |
| 综合行业 | 000158 | 常山北明 | 89.2  | -25.8  | -4.0 |  -2.5   |  -5.4   |
| 综合行业 | 600051 | 宁波联合 | 20.3  | -91.0  | -4.0 |  -1.5   |  -1.2   |
| 综合行业 | 000833 | 粤桂股份 | 51.7  |  36.3  | -4.4 |  -6.5   |  -18.3  |
| 综合行业 | 600624 | 复旦复华 | 45.9  | 199.2  | -4.6 |  -5.6   |   2.3   |
| 综合行业 | 000861 | 海印股份 | 63.0  |  15.5  | -4.9 |  -4.2   |  -8.8   |
| 综合行业 | 000652 | 泰达股份 | 60.5  | 390.0  | -9.7 |   4.1   |   3.0   |
+----------+--------+----------+-------+--------+------+---------+---------+
