[行业>市值]
+----------+--------+----------+-------+--------+------+---------+---------+
|   行业   |  代码  |   名称   | 市值  |   pe   | 涨幅 | 3日涨幅 | 6日涨幅 |
+----------+--------+----------+-------+--------+------+---------+---------+
| 铁路公路 | 001965 | 招商公路 | 467.7 |  10.7  | -1.6 |  -1.9   |   1.8   |
| 铁路公路 | 600377 | 宁沪高速 | 407.6 |  12.8  | -1.9 |  -2.5   |  -1.6   |
| 铁路公路 | 600350 | 山东高速 | 251.1 |  8.8   | -1.7 |  -5.6   |   0.2   |
| 铁路公路 | 600548 | XD深高速 | 190.2 |  11.5  | -1.9 |  -2.8   |  -1.8   |
| 铁路公路 | 000429 | 粤高速Ａ  | 155.3 |  9.0   | -1.5 |  -1.1   |   0.8   |
| 铁路公路 | 600662 | 外服控股 | 153.9 |  22.2  | 9.9  |   6.5   |   4.7   |
| 铁路公路 | 603032 | 德新交运 | 136.4 |  65.8  | 0.4  |   7.5   |   2.6   |
| 铁路公路 | 600012 | 皖通高速 | 126.9 |  7.8   | 3.0  |   2.3   |   4.4   |
| 铁路公路 | 000755 | 山西路桥 | 121.8 |  31.6  | 4.5  |  26.5   |  68.4   |
| 铁路公路 | 601107 | 四川成渝 | 121.4 |  12.1  | -2.0 |  -2.2   |   1.0   |
| 铁路公路 | 000828 | 东莞控股 | 104.7 |  15.4  | -2.1 |  -1.6   |  -0.1   |
| 铁路公路 | 603069 | 海汽集团 | 91.9  | -140.9 | -1.4 |  -1.2   |  -7.2   |
| 铁路公路 | 600033 | 福建高速 | 85.3  |  9.5   | 1.3  |   2.6   |  13.9   |
| 铁路公路 | 600269 | 赣粤高速 | 84.1  |  6.3   | -0.8 |  -0.6   |   4.3   |
| 铁路公路 | 600620 | 天宸股份 | 73.8  | -76.1  | -5.0 |  -1.5   |   3.6   |
| 铁路公路 | 600611 | 大众交通 | 73.0  |  -7.0  | -3.1 |  -3.4   |  -2.2   |
| 铁路公路 | 600020 | XD中原高 | 69.4  |  12.3  | -2.8 |  -0.3   |   4.4   |
| 铁路公路 | 000885 | 城发环境 | 63.5  |  7.1   | 0.0  |   4.0   |   8.2   |
| 铁路公路 | 000900 | 现代投资 | 63.5  |  9.9   | -3.5 |  -1.2   |   3.2   |
| 铁路公路 | 600650 | 锦江在线 | 61.6  |  2.7   | -5.3 |  -7.2   |  -7.0   |
| 铁路公路 | 600035 | 楚天高速 | 57.3  |  5.8   | 2.3  |   4.1   |  11.9   |
| 铁路公路 | 600106 | 重庆路桥 | 55.8  |  92.5  | -1.9 |  -1.4   |  -0.9   |
| 铁路公路 | 600834 | XD申通地 | 45.5  |  62.6  | 1.2  |   0.9   |   1.0   |
| 铁路公路 | 600368 | 五洲交通 | 45.1  |  6.3   | 0.8  |   2.3   |   7.2   |
| 铁路公路 | 601188 | 龙江交通 | 40.8  |  17.3  | -3.4 |  -4.3   |  -0.3   |
| 铁路公路 | 601518 | 吉林高速 | 40.8  |  12.0  | 1.3  |   4.5   |  16.1   |
| 铁路公路 | 002627 | 三峡旅游 | 38.7  |  67.9  | -3.3 |  -2.4   |  -4.5   |
| 铁路公路 | 000548 | 湖南投资 | 23.8  |  72.3  | -8.3 |  -5.7   |   9.7   |
| 铁路公路 | 002357 | 富临运业 | 17.6  |  9.6   | -4.8 |  -4.0   |   0.2   |
| 铁路公路 | 600561 | 江西长运 | 16.0  | -24.8  | -2.4 |  -3.4   |   7.9   |
+----------+--------+----------+-------+--------+------+---------+---------+
 




 [行业>单日涨幅]
+----------+--------+----------+-------+--------+------+---------+---------+
|   行业   |  代码  |   名称   | 市值  |   pe   | 涨幅 | 3日涨幅 | 6日涨幅 |
+----------+--------+----------+-------+--------+------+---------+---------+
| 铁路公路 | 600662 | 外服控股 | 153.9 |  22.2  | 9.9  |   6.5   |   4.7   |
| 铁路公路 | 000755 | 山西路桥 | 121.8 |  31.6  | 4.5  |  26.5   |  68.4   |
| 铁路公路 | 600012 | 皖通高速 | 126.9 |  7.8   | 3.0  |   2.3   |   4.4   |
| 铁路公路 | 600035 | 楚天高速 | 57.3  |  5.8   | 2.3  |   4.1   |  11.9   |
| 铁路公路 | 601518 | 吉林高速 | 40.8  |  12.0  | 1.3  |   4.5   |  16.1   |
| 铁路公路 | 600033 | 福建高速 | 85.3  |  9.5   | 1.3  |   2.6   |  13.9   |
| 铁路公路 | 600834 | XD申通地 | 45.5  |  62.6  | 1.2  |   0.9   |   1.0   |
| 铁路公路 | 600368 | 五洲交通 | 45.1  |  6.3   | 0.8  |   2.3   |   7.2   |
| 铁路公路 | 603032 | 德新交运 | 136.4 |  65.8  | 0.4  |   7.5   |   2.6   |
| 铁路公路 | 000885 | 城发环境 | 63.5  |  7.1   | 0.0  |   4.0   |   8.2   |
| 铁路公路 | 600269 | 赣粤高速 | 84.1  |  6.3   | -0.8 |  -0.6   |   4.3   |
| 铁路公路 | 603069 | 海汽集团 | 91.9  | -140.9 | -1.4 |  -1.2   |  -7.2   |
| 铁路公路 | 000429 | 粤高速Ａ  | 155.3 |  9.0   | -1.5 |  -1.1   |   0.8   |
| 铁路公路 | 001965 | 招商公路 | 467.7 |  10.7  | -1.6 |  -1.9   |   1.8   |
| 铁路公路 | 600350 | 山东高速 | 251.1 |  8.8   | -1.7 |  -5.6   |   0.2   |
| 铁路公路 | 600106 | 重庆路桥 | 55.8  |  92.5  | -1.9 |  -1.4   |  -0.9   |
| 铁路公路 | 600548 | XD深高速 | 190.2 |  11.5  | -1.9 |  -2.8   |  -1.8   |
| 铁路公路 | 600377 | 宁沪高速 | 407.6 |  12.8  | -1.9 |  -2.5   |  -1.6   |
| 铁路公路 | 601107 | 四川成渝 | 121.4 |  12.1  | -2.0 |  -2.2   |   1.0   |
| 铁路公路 | 000828 | 东莞控股 | 104.7 |  15.4  | -2.1 |  -1.6   |  -0.1   |
| 铁路公路 | 600561 | 江西长运 | 16.0  | -24.8  | -2.4 |  -3.4   |   7.9   |
| 铁路公路 | 600020 | XD中原高 | 69.4  |  12.3  | -2.8 |  -0.3   |   4.4   |
| 铁路公路 | 600611 | 大众交通 | 73.0  |  -7.0  | -3.1 |  -3.4   |  -2.2   |
| 铁路公路 | 002627 | 三峡旅游 | 38.7  |  67.9  | -3.3 |  -2.4   |  -4.5   |
| 铁路公路 | 601188 | 龙江交通 | 40.8  |  17.3  | -3.4 |  -4.3   |  -0.3   |
| 铁路公路 | 000900 | 现代投资 | 63.5  |  9.9   | -3.5 |  -1.2   |   3.2   |
| 铁路公路 | 002357 | 富临运业 | 17.6  |  9.6   | -4.8 |  -4.0   |   0.2   |
| 铁路公路 | 600620 | 天宸股份 | 73.8  | -76.1  | -5.0 |  -1.5   |   3.6   |
| 铁路公路 | 600650 | 锦江在线 | 61.6  |  2.7   | -5.3 |  -7.2   |  -7.0   |
| 铁路公路 | 000548 | 湖南投资 | 23.8  |  72.3  | -8.3 |  -5.7   |   9.7   |
+----------+--------+----------+-------+--------+------+---------+---------+
