[行业>市值]
+------------+--------+----------+--------+-------+------+---------+---------+
|    行业    |  代码  |   名称   |  市值  |  pe   | 涨幅 | 3日涨幅 | 6日涨幅 |
+------------+--------+----------+--------+-------+------+---------+---------+
| 非金属材料 | 603260 | 合盛硅业 | 1128.0 | 13.8  | -0.8 |   1.0   |  -10.2  |
| 非金属材料 | 603688 | 石英股份 | 515.2  | 147.4 | 1.9  |  -5.0   |  -4.9   |
| 非金属材料 | 300861 | 美畅股份 | 388.8  | 34.1  | 4.3  |   9.2   |  -1.0   |
| 非金属材料 | 688281 | 华秦科技 | 277.4  | 117.0 | 0.1  |  -0.6   |  -4.5   |
| 非金属材料 | 603826 | 坤彩科技 | 273.3  | 256.0 | 1.8  |   3.2   |   0.1   |
| 非金属材料 | 600516 | 方大炭素 | 266.8  | 197.8 | -4.1 |  -3.2   |  -9.0   |
| 非金属材料 | 300395 |  菲利华  | 237.7  | 65.8  | -2.3 |  -0.6   |  -7.9   |
| 非金属材料 | 603612 | 索通发展 | 221.6  | 35.0  | 7.5  |  12.5   |  18.4   |
| 非金属材料 | 301071 | 力量钻石 | 192.7  | 47.6  | -1.3 |   1.1   |  -5.2   |
| 非金属材料 | 300035 | 中科电气 | 190.2  | 36.9  | -3.4 |   2.9   |  -6.9   |
| 非金属材料 | 688733 |  壹石通  | 148.4  | 85.2  | 1.6  |   1.9   |  -8.5   |
| 非金属材料 | 300409 | 道氏技术 | 137.5  | 20.1  | -3.1 |  -0.2   |  -10.0  |
| 非金属材料 | 600172 | 黄河旋风 | 122.7  | 106.8 | 1.9  |   3.4   |  -4.1   |
| 非金属材料 | 600330 | 天通股份 | 118.6  | 27.1  | -5.6 |  -1.9   |  -10.6  |
| 非金属材料 | 600783 | 鲁信创投 |  93.8  | 47.7  | -3.5 |  -4.5   |  -3.3   |
| 非金属材料 | 688119 | 中钢洛耐 |  88.9  | 57.1  | -2.2 |  -1.5   |  -2.6   |
| 非金属材料 | 002130 | 沃尔核材 |  77.5  | 18.1  | -2.8 |   1.0   |  -3.6   |
| 非金属材料 | 688300 | 联瑞新材 |  58.5  | 34.3  | 2.0  |   4.7   |  -2.5   |
| 非金属材料 | 688357 | 建龙微纳 |  56.9  | 32.4  | -2.1 |   0.0   |  -8.2   |
| 非金属材料 | 001296 | 长江材料 |  23.1  | 40.2  | -7.5 |  -7.2   |  -9.1   |
| 非金属材料 | 300743 | 天地数码 |  16.0  | 54.2  | -4.0 |   0.4   |   3.0   |
+------------+--------+----------+--------+-------+------+---------+---------+
 




 [行业>单日涨幅]
+------------+--------+----------+--------+-------+------+---------+---------+
|    行业    |  代码  |   名称   |  市值  |  pe   | 涨幅 | 3日涨幅 | 6日涨幅 |
+------------+--------+----------+--------+-------+------+---------+---------+
| 非金属材料 | 603612 | 索通发展 | 221.6  | 35.0  | 7.5  |  12.5   |  18.4   |
| 非金属材料 | 300861 | 美畅股份 | 388.8  | 34.1  | 4.3  |   9.2   |  -1.0   |
| 非金属材料 | 688300 | 联瑞新材 |  58.5  | 34.3  | 2.0  |   4.7   |  -2.5   |
| 非金属材料 | 600172 | 黄河旋风 | 122.7  | 106.8 | 1.9  |   3.4   |  -4.1   |
| 非金属材料 | 603688 | 石英股份 | 515.2  | 147.4 | 1.9  |  -5.0   |  -4.9   |
| 非金属材料 | 603826 | 坤彩科技 | 273.3  | 256.0 | 1.8  |   3.2   |   0.1   |
| 非金属材料 | 688733 |  壹石通  | 148.4  | 85.2  | 1.6  |   1.9   |  -8.5   |
| 非金属材料 | 688281 | 华秦科技 | 277.4  | 117.0 | 0.1  |  -0.6   |  -4.5   |
| 非金属材料 | 603260 | 合盛硅业 | 1128.0 | 13.8  | -0.8 |   1.0   |  -10.2  |
| 非金属材料 | 301071 | 力量钻石 | 192.7  | 47.6  | -1.3 |   1.1   |  -5.2   |
| 非金属材料 | 688357 | 建龙微纳 |  56.9  | 32.4  | -2.1 |   0.0   |  -8.2   |
| 非金属材料 | 688119 | 中钢洛耐 |  88.9  | 57.1  | -2.2 |  -1.5   |  -2.6   |
| 非金属材料 | 300395 |  菲利华  | 237.7  | 65.8  | -2.3 |  -0.6   |  -7.9   |
| 非金属材料 | 002130 | 沃尔核材 |  77.5  | 18.1  | -2.8 |   1.0   |  -3.6   |
| 非金属材料 | 300409 | 道氏技术 | 137.5  | 20.1  | -3.1 |  -0.2   |  -10.0  |
| 非金属材料 | 300035 | 中科电气 | 190.2  | 36.9  | -3.4 |   2.9   |  -6.9   |
| 非金属材料 | 600783 | 鲁信创投 |  93.8  | 47.7  | -3.5 |  -4.5   |  -3.3   |
| 非金属材料 | 300743 | 天地数码 |  16.0  | 54.2  | -4.0 |   0.4   |   3.0   |
| 非金属材料 | 600516 | 方大炭素 | 266.8  | 197.8 | -4.1 |  -3.2   |  -9.0   |
| 非金属材料 | 600330 | 天通股份 | 118.6  | 27.1  | -5.6 |  -1.9   |  -10.6  |
| 非金属材料 | 001296 | 长江材料 |  23.1  | 40.2  | -7.5 |  -7.2   |  -9.1   |
+------------+--------+----------+--------+-------+------+---------+---------+
