[行业>市值]
+----------+--------+----------+-------+-------+------+---------+---------+
|   行业   |  代码  |   名称   | 市值  |  pe   | 涨幅 | 3日涨幅 | 6日涨幅 |
+----------+--------+----------+-------+-------+------+---------+---------+
| 专业服务 | 300012 | 华测检测 | 371.0 | 77.4  | 2.0  |  -1.7   |  -2.7   |
| 专业服务 | 003035 | 南网能源 | 238.6 | 66.7  | -0.3 |  -1.2   |  -0.6   |
| 专业服务 | 301080 | 百普赛斯 | 132.1 | 61.7  | 4.5  |   4.2   |  10.2   |
| 专业服务 | 688133 | 泰坦科技 | 114.4 | 147.2 | 3.5  |   4.2   |  -3.9   |
| 专业服务 | 300887 | 谱尼测试 | 108.0 | 490.1 | 3.6  |   1.3   |   0.3   |
| 专业服务 | 002967 | 广电计量 | 101.3 | -31.9 | 0.1  |   1.3   |  -0.5   |
| 专业服务 | 300416 | 苏试试验 | 86.2  | 74.7  | 2.1  |  -0.0   |  -0.3   |
| 专业服务 | 603060 | 国检集团 | 86.1  | -76.7 | 0.0  |  -1.7   |   2.8   |
| 专业服务 | 688179 |  阿拉丁  | 76.8  | 61.9  | 1.3  |  -0.8   |   4.8   |
| 专业服务 | 603698 | 航天工程 | 68.8  | 93.9  | -0.6 |  -2.1   |  -1.5   |
| 专业服务 | 300384 | 三联虹普 | 58.9  | 24.9  | -1.8 |   0.5   |  10.0   |
| 专业服务 | 301166 |  优宁维  | 51.2  | 58.9  | 0.0  |  -2.5   |  -6.7   |
| 专业服务 | 300215 |  电科院  | 48.6  | 83.3  | 0.8  |  -1.2   |  -1.5   |
| 专业服务 | 002878 | 元隆雅图 | 41.7  | 11.3  | 9.0  |   6.0   |   4.0   |
| 专业服务 | 002564 | 天沃科技 | 39.6  | 528.6 | 0.0  |  -4.8   |  -10.8  |
| 专业服务 | 300962 | 中金辐照 | 39.1  | 34.3  | 1.7  |   1.1   |   0.3   |
| 专业服务 | 300797 | 钢研纳克 | 33.9  | 56.9  | 1.8  |   1.3   |   1.5   |
| 专业服务 | 300572 | 安车检测 | 32.2  | 53.2  | 0.8  |  -1.5   |  -1.3   |
| 专业服务 | 603776 |  永安行  | 30.7  | 62.0  | 0.5  |  -0.7   |   1.1   |
| 专业服务 | 301257 |  普蕊斯  | 30.3  | 77.6  | 2.8  |   1.0   |  -3.9   |
| 专业服务 | 301169 | 零点有数 | 29.8  | -61.9 | 2.2  |   6.2   |   9.5   |
| 专业服务 | 300938 | 信测标准 | 28.1  | 31.4  | -0.0 |  -1.8   |  -6.6   |
| 专业服务 | 301228 | 实朴检测 | 24.8  | -43.0 | 1.2  |  -1.7   |  -3.4   |
| 专业服务 | 603183 |  建研院  | 24.4  | -60.0 | 0.0  |  -0.4   |  -2.4   |
| 专业服务 | 003008 | 开普检测 | 18.8  | 34.8  | 1.0  |  -0.7   |  -1.5   |
| 专业服务 | 301289 | 国缆检测 | 15.1  | 22.5  | 0.0  |   0.0   |   0.0   |
+----------+--------+----------+-------+-------+------+---------+---------+
 




 [行业>单日涨幅]
+----------+--------+----------+-------+-------+------+---------+---------+
|   行业   |  代码  |   名称   | 市值  |  pe   | 涨幅 | 3日涨幅 | 6日涨幅 |
+----------+--------+----------+-------+-------+------+---------+---------+
| 专业服务 | 002878 | 元隆雅图 | 41.7  | 11.3  | 9.0  |   6.0   |   4.0   |
| 专业服务 | 301080 | 百普赛斯 | 132.1 | 61.7  | 4.5  |   4.2   |  10.2   |
| 专业服务 | 300887 | 谱尼测试 | 108.0 | 490.1 | 3.6  |   1.3   |   0.3   |
| 专业服务 | 688133 | 泰坦科技 | 114.4 | 147.2 | 3.5  |   4.2   |  -3.9   |
| 专业服务 | 301257 |  普蕊斯  | 30.3  | 77.6  | 2.8  |   1.0   |  -3.9   |
| 专业服务 | 301169 | 零点有数 | 29.8  | -61.9 | 2.2  |   6.2   |   9.5   |
| 专业服务 | 300416 | 苏试试验 | 86.2  | 74.7  | 2.1  |  -0.0   |  -0.3   |
| 专业服务 | 300012 | 华测检测 | 371.0 | 77.4  | 2.0  |  -1.7   |  -2.7   |
| 专业服务 | 300797 | 钢研纳克 | 33.9  | 56.9  | 1.8  |   1.3   |   1.5   |
| 专业服务 | 300962 | 中金辐照 | 39.1  | 34.3  | 1.7  |   1.1   |   0.3   |
| 专业服务 | 688179 |  阿拉丁  | 76.8  | 61.9  | 1.3  |  -0.8   |   4.8   |
| 专业服务 | 301228 | 实朴检测 | 24.8  | -43.0 | 1.2  |  -1.7   |  -3.4   |
| 专业服务 | 003008 | 开普检测 | 18.8  | 34.8  | 1.0  |  -0.7   |  -1.5   |
| 专业服务 | 300215 |  电科院  | 48.6  | 83.3  | 0.8  |  -1.2   |  -1.5   |
| 专业服务 | 300572 | 安车检测 | 32.2  | 53.2  | 0.8  |  -1.5   |  -1.3   |
| 专业服务 | 603776 |  永安行  | 30.7  | 62.0  | 0.5  |  -0.7   |   1.1   |
| 专业服务 | 002967 | 广电计量 | 101.3 | -31.9 | 0.1  |   1.3   |  -0.5   |
| 专业服务 | 603060 | 国检集团 | 86.1  | -76.7 | 0.0  |  -1.7   |   2.8   |
| 专业服务 | 301166 |  优宁维  | 51.2  | 58.9  | 0.0  |  -2.5   |  -6.7   |
| 专业服务 | 002564 | 天沃科技 | 39.6  | 528.6 | 0.0  |  -4.8   |  -10.8  |
| 专业服务 | 603183 |  建研院  | 24.4  | -60.0 | 0.0  |  -0.4   |  -2.4   |
| 专业服务 | 301289 | 国缆检测 | 15.1  | 22.5  | 0.0  |   0.0   |   0.0   |
| 专业服务 | 300938 | 信测标准 | 28.1  | 31.4  | -0.0 |  -1.8   |  -6.6   |
| 专业服务 | 003035 | 南网能源 | 238.6 | 66.7  | -0.3 |  -1.2   |  -0.6   |
| 专业服务 | 603698 | 航天工程 | 68.8  | 93.9  | -0.6 |  -2.1   |  -1.5   |
| 专业服务 | 300384 | 三联虹普 | 58.9  | 24.9  | -1.8 |   0.5   |  10.0   |
+----------+--------+----------+-------+-------+------+---------+---------+
