[行业>市值]
+------+--------+----------+--------+------+------+---------+---------+
| 行业 |  代码  |   名称   |  市值  |  pe  | 涨幅 | 3日涨幅 | 6日涨幅 |
+------+--------+----------+--------+------+------+---------+---------+
| 保险 | 601318 | 中国平安 | 8500.0 | 10.3 | -2.4 |   5.3   |   4.3   |
| 保险 | 601628 | 中国人寿 | 7903.0 | 13.0 | -3.1 |  11.2   |  11.1   |
| 保险 | 601319 | 中国人保 | 2220.0 | 6.3  | -6.3 |   4.6   |   7.7   |
| 保险 | 601601 | 中国太保 | 2170.0 | 10.0 | -3.6 |   6.0   |   4.6   |
| 保险 | 601336 | 新华保险 | 958.9  | 17.8 | -4.7 |   7.2   |   6.3   |
| 保险 | 000627 | 天茂集团 | 179.3  | 30.4 | 10.0 |  23.9   |  22.2   |
+------+--------+----------+--------+------+------+---------+---------+
 




 [行业>单日涨幅]
+------+--------+----------+--------+------+------+---------+---------+
| 行业 |  代码  |   名称   |  市值  |  pe  | 涨幅 | 3日涨幅 | 6日涨幅 |
+------+--------+----------+--------+------+------+---------+---------+
| 保险 | 000627 | 天茂集团 | 179.3  | 30.4 | 10.0 |  23.9   |  22.2   |
| 保险 | 601318 | 中国平安 | 8500.0 | 10.3 | -2.4 |   5.3   |   4.3   |
| 保险 | 601628 | 中国人寿 | 7903.0 | 13.0 | -3.1 |  11.2   |  11.1   |
| 保险 | 601601 | 中国太保 | 2170.0 | 10.0 | -3.6 |   6.0   |   4.6   |
| 保险 | 601336 | 新华保险 | 958.9  | 17.8 | -4.7 |   7.2   |   6.3   |
| 保险 | 601319 | 中国人保 | 2220.0 | 6.3  | -6.3 |   4.6   |   7.7   |
+------+--------+----------+--------+------+------+---------+---------+
