[行业>市值]
+----------+--------+----------+--------+-------+------+---------+---------+
|   行业   |  代码  |   名称   |  市值  |  pe   | 涨幅 | 3日涨幅 | 6日涨幅 |
+----------+--------+----------+--------+-------+------+---------+---------+
| 化纤行业 | 002493 | 荣盛石化 | 1646.0 | 13.2  | -2.9 |  -2.5   |   1.1   |
| 化纤行业 | 600346 | 恒力石化 | 1609.0 |  9.5  | -2.8 |  -1.6   |  -1.8   |
| 化纤行业 | 000301 | 东方盛虹 | 1070.0 | 38.9  | -2.8 |  -4.9   |  14.9   |
| 化纤行业 | 000703 | 恒逸石化 | 412.1  | 14.1  | -3.5 |  -3.2   |   5.8   |
| 化纤行业 | 601233 | 桐昆股份 | 407.7  |  6.8  | -2.2 |  -0.7   |  -1.2   |
| 化纤行业 | 002064 | 华峰化学 | 394.5  |  7.2  | -2.1 |  -1.5   |  -2.6   |
| 化纤行业 | 688295 | 中复神鹰 | 342.4  | 72.7  | 1.8  |   3.6   |   2.5   |
| 化纤行业 | 300777 | 中简科技 | 197.1  | 54.4  | 1.0  |  -2.7   |  -3.1   |
| 化纤行业 | 603225 |  新凤鸣  | 172.1  | 15.1  | -1.2 |  -1.3   |  -3.9   |
| 化纤行业 | 600063 | 皖维高新 | 137.3  |  8.3  | -3.6 |  -6.2   |  -1.0   |
| 化纤行业 | 000420 | 吉林化纤 | 106.5  | -54.3 | 0.8  |  -0.2   |  16.4   |
| 化纤行业 | 002254 | 泰和新材 | 104.5  | 17.9  | -1.1 |   0.1   |   1.0   |
| 化纤行业 | 600810 | 神马股份 |  97.5  |  6.6  | -1.4 |  -2.0   |  -0.6   |
| 化纤行业 | 002206 | 海 利 得 |  80.1  | 16.4  | -0.6 |  -0.8   |   3.1   |
| 化纤行业 | 000949 | 新乡化纤 |  54.9  | 33.5  | -0.8 |  -1.1   |   0.8   |
| 化纤行业 | 601113 |  ST华鼎  |  50.0  | -16.4 | 0.9  |   1.6   |   0.2   |
| 化纤行业 | 000936 | 华西股份 |  48.5  | 62.9  | -0.2 |   2.8   |   3.2   |
| 化纤行业 | 688722 |  同益中  |  37.0  | 30.3  | 11.8 |   7.8   |  12.3   |
| 化纤行业 | 600527 | 江南高纤 |  36.9  | 57.7  | 0.5  |   0.9   |  -0.5   |
| 化纤行业 | 002427 | *ST尤夫  |  36.0  | -5.1  | 1.1  |  -2.7   |  -6.7   |
| 化纤行业 | 603332 | 苏州龙杰 |  34.4  | -64.0 | 1.1  |   1.3   |  -0.0   |
| 化纤行业 | 301057 | 汇隆新材 |  27.3  | 55.0  | 2.6  |   5.6   |   6.5   |
| 化纤行业 | 002172 | 澳洋健康 |  26.6  | 20.4  | 2.1  |   0.9   |  -0.6   |
| 化纤行业 | 000677 | 恒天海龙 |  25.6  | 41.2  | -0.7 |  -0.3   |  -1.7   |
| 化纤行业 | 000782 | 美达股份 |  24.4  | 30.6  | 0.2  |  -0.2   |  -1.9   |
| 化纤行业 | 002998 | 优彩资源 |  23.5  | 19.7  | -0.8 |  -1.1   |  -1.2   |
| 化纤行业 | 300876 | 蒙泰高新 |  21.4  | 35.2  | -1.1 |  -1.6   |  -2.7   |
| 化纤行业 | 600889 | 南京化纤 |  17.3  | -13.7 | -0.4 |  -0.4   |  -0.8   |
+----------+--------+----------+--------+-------+------+---------+---------+
 




 [行业>单日涨幅]
+----------+--------+----------+--------+-------+------+---------+---------+
|   行业   |  代码  |   名称   |  市值  |  pe   | 涨幅 | 3日涨幅 | 6日涨幅 |
+----------+--------+----------+--------+-------+------+---------+---------+
| 化纤行业 | 688722 |  同益中  |  37.0  | 30.3  | 11.8 |   7.8   |  12.3   |
| 化纤行业 | 301057 | 汇隆新材 |  27.3  | 55.0  | 2.6  |   5.6   |   6.5   |
| 化纤行业 | 002172 | 澳洋健康 |  26.6  | 20.4  | 2.1  |   0.9   |  -0.6   |
| 化纤行业 | 688295 | 中复神鹰 | 342.4  | 72.7  | 1.8  |   3.6   |   2.5   |
| 化纤行业 | 603332 | 苏州龙杰 |  34.4  | -64.0 | 1.1  |   1.3   |  -0.0   |
| 化纤行业 | 002427 | *ST尤夫  |  36.0  | -5.1  | 1.1  |  -2.7   |  -6.7   |
| 化纤行业 | 300777 | 中简科技 | 197.1  | 54.4  | 1.0  |  -2.7   |  -3.1   |
| 化纤行业 | 601113 |  ST华鼎  |  50.0  | -16.4 | 0.9  |   1.6   |   0.2   |
| 化纤行业 | 000420 | 吉林化纤 | 106.5  | -54.3 | 0.8  |  -0.2   |  16.4   |
| 化纤行业 | 600527 | 江南高纤 |  36.9  | 57.7  | 0.5  |   0.9   |  -0.5   |
| 化纤行业 | 000782 | 美达股份 |  24.4  | 30.6  | 0.2  |  -0.2   |  -1.9   |
| 化纤行业 | 000936 | 华西股份 |  48.5  | 62.9  | -0.2 |   2.8   |   3.2   |
| 化纤行业 | 600889 | 南京化纤 |  17.3  | -13.7 | -0.4 |  -0.4   |  -0.8   |
| 化纤行业 | 002206 | 海 利 得 |  80.1  | 16.4  | -0.6 |  -0.8   |   3.1   |
| 化纤行业 | 000677 | 恒天海龙 |  25.6  | 41.2  | -0.7 |  -0.3   |  -1.7   |
| 化纤行业 | 000949 | 新乡化纤 |  54.9  | 33.5  | -0.8 |  -1.1   |   0.8   |
| 化纤行业 | 002998 | 优彩资源 |  23.5  | 19.7  | -0.8 |  -1.1   |  -1.2   |
| 化纤行业 | 002254 | 泰和新材 | 104.5  | 17.9  | -1.1 |   0.1   |   1.0   |
| 化纤行业 | 300876 | 蒙泰高新 |  21.4  | 35.2  | -1.1 |  -1.6   |  -2.7   |
| 化纤行业 | 603225 |  新凤鸣  | 172.1  | 15.1  | -1.2 |  -1.3   |  -3.9   |
| 化纤行业 | 600810 | 神马股份 |  97.5  |  6.6  | -1.4 |  -2.0   |  -0.6   |
| 化纤行业 | 002064 | 华峰化学 | 394.5  |  7.2  | -2.1 |  -1.5   |  -2.6   |
| 化纤行业 | 601233 | 桐昆股份 | 407.7  |  6.8  | -2.2 |  -0.7   |  -1.2   |
| 化纤行业 | 600346 | 恒力石化 | 1609.0 |  9.5  | -2.8 |  -1.6   |  -1.8   |
| 化纤行业 | 000301 | 东方盛虹 | 1070.0 | 38.9  | -2.8 |  -4.9   |  14.9   |
| 化纤行业 | 002493 | 荣盛石化 | 1646.0 | 13.2  | -2.9 |  -2.5   |   1.1   |
| 化纤行业 | 000703 | 恒逸石化 | 412.1  | 14.1  | -3.5 |  -3.2   |   5.8   |
| 化纤行业 | 600063 | 皖维高新 | 137.3  |  8.3  | -3.6 |  -6.2   |  -1.0   |
+----------+--------+----------+--------+-------+------+---------+---------+
