[行业>市值]
+----------+--------+----------+--------+-------+------+---------+---------+
|   行业   |  代码  |   名称   |  市值  |  pe   | 涨幅 | 3日涨幅 | 6日涨幅 |
+----------+--------+----------+--------+-------+------+---------+---------+
| 化肥行业 | 000792 | 盐湖股份 | 1613.0 | 11.5  | -3.3 |  -5.9   |  -8.6   |
| 化肥行业 | 600096 |  云天化  | 560.9  |  8.5  | -2.3 |  -7.3   |   3.0   |
| 化肥行业 | 000408 | 藏格矿业 | 521.5  | 16.0  | 0.3  |  -1.8   |   1.2   |
| 化肥行业 | 600141 | 兴发集团 | 478.0  |  7.0  | -0.1 |  -3.8   |   5.9   |
| 化肥行业 | 000893 | 亚钾国际 | 276.6  | 24.7  | -1.1 |  -5.6   |   3.6   |
| 化肥行业 | 002312 | 川发龙蟒 | 233.2  | 21.4  | -2.4 |  -0.5   |   0.8   |
| 化肥行业 | 000902 |  新洋丰  | 231.7  | 14.2  | -0.7 |  -3.5   |   5.0   |
| 化肥行业 | 002895 | 川恒股份 | 174.1  | 41.8  | 2.0  |  -5.3   |  -7.9   |
| 化肥行业 | 002539 | 云图控股 | 166.2  |  8.9  | -1.9 |  -9.0   |  -1.2   |
| 化肥行业 | 603938 | 三孚股份 | 151.5  | 25.2  | -3.1 |  -6.9   |  16.4   |
| 化肥行业 | 002556 | 辉隆股份 | 113.9  | 13.6  | -2.1 |  -1.2   |   1.8   |
| 化肥行业 | 600691 | 阳煤化工 |  99.8  | 26.9  | -2.3 |  -1.9   |   2.4   |
| 化肥行业 | 002274 | 华昌化工 |  98.0  | 10.0  | -1.3 |  -6.7   |  -1.9   |
| 化肥行业 | 002538 |  司尔特  |  90.5  | 14.7  | -2.1 |  -5.5   |  15.1   |
| 化肥行业 | 000912 |  泸天化  |  87.5  | 15.6  | -1.8 |  -4.9   |  -1.2   |
| 化肥行业 | 002588 |  史丹利  |  78.0  | 13.0  | -2.2 |  -5.5   |  -1.8   |
| 化肥行业 | 002470 |  ST金正  |  75.2  | -72.2 | -0.9 |  -3.0   |  -0.9   |
| 化肥行业 | 600078 | *ST澄星  |  72.0  | 26.6  | -0.4 |  -9.6   |  -10.5  |
| 化肥行业 | 300505 |  川金诺  |  61.1  | 25.5  | 0.6  |  -3.7   |   2.1   |
| 化肥行业 | 000731 | 四川美丰 |  56.6  |  7.9  | -1.6 |  -3.3   |   1.8   |
| 化肥行业 | 002170 | 芭田股份 |  53.2  | 61.2  | 0.2  |  -2.6   |   4.9   |
| 化肥行业 | 600470 | 六国化工 |  42.5  | 15.9  | 0.4  |  -6.5   |  -2.5   |
| 化肥行业 | 002999 | 天禾股份 |  25.8  | 46.2  | -2.8 |  -8.6   |  -6.4   |
| 化肥行业 | 300387 | 富邦股份 |  20.4  | 37.8  | 0.1  |  -4.0   |  -2.5   |
| 化肥行业 | 000611 |  天首退  |  3.6   | -11.4 | 9.7  |   6.6   |  10.8   |
+----------+--------+----------+--------+-------+------+---------+---------+
 




 [行业>单日涨幅]
+----------+--------+----------+--------+-------+------+---------+---------+
|   行业   |  代码  |   名称   |  市值  |  pe   | 涨幅 | 3日涨幅 | 6日涨幅 |
+----------+--------+----------+--------+-------+------+---------+---------+
| 化肥行业 | 000611 |  天首退  |  3.6   | -11.4 | 9.7  |   6.6   |  10.8   |
| 化肥行业 | 002895 | 川恒股份 | 174.1  | 41.8  | 2.0  |  -5.3   |  -7.9   |
| 化肥行业 | 300505 |  川金诺  |  61.1  | 25.5  | 0.6  |  -3.7   |   2.1   |
| 化肥行业 | 600470 | 六国化工 |  42.5  | 15.9  | 0.4  |  -6.5   |  -2.5   |
| 化肥行业 | 000408 | 藏格矿业 | 521.5  | 16.0  | 0.3  |  -1.8   |   1.2   |
| 化肥行业 | 002170 | 芭田股份 |  53.2  | 61.2  | 0.2  |  -2.6   |   4.9   |
| 化肥行业 | 300387 | 富邦股份 |  20.4  | 37.8  | 0.1  |  -4.0   |  -2.5   |
| 化肥行业 | 600141 | 兴发集团 | 478.0  |  7.0  | -0.1 |  -3.8   |   5.9   |
| 化肥行业 | 600078 | *ST澄星  |  72.0  | 26.6  | -0.4 |  -9.6   |  -10.5  |
| 化肥行业 | 000902 |  新洋丰  | 231.7  | 14.2  | -0.7 |  -3.5   |   5.0   |
| 化肥行业 | 002470 |  ST金正  |  75.2  | -72.2 | -0.9 |  -3.0   |  -0.9   |
| 化肥行业 | 000893 | 亚钾国际 | 276.6  | 24.7  | -1.1 |  -5.6   |   3.6   |
| 化肥行业 | 002274 | 华昌化工 |  98.0  | 10.0  | -1.3 |  -6.7   |  -1.9   |
| 化肥行业 | 000731 | 四川美丰 |  56.6  |  7.9  | -1.6 |  -3.3   |   1.8   |
| 化肥行业 | 000912 |  泸天化  |  87.5  | 15.6  | -1.8 |  -4.9   |  -1.2   |
| 化肥行业 | 002539 | 云图控股 | 166.2  |  8.9  | -1.9 |  -9.0   |  -1.2   |
| 化肥行业 | 002538 |  司尔特  |  90.5  | 14.7  | -2.1 |  -5.5   |  15.1   |
| 化肥行业 | 002556 | 辉隆股份 | 113.9  | 13.6  | -2.1 |  -1.2   |   1.8   |
| 化肥行业 | 002588 |  史丹利  |  78.0  | 13.0  | -2.2 |  -5.5   |  -1.8   |
| 化肥行业 | 600096 |  云天化  | 560.9  |  8.5  | -2.3 |  -7.3   |   3.0   |
| 化肥行业 | 600691 | 阳煤化工 |  99.8  | 26.9  | -2.3 |  -1.9   |   2.4   |
| 化肥行业 | 002312 | 川发龙蟒 | 233.2  | 21.4  | -2.4 |  -0.5   |   0.8   |
| 化肥行业 | 002999 | 天禾股份 |  25.8  | 46.2  | -2.8 |  -8.6   |  -6.4   |
| 化肥行业 | 603938 | 三孚股份 | 151.5  | 25.2  | -3.1 |  -6.9   |  16.4   |
| 化肥行业 | 000792 | 盐湖股份 | 1613.0 | 11.5  | -3.3 |  -5.9   |  -8.6   |
+----------+--------+----------+--------+-------+------+---------+---------+
