[行业>市值]
+----------+--------+----------+-------+--------+------+---------+---------+
|   行业   |  代码  |   名称   | 市值  |   pe   | 涨幅 | 3日涨幅 | 6日涨幅 |
+----------+--------+----------+-------+--------+------+---------+---------+
| 多元金融 | 000617 | 中油资本 | 624.5 |  9.1   | -2.4 |   2.1   |   2.1   |
| 多元金融 | 000987 | 越秀金控 | 353.4 |  15.1  | 1.3  |  16.3   |  18.7   |
| 多元金融 | 600705 | 中航产融 | 316.7 | 691.1  | -2.5 |   1.4   |   3.2   |
| 多元金融 | 600927 | 永安期货 | 299.3 | 229.5  | -6.0 |   4.6   |   4.1   |
| 多元金融 | 600816 |  ST安信  | 234.1 | -12.3  | -0.2 |   0.7   |   2.1   |
| 多元金融 | 600390 | 五矿资本 | 229.4 |  8.1   | -2.1 |   5.6   |   5.4   |
| 多元金融 | 002423 | 中粮资本 | 162.4 | -11.9  | -2.2 |   1.9   |   0.1   |
| 多元金融 | 600901 | 江苏租赁 | 153.8 |  6.2   | -1.0 |   2.4   |   4.5   |
| 多元金融 | 000567 | 海德股份 | 145.2 |  28.5  | 2.0  |  -1.0   |   4.1   |
| 多元金融 | 000415 | 渤海租赁 | 137.3 |  -4.7  | -1.3 |   4.2   |   2.8   |
| 多元金融 | 000563 | 陕国投Ａ  | 126.1 |  17.9  | -4.8 |   3.9   |   4.6   |
| 多元金融 | 600120 | 浙江东方 | 115.9 |  72.5  | -1.7 |   1.3   |   2.3   |
| 多元金融 | 600643 | 爱建集团 | 101.5 |  8.5   | -2.5 |   2.5   |   2.6   |
| 多元金融 | 000046 | 泛海控股 | 78.5  |  -2.5  | -1.9 |   3.4   |   2.0   |
| 多元金融 | 002961 | 瑞达期货 | 78.4  |  20.6  | -4.3 |   2.7   |   4.1   |
| 多元金融 | 600053 | 九鼎投资 | 77.7  |  43.7  | -0.8 |   4.9   |   6.7   |
| 多元金融 | 603093 | 南华期货 | 65.7  |  58.4  | -5.1 |   1.8   |   3.2   |
| 多元金融 | 000666 | 经纬纺机 | 62.1  |  11.4  | -2.0 |   0.8   |   1.3   |
| 多元金融 | 600318 | 新力金融 | 40.8  | 443.9  | -7.9 |   4.3   |   8.6   |
| 多元金融 | 002647 | 仁东控股 | 39.2  | -47.5  | 1.6  |   3.4   |  -2.9   |
| 多元金融 | 600830 | 香溢融通 | 27.2  |  56.6  | -3.4 |  -0.8   |  -0.7   |
| 多元金融 | 000416 | 民生控股 | 20.6  | -111.2 | -3.0 |   4.6   |   5.7   |
| 多元金融 | 600599 |  ST熊猫  | 16.4  |  11.3  | -3.2 |  -6.3   |  -0.5   |
| 多元金融 | 300309 | *ST吉艾  | 16.3  |  -3.6  | -1.1 |   4.0   |  -2.1   |
| 多元金融 | 600139 | *ST西源  | 13.6  |  -9.2  | -1.9 |  -2.4   |   0.0   |
| 多元金融 | 600093 | 退市易见 |  5.6  |  -1.2  | 8.7  |  19.1   |  21.9   |
+----------+--------+----------+-------+--------+------+---------+---------+
 




 [行业>单日涨幅]
+----------+--------+----------+-------+--------+------+---------+---------+
|   行业   |  代码  |   名称   | 市值  |   pe   | 涨幅 | 3日涨幅 | 6日涨幅 |
+----------+--------+----------+-------+--------+------+---------+---------+
| 多元金融 | 600093 | 退市易见 |  5.6  |  -1.2  | 8.7  |  19.1   |  21.9   |
| 多元金融 | 000567 | 海德股份 | 145.2 |  28.5  | 2.0  |  -1.0   |   4.1   |
| 多元金融 | 002647 | 仁东控股 | 39.2  | -47.5  | 1.6  |   3.4   |  -2.9   |
| 多元金融 | 000987 | 越秀金控 | 353.4 |  15.1  | 1.3  |  16.3   |  18.7   |
| 多元金融 | 600816 |  ST安信  | 234.1 | -12.3  | -0.2 |   0.7   |   2.1   |
| 多元金融 | 600053 | 九鼎投资 | 77.7  |  43.7  | -0.8 |   4.9   |   6.7   |
| 多元金融 | 600901 | 江苏租赁 | 153.8 |  6.2   | -1.0 |   2.4   |   4.5   |
| 多元金融 | 300309 | *ST吉艾  | 16.3  |  -3.6  | -1.1 |   4.0   |  -2.1   |
| 多元金融 | 000415 | 渤海租赁 | 137.3 |  -4.7  | -1.3 |   4.2   |   2.8   |
| 多元金融 | 600120 | 浙江东方 | 115.9 |  72.5  | -1.7 |   1.3   |   2.3   |
| 多元金融 | 600139 | *ST西源  | 13.6  |  -9.2  | -1.9 |  -2.4   |   0.0   |
| 多元金融 | 000046 | 泛海控股 | 78.5  |  -2.5  | -1.9 |   3.4   |   2.0   |
| 多元金融 | 000666 | 经纬纺机 | 62.1  |  11.4  | -2.0 |   0.8   |   1.3   |
| 多元金融 | 600390 | 五矿资本 | 229.4 |  8.1   | -2.1 |   5.6   |   5.4   |
| 多元金融 | 002423 | 中粮资本 | 162.4 | -11.9  | -2.2 |   1.9   |   0.1   |
| 多元金融 | 000617 | 中油资本 | 624.5 |  9.1   | -2.4 |   2.1   |   2.1   |
| 多元金融 | 600705 | 中航产融 | 316.7 | 691.1  | -2.5 |   1.4   |   3.2   |
| 多元金融 | 600643 | 爱建集团 | 101.5 |  8.5   | -2.5 |   2.5   |   2.6   |
| 多元金融 | 000416 | 民生控股 | 20.6  | -111.2 | -3.0 |   4.6   |   5.7   |
| 多元金融 | 600599 |  ST熊猫  | 16.4  |  11.3  | -3.2 |  -6.3   |  -0.5   |
| 多元金融 | 600830 | 香溢融通 | 27.2  |  56.6  | -3.4 |  -0.8   |  -0.7   |
| 多元金融 | 002961 | 瑞达期货 | 78.4  |  20.6  | -4.3 |   2.7   |   4.1   |
| 多元金融 | 000563 | 陕国投Ａ  | 126.1 |  17.9  | -4.8 |   3.9   |   4.6   |
| 多元金融 | 603093 | 南华期货 | 65.7  |  58.4  | -5.1 |   1.8   |   3.2   |
| 多元金融 | 600927 | 永安期货 | 299.3 | 229.5  | -6.0 |   4.6   |   4.1   |
| 多元金融 | 600318 | 新力金融 | 40.8  | 443.9  | -7.9 |   4.3   |   8.6   |
+----------+--------+----------+-------+--------+------+---------+---------+
