[行业>市值]
+----------+--------+----------+--------+--------+------+---------+---------+
|   行业   |  代码  |   名称   |  市值  |   pe   | 涨幅 | 3日涨幅 | 6日涨幅 |
+----------+--------+----------+--------+--------+------+---------+---------+
| 工程机械 | 600031 | 三一重工 | 1522.0 |  23.9  | -2.1 |   1.9   |   6.0   |
| 工程机械 | 601100 | 恒立液压 | 742.6  |  35.1  | -2.9 |   3.2   |   7.0   |
| 工程机械 | 000157 | 中联重科 | 527.6  |  14.6  | -1.1 |   0.7   |   1.0   |
| 工程机械 | 000425 | 徐工机械 | 427.7  |  7.6   | 1.7  |   3.2   |   3.6   |
| 工程机械 | 603338 | 浙江鼎力 | 245.5  |  31.4  | -1.4 |  -0.3   |   2.1   |
| 工程机械 | 688425 | 铁建重工 | 229.3  |  15.2  | -0.7 |   0.9   |   0.9   |
| 工程机械 | 603638 | 艾迪精密 | 163.5  |  56.5  | 2.2  |   2.4   |   3.7   |
| 工程机械 | 000528 | 柳    工 | 127.7  |  12.5  | -0.1 |   1.1   |   1.9   |
| 工程机械 | 603298 | 杭叉集团 | 119.3  |  15.7  | 5.1  |   4.2   |   1.4   |
| 工程机械 | 000680 | 山推股份 |  76.7  |  5.3   | 3.6  |   0.8   |   3.2   |
| 工程机械 | 600761 | XD安徽合 |  76.0  |  9.8   | 1.0  |   1.7   |   4.0   |
| 工程机械 | 600984 | 建设机械 |  74.5  | -34.6  | -0.6 |   2.9   |   2.5   |
| 工程机械 | 002204 | 大连重工 |  73.8  |  26.4  | -1.3 |  -1.3   |  -3.0   |
| 工程机械 | 002097 | 山河智能 |  71.0  | -36.2  | -0.5 |  -5.0   |  -0.8   |
| 工程机械 | 605305 | 中际联合 |  69.3  |  39.3  | 6.9  |   0.4   |   4.4   |
| 工程机械 | 600375 | 汉马科技 |  62.6  |  -9.6  | 0.9  |  14.6   |  22.2   |
| 工程机械 | 601226 | 华电重工 |  57.4  | -13.2  | 1.0  |   0.2   |  -7.3   |
| 工程机械 | 600815 | 厦工股份 |  50.9  | -665.8 | 0.3  |  -0.3   |  -2.4   |
| 工程机械 | 600817 | 宇通重工 |  49.8  |  14.7  | -3.1 |   1.5   |  -3.5   |
| 工程机械 | 603611 | 诺力股份 |  43.5  |  15.1  | 2.7  |   2.9   |   1.6   |
| 工程机械 | 300718 | 长盛轴承 |  39.0  |  32.3  | 1.1  |   0.2   |   1.5   |
| 工程机械 | 605389 | 长龄液压 |  34.6  |  20.5  | 1.3  |   2.2   |  -1.5   |
| 工程机械 | 301040 | 中环海陆 |  28.0  |  41.0  | 2.0  |  -2.8   |  -11.2  |
| 工程机械 | 002272 | 川润股份 |  24.4  |  62.8  | 1.1  |  -6.2   |  -4.0   |
| 工程机械 | 001288 | 运机集团 |  22.8  |  27.0  | 0.0  |   0.1   |  -1.6   |
| 工程机械 | 300201 | *ST海伦  |  22.1  |  16.9  | 4.4  |   5.0   |  -1.9   |
| 工程机械 | 300022 | 吉峰科技 |  18.7  | -224.4 | -0.2 |   0.0   |  -3.5   |
+----------+--------+----------+--------+--------+------+---------+---------+
 




 [行业>单日涨幅]
+----------+--------+----------+--------+--------+------+---------+---------+
|   行业   |  代码  |   名称   |  市值  |   pe   | 涨幅 | 3日涨幅 | 6日涨幅 |
+----------+--------+----------+--------+--------+------+---------+---------+
| 工程机械 | 605305 | 中际联合 |  69.3  |  39.3  | 6.9  |   0.4   |   4.4   |
| 工程机械 | 603298 | 杭叉集团 | 119.3  |  15.7  | 5.1  |   4.2   |   1.4   |
| 工程机械 | 300201 | *ST海伦  |  22.1  |  16.9  | 4.4  |   5.0   |  -1.9   |
| 工程机械 | 000680 | 山推股份 |  76.7  |  5.3   | 3.6  |   0.8   |   3.2   |
| 工程机械 | 603611 | 诺力股份 |  43.5  |  15.1  | 2.7  |   2.9   |   1.6   |
| 工程机械 | 603638 | 艾迪精密 | 163.5  |  56.5  | 2.2  |   2.4   |   3.7   |
| 工程机械 | 301040 | 中环海陆 |  28.0  |  41.0  | 2.0  |  -2.8   |  -11.2  |
| 工程机械 | 000425 | 徐工机械 | 427.7  |  7.6   | 1.7  |   3.2   |   3.6   |
| 工程机械 | 605389 | 长龄液压 |  34.6  |  20.5  | 1.3  |   2.2   |  -1.5   |
| 工程机械 | 002272 | 川润股份 |  24.4  |  62.8  | 1.1  |  -6.2   |  -4.0   |
| 工程机械 | 300718 | 长盛轴承 |  39.0  |  32.3  | 1.1  |   0.2   |   1.5   |
| 工程机械 | 601226 | 华电重工 |  57.4  | -13.2  | 1.0  |   0.2   |  -7.3   |
| 工程机械 | 600761 | XD安徽合 |  76.0  |  9.8   | 1.0  |   1.7   |   4.0   |
| 工程机械 | 600375 | 汉马科技 |  62.6  |  -9.6  | 0.9  |  14.6   |  22.2   |
| 工程机械 | 600815 | 厦工股份 |  50.9  | -665.8 | 0.3  |  -0.3   |  -2.4   |
| 工程机械 | 001288 | 运机集团 |  22.8  |  27.0  | 0.0  |   0.1   |  -1.6   |
| 工程机械 | 000528 | 柳    工 | 127.7  |  12.5  | -0.1 |   1.1   |   1.9   |
| 工程机械 | 300022 | 吉峰科技 |  18.7  | -224.4 | -0.2 |   0.0   |  -3.5   |
| 工程机械 | 002097 | 山河智能 |  71.0  | -36.2  | -0.5 |  -5.0   |  -0.8   |
| 工程机械 | 600984 | 建设机械 |  74.5  | -34.6  | -0.6 |   2.9   |   2.5   |
| 工程机械 | 688425 | 铁建重工 | 229.3  |  15.2  | -0.7 |   0.9   |   0.9   |
| 工程机械 | 000157 | 中联重科 | 527.6  |  14.6  | -1.1 |   0.7   |   1.0   |
| 工程机械 | 002204 | 大连重工 |  73.8  |  26.4  | -1.3 |  -1.3   |  -3.0   |
| 工程机械 | 603338 | 浙江鼎力 | 245.5  |  31.4  | -1.4 |  -0.3   |   2.1   |
| 工程机械 | 600031 | 三一重工 | 1522.0 |  23.9  | -2.1 |   1.9   |   6.0   |
| 工程机械 | 601100 | 恒立液压 | 742.6  |  35.1  | -2.9 |   3.2   |   7.0   |
| 工程机械 | 600817 | 宇通重工 |  49.8  |  14.7  | -3.1 |   1.5   |  -3.5   |
+----------+--------+----------+--------+--------+------+---------+---------+
