[行业>市值]
+----------+--------+----------+-------+--------+------+---------+---------+
|   行业   |  代码  |   名称   | 市值  |   pe   | 涨幅 | 3日涨幅 | 6日涨幅 |
+----------+--------+----------+-------+--------+------+---------+---------+
| 橡胶制品 | 601058 | 赛轮轮胎 | 357.5 |  27.8  | 2.8  |   4.5   |   2.3   |
| 橡胶制品 | 601966 | 玲珑轮胎 | 327.0 | -89.0  | -0.5 |   3.8   |   5.4   |
| 橡胶制品 | 000887 | 中鼎股份 | 243.3 |  24.2  | 0.3  |   4.3   |  10.7   |
| 橡胶制品 | 002984 |  森麒麟  | 203.2 |  21.8  | 1.2  |   3.0   |   4.2   |
| 橡胶制品 | 601118 | 海南橡胶 | 202.8 | -179.1 | -0.2 |  -0.4   |   0.8   |
| 橡胶制品 | 603650 | 彤程新材 | 174.3 |  60.5  | 0.6  |  -3.0   |  -0.4   |
| 橡胶制品 | 603033 | 三维股份 | 166.3 |  85.5  | -0.2 |  -1.8   |   0.6   |
| 橡胶制品 | 300767 | 震安科技 | 148.9 | 114.3  | -2.8 |   1.6   |   8.2   |
| 橡胶制品 | 300587 | 天铁股份 | 114.2 |  24.6  | 0.8  |   3.6   |  11.6   |
| 橡胶制品 | 002068 | 黑猫股份 | 108.3 | -259.6 | 0.3  |   2.0   |  13.4   |
| 橡胶制品 | 601163 | 三角轮胎 | 92.6  |  39.6  | -1.4 |   0.3   |  -1.2   |
| 橡胶制品 | 300320 | 海达股份 | 82.0  |  50.9  | 3.4  |  10.0   |  18.1   |
| 橡胶制品 | 600480 | 凌云股份 | 80.8  |  22.1  | -0.7 |  -1.7   |   0.8   |
| 橡胶制品 | 605183 | 确成股份 | 77.3  |  23.1  | -1.2 |  -2.3   |  -0.5   |
| 橡胶制品 | 000589 | 贵州轮胎 | 47.7  |  21.2  | -1.6 |  -1.9   |  -3.5   |
| 橡胶制品 | 601500 | 通用股份 | 46.9  | 157.9  | -1.6 |  -2.5   |  -2.5   |
| 橡胶制品 | 600182 | S*ST佳通 | 44.4  | 275.8  | 4.1  |  11.4   |  15.4   |
| 橡胶制品 | 300121 | 阳谷华泰 | 40.7  |  9.0   | -0.2 |   1.0   |   3.9   |
| 橡胶制品 | 600469 | 风神股份 | 35.2  | -21.3  | -5.1 |  -10.4  |  -9.6   |
| 橡胶制品 | 000599 | 青岛双星 | 33.6  |  -5.7  | -3.5 |  -10.5  |  -29.6  |
| 橡胶制品 | 002224 | 三 力 士 | 33.0  | -152.5 | 0.0  |   0.0   |  -0.2   |
| 橡胶制品 | 300547 | 川环科技 | 32.8  |  39.0  | -1.4 |  -2.3   |   6.5   |
| 橡胶制品 | 001207 | 联科科技 | 29.6  |  31.1  | 0.1  |  -0.5   |   0.5   |
| 橡胶制品 | 002753 | 永东股份 | 28.1  |  66.6  | -0.9 |  -0.9   |  -1.7   |
| 橡胶制品 | 002442 | 龙星化工 | 26.0  |  56.9  | -1.1 |  -2.2   |  -0.4   |
| 橡胶制品 | 002381 | 双箭股份 | 25.4  |  19.5  | -0.5 |  -0.5   |  -0.3   |
| 橡胶制品 | 300731 | 科创新源 | 20.9  | -46.9  | 0.4  |  -3.4   |  -1.8   |
| 橡胶制品 | 301233 | 盛帮股份 |  0.0  |  0.0   | 0.0  |   0.0   |   0.0   |
+----------+--------+----------+-------+--------+------+---------+---------+
 




 [行业>单日涨幅]
+----------+--------+----------+-------+--------+------+---------+---------+
|   行业   |  代码  |   名称   | 市值  |   pe   | 涨幅 | 3日涨幅 | 6日涨幅 |
+----------+--------+----------+-------+--------+------+---------+---------+
| 橡胶制品 | 600182 | S*ST佳通 | 44.4  | 275.8  | 4.1  |  11.4   |  15.4   |
| 橡胶制品 | 300320 | 海达股份 | 82.0  |  50.9  | 3.4  |  10.0   |  18.1   |
| 橡胶制品 | 601058 | 赛轮轮胎 | 357.5 |  27.8  | 2.8  |   4.5   |   2.3   |
| 橡胶制品 | 002984 |  森麒麟  | 203.2 |  21.8  | 1.2  |   3.0   |   4.2   |
| 橡胶制品 | 300587 | 天铁股份 | 114.2 |  24.6  | 0.8  |   3.6   |  11.6   |
| 橡胶制品 | 603650 | 彤程新材 | 174.3 |  60.5  | 0.6  |  -3.0   |  -0.4   |
| 橡胶制品 | 300731 | 科创新源 | 20.9  | -46.9  | 0.4  |  -3.4   |  -1.8   |
| 橡胶制品 | 002068 | 黑猫股份 | 108.3 | -259.6 | 0.3  |   2.0   |  13.4   |
| 橡胶制品 | 000887 | 中鼎股份 | 243.3 |  24.2  | 0.3  |   4.3   |  10.7   |
| 橡胶制品 | 001207 | 联科科技 | 29.6  |  31.1  | 0.1  |  -0.5   |   0.5   |
| 橡胶制品 | 002224 | 三 力 士 | 33.0  | -152.5 | 0.0  |   0.0   |  -0.2   |
| 橡胶制品 | 301233 | 盛帮股份 |  0.0  |  0.0   | 0.0  |   0.0   |   0.0   |
| 橡胶制品 | 300121 | 阳谷华泰 | 40.7  |  9.0   | -0.2 |   1.0   |   3.9   |
| 橡胶制品 | 601118 | 海南橡胶 | 202.8 | -179.1 | -0.2 |  -0.4   |   0.8   |
| 橡胶制品 | 603033 | 三维股份 | 166.3 |  85.5  | -0.2 |  -1.8   |   0.6   |
| 橡胶制品 | 002381 | 双箭股份 | 25.4  |  19.5  | -0.5 |  -0.5   |  -0.3   |
| 橡胶制品 | 601966 | 玲珑轮胎 | 327.0 | -89.0  | -0.5 |   3.8   |   5.4   |
| 橡胶制品 | 600480 | 凌云股份 | 80.8  |  22.1  | -0.7 |  -1.7   |   0.8   |
| 橡胶制品 | 002753 | 永东股份 | 28.1  |  66.6  | -0.9 |  -0.9   |  -1.7   |
| 橡胶制品 | 002442 | 龙星化工 | 26.0  |  56.9  | -1.1 |  -2.2   |  -0.4   |
| 橡胶制品 | 605183 | 确成股份 | 77.3  |  23.1  | -1.2 |  -2.3   |  -0.5   |
| 橡胶制品 | 300547 | 川环科技 | 32.8  |  39.0  | -1.4 |  -2.3   |   6.5   |
| 橡胶制品 | 601163 | 三角轮胎 | 92.6  |  39.6  | -1.4 |   0.3   |  -1.2   |
| 橡胶制品 | 601500 | 通用股份 | 46.9  | 157.9  | -1.6 |  -2.5   |  -2.5   |
| 橡胶制品 | 000589 | 贵州轮胎 | 47.7  |  21.2  | -1.6 |  -1.9   |  -3.5   |
| 橡胶制品 | 300767 | 震安科技 | 148.9 | 114.3  | -2.8 |   1.6   |   8.2   |
| 橡胶制品 | 000599 | 青岛双星 | 33.6  |  -5.7  | -3.5 |  -10.5  |  -29.6  |
| 橡胶制品 | 600469 | 风神股份 | 35.2  | -21.3  | -5.1 |  -10.4  |  -9.6   |
+----------+--------+----------+-------+--------+------+---------+---------+
