[行业>市值]
+----------+--------+----------+--------+-------+------+---------+---------+
|   行业   |  代码  |   名称   |  市值  |  pe   | 涨幅 | 3日涨幅 | 6日涨幅 |
+----------+--------+----------+--------+-------+------+---------+---------+
| 汽车整车 | 002594 |  比亚迪  | 9781.0 | 302.5 | 0.3  |  -3.7   |   2.6   |
| 汽车整车 | 601633 | 长城汽车 | 3575.0 | 54.7  | -2.1 |   0.4   |   3.3   |
| 汽车整车 | 600104 | 上汽集团 | 2088.0 |  9.5  | -2.1 |   1.4   |   2.5   |
| 汽车整车 | 601238 | 广汽集团 | 1761.0 | 14.6  | -2.7 |   0.8   |   5.0   |
| 汽车整车 | 000625 | 长安汽车 | 1418.0 |  7.8  | -0.2 |   9.4   |  18.4   |
| 汽车整车 | 601127 | 小康股份 | 957.1  | -28.5 | 5.5  |   2.0   |   5.5   |
| 汽车整车 | 000800 | 一汽解放 | 483.6  | 26.7  | -5.0 |   4.3   |  14.7   |
| 汽车整车 | 600733 | 北汽蓝谷 | 389.7  | -10.2 | 0.8  |  11.0   |  10.2   |
| 汽车整车 | 600418 | 江淮汽车 | 296.2  | -25.5 | -2.8 |   8.9   |   1.9   |
| 汽车整车 | 601777 | 力帆科技 | 233.6  | 114.8 | -1.3 |  -3.4   |   2.0   |
| 汽车整车 | 301039 | 中集车辆 | 207.2  | 41.6  | -2.3 |  -1.8   |  -8.1   |
| 汽车整车 | 000980 |  ST众泰  | 187.6  | -29.9 | -3.4 |  -3.1   |   1.6   |
| 汽车整车 | 600166 | 福田汽车 | 179.5  | 33.1  | -3.2 |  -0.4   |  -1.8   |
| 汽车整车 | 600066 | 宇通客车 | 179.1  | -38.7 | -2.8 |   0.4   |  -1.9   |
| 汽车整车 | 600006 | 东风汽车 | 153.8  | 32.4  | -7.5 |  -11.6  |  -23.6  |
| 汽车整车 | 000951 | 中国重汽 | 145.9  | 29.4  | -3.0 |   0.4   |  -0.3   |
| 汽车整车 | 000550 | 江铃汽车 | 132.8  | 17.1  | -2.8 |   0.1   |  -3.6   |
| 汽车整车 | 000957 | 中通客车 | 102.3  | -72.5 | -2.3 |   7.3   |   7.8   |
| 汽车整车 | 000572 | 海马汽车 | 101.8  | -41.8 | -1.4 |  -2.5   |   0.8   |
| 汽车整车 | 600686 | 金龙汽车 |  45.1  | 290.9 | -2.8 |   0.6   |  -5.6   |
| 汽车整车 | 000868 | 安凯客车 |  36.7  | -23.0 | -4.8 |  -3.6   |  -16.5  |
| 汽车整车 | 600213 | 亚星客车 |  24.1  | -13.8 | 1.3  |   0.2   |  -5.2   |
| 汽车整车 | 600303 |  ST曙光  |  22.0  | -16.9 | -1.5 |  -0.9   |  -5.0   |
+----------+--------+----------+--------+-------+------+---------+---------+
 




 [行业>单日涨幅]
+----------+--------+----------+--------+-------+------+---------+---------+
|   行业   |  代码  |   名称   |  市值  |  pe   | 涨幅 | 3日涨幅 | 6日涨幅 |
+----------+--------+----------+--------+-------+------+---------+---------+
| 汽车整车 | 601127 | 小康股份 | 957.1  | -28.5 | 5.5  |   2.0   |   5.5   |
| 汽车整车 | 600213 | 亚星客车 |  24.1  | -13.8 | 1.3  |   0.2   |  -5.2   |
| 汽车整车 | 600733 | 北汽蓝谷 | 389.7  | -10.2 | 0.8  |  11.0   |  10.2   |
| 汽车整车 | 002594 |  比亚迪  | 9781.0 | 302.5 | 0.3  |  -3.7   |   2.6   |
| 汽车整车 | 000625 | 长安汽车 | 1418.0 |  7.8  | -0.2 |   9.4   |  18.4   |
| 汽车整车 | 601777 | 力帆科技 | 233.6  | 114.8 | -1.3 |  -3.4   |   2.0   |
| 汽车整车 | 000572 | 海马汽车 | 101.8  | -41.8 | -1.4 |  -2.5   |   0.8   |
| 汽车整车 | 600303 |  ST曙光  |  22.0  | -16.9 | -1.5 |  -0.9   |  -5.0   |
| 汽车整车 | 600104 | 上汽集团 | 2088.0 |  9.5  | -2.1 |   1.4   |   2.5   |
| 汽车整车 | 601633 | 长城汽车 | 3575.0 | 54.7  | -2.1 |   0.4   |   3.3   |
| 汽车整车 | 301039 | 中集车辆 | 207.2  | 41.6  | -2.3 |  -1.8   |  -8.1   |
| 汽车整车 | 000957 | 中通客车 | 102.3  | -72.5 | -2.3 |   7.3   |   7.8   |
| 汽车整车 | 601238 | 广汽集团 | 1761.0 | 14.6  | -2.7 |   0.8   |   5.0   |
| 汽车整车 | 600066 | 宇通客车 | 179.1  | -38.7 | -2.8 |   0.4   |  -1.9   |
| 汽车整车 | 000550 | 江铃汽车 | 132.8  | 17.1  | -2.8 |   0.1   |  -3.6   |
| 汽车整车 | 600686 | 金龙汽车 |  45.1  | 290.9 | -2.8 |   0.6   |  -5.6   |
| 汽车整车 | 600418 | 江淮汽车 | 296.2  | -25.5 | -2.8 |   8.9   |   1.9   |
| 汽车整车 | 000951 | 中国重汽 | 145.9  | 29.4  | -3.0 |   0.4   |  -0.3   |
| 汽车整车 | 600166 | 福田汽车 | 179.5  | 33.1  | -3.2 |  -0.4   |  -1.8   |
| 汽车整车 | 000980 |  ST众泰  | 187.6  | -29.9 | -3.4 |  -3.1   |   1.6   |
| 汽车整车 | 000868 | 安凯客车 |  36.7  | -23.0 | -4.8 |  -3.6   |  -16.5  |
| 汽车整车 | 000800 | 一汽解放 | 483.6  | 26.7  | -5.0 |   4.3   |  14.7   |
| 汽车整车 | 600006 | 东风汽车 | 153.8  | 32.4  | -7.5 |  -11.6  |  -23.6  |
+----------+--------+----------+--------+-------+------+---------+---------+
