[行业>市值]
+------------+--------+----------+-------+--------+------+---------+---------+
|    行业    |  代码  |   名称   | 市值  |   pe   | 涨幅 | 3日涨幅 | 6日涨幅 |
+------------+--------+----------+-------+--------+------+---------+---------+
| 电子化学品 | 002643 | 万润股份 | 183.6 |  19.7  | 0.1  |  -3.5   |   2.3   |
| 电子化学品 | 300054 | 鼎龙股份 | 178.2 |  62.4  | 1.2  |  -2.4   |  -4.3   |
| 电子化学品 | 300346 | 南大光电 | 175.0 |  54.2  | 3.5  |   3.2   |   3.6   |
| 电子化学品 | 688019 | 安集科技 | 164.7 | 104.0  | 8.2  |   3.1   |   1.0   |
| 电子化学品 | 300398 | 飞凯材料 | 117.1 |  21.1  | 3.3  |   3.3   |   5.9   |
| 电子化学品 | 300655 | 晶瑞电材 | 103.2 |  80.7  | 2.6  |   2.4   |   6.4   |
| 电子化学品 | 300236 | 上海新阳 | 101.1 | -185.8 | 6.6  |   6.5   |   5.6   |
| 电子化学品 | 688106 | 金宏气体 | 93.8  |  60.4  | 1.2  |  -2.2   |  -1.6   |
| 电子化学品 | 688268 | 华特气体 | 82.3  |  52.5  | 0.6  |  -3.8   |  -3.6   |
| 电子化学品 | 688550 | 瑞联新材 | 72.5  |  22.7  | -1.7 |  -5.0   |   1.1   |
| 电子化学品 | 300481 | 濮阳惠成 | 67.9  |  20.2  | -0.7 |  -1.3   |   2.8   |
| 电子化学品 | 002741 | 光华科技 | 67.7  |  47.9  | -0.1 |  -2.2   |   0.6   |
| 电子化学品 | 603078 |  江化微  | 67.6  |  51.2  | 10.0 |   6.2   |   9.4   |
| 电子化学品 | 300576 | 容大感光 | 55.9  | 135.2  | 3.6  |   3.9   |   6.2   |
| 电子化学品 | 300429 | 强力新材 | 46.7  |  46.7  | 1.2  |  -0.1   |   0.2   |
| 电子化学品 | 002584 | 西陇科学 | 44.6  |  13.3  | 1.3  |   0.0   |   0.5   |
| 电子化学品 | 603931 |  格林达  | 38.7  |  24.5  | 1.5  |  -0.6   |  -0.4   |
| 电子化学品 | 688359 | 三孚新科 | 36.1  | -151.5 | 2.7  |   2.3   |  -0.7   |
| 电子化学品 | 300446 | 乐凯新材 | 24.8  | 392.0  | 0.3  |  -3.5   |  -7.6   |
| 电子化学品 | 300537 | 广信材料 | 21.9  | -47.5  | 1.7  |   1.4   |   0.6   |
| 电子化学品 | 300637 | 扬帆新材 | 16.8  |  36.1  | 1.0  |   0.7   |  -0.3   |
+------------+--------+----------+-------+--------+------+---------+---------+
 




 [行业>单日涨幅]
+------------+--------+----------+-------+--------+------+---------+---------+
|    行业    |  代码  |   名称   | 市值  |   pe   | 涨幅 | 3日涨幅 | 6日涨幅 |
+------------+--------+----------+-------+--------+------+---------+---------+
| 电子化学品 | 603078 |  江化微  | 67.6  |  51.2  | 10.0 |   6.2   |   9.4   |
| 电子化学品 | 688019 | 安集科技 | 164.7 | 104.0  | 8.2  |   3.1   |   1.0   |
| 电子化学品 | 300236 | 上海新阳 | 101.1 | -185.8 | 6.6  |   6.5   |   5.6   |
| 电子化学品 | 300576 | 容大感光 | 55.9  | 135.2  | 3.6  |   3.9   |   6.2   |
| 电子化学品 | 300346 | 南大光电 | 175.0 |  54.2  | 3.5  |   3.2   |   3.6   |
| 电子化学品 | 300398 | 飞凯材料 | 117.1 |  21.1  | 3.3  |   3.3   |   5.9   |
| 电子化学品 | 688359 | 三孚新科 | 36.1  | -151.5 | 2.7  |   2.3   |  -0.7   |
| 电子化学品 | 300655 | 晶瑞电材 | 103.2 |  80.7  | 2.6  |   2.4   |   6.4   |
| 电子化学品 | 300537 | 广信材料 | 21.9  | -47.5  | 1.7  |   1.4   |   0.6   |
| 电子化学品 | 603931 |  格林达  | 38.7  |  24.5  | 1.5  |  -0.6   |  -0.4   |
| 电子化学品 | 002584 | 西陇科学 | 44.6  |  13.3  | 1.3  |   0.0   |   0.5   |
| 电子化学品 | 300054 | 鼎龙股份 | 178.2 |  62.4  | 1.2  |  -2.4   |  -4.3   |
| 电子化学品 | 300429 | 强力新材 | 46.7  |  46.7  | 1.2  |  -0.1   |   0.2   |
| 电子化学品 | 688106 | 金宏气体 | 93.8  |  60.4  | 1.2  |  -2.2   |  -1.6   |
| 电子化学品 | 300637 | 扬帆新材 | 16.8  |  36.1  | 1.0  |   0.7   |  -0.3   |
| 电子化学品 | 688268 | 华特气体 | 82.3  |  52.5  | 0.6  |  -3.8   |  -3.6   |
| 电子化学品 | 300446 | 乐凯新材 | 24.8  | 392.0  | 0.3  |  -3.5   |  -7.6   |
| 电子化学品 | 002643 | 万润股份 | 183.6 |  19.7  | 0.1  |  -3.5   |   2.3   |
| 电子化学品 | 002741 | 光华科技 | 67.7  |  47.9  | -0.1 |  -2.2   |   0.6   |
| 电子化学品 | 300481 | 濮阳惠成 | 67.9  |  20.2  | -0.7 |  -1.3   |   2.8   |
| 电子化学品 | 688550 | 瑞联新材 | 72.5  |  22.7  | -1.7 |  -5.0   |   1.1   |
+------------+--------+----------+-------+--------+------+---------+---------+
