[行业>市值]
+----------+--------+----------+-------+--------+------+---------+---------+
|   行业   |  代码  |   名称   | 市值  |   pe   | 涨幅 | 3日涨幅 | 6日涨幅 |
+----------+--------+----------+-------+--------+------+---------+---------+
| 电源设备 | 601727 | 上海电气 | 632.5 | 1251.1 | -1.2 |  -0.7   |  -2.4   |
| 电源设备 | 600875 | 东方电气 | 497.5 |  13.4  | 0.6  |   2.6   |   4.8   |
| 电源设备 | 300376 |  易事特  | 172.7 |  43.8  | -0.1 |  -2.8   |   1.2   |
| 电源设备 | 002518 |  科士达  | 158.7 |  73.1  | 5.9  |  10.1   |  25.1   |
| 电源设备 | 300593 |  新雷能  | 142.8 |  41.1  | 0.5  |  -4.1   |  -1.2   |
| 电源设备 | 002851 | 麦格米特 | 120.7 |  41.1  | -2.3 |   6.5   |  15.2   |
| 电源设备 | 002335 | 科华数据 | 119.4 |  30.4  | -1.0 |  -1.2   |   2.7   |
| 电源设备 | 002534 | 西子洁能 | 106.7 |  66.4  | 3.4  |   0.6   |  -5.0   |
| 电源设备 | 300820 | 英杰电气 | 94.7  |  43.9  | 4.8  |  -0.6   |   2.8   |
| 电源设备 | 002665 | 首航高科 | 78.2  | -36.3  | 0.0  |  -1.0   |  -8.6   |
| 电源设备 | 600475 | 华光环能 | 75.9  |  9.2   | -0.6 |  -1.2   |  -2.8   |
| 电源设备 | 300693 | 盛弘股份 | 54.0  |  58.7  | 3.4  |   2.7   |   7.9   |
| 电源设备 | 002255 | 海陆重工 | 43.3  |  33.2  | -0.8 |  -5.3   |   0.6   |
| 电源设备 | 300870 |  欧陆通  | 42.4  | -36.0  | 2.4  |  -1.9   |  -1.3   |
| 电源设备 | 002630 | 华西能源 | 40.7  |  -6.6  | -9.9 |  -21.6  |  -1.1   |
| 电源设备 | 002364 | 中恒电气 | 40.6  | 178.7  | -0.7 |  -3.1   |  -5.4   |
| 电源设备 | 002366 | *ST海核  | 34.6  | -28.0  | -1.0 |  -6.1   |   5.6   |
| 电源设备 | 002227 | 奥 特 迅 | 32.9  | -95.1  | 0.1  |  -4.0   |  -0.3   |
| 电源设备 | 688551 |  科威尔  | 31.2  | 104.5  | 2.1  |  -2.5   |  -3.5   |
| 电源设备 | 300105 | 龙源技术 | 30.2  | -103.4 | 2.8  |  -0.2   |  -4.5   |
| 电源设备 | 600405 |  动力源  | 30.1  | -39.3  | -0.6 |  -2.3   |  -0.7   |
| 电源设备 | 300153 | 科泰电源 | 26.3  | 140.1  | -0.6 |  -2.5   |  -5.2   |
| 电源设备 | 300491 | 通合科技 | 23.7  | -71.7  | -0.1 |  -4.9   |  -1.8   |
| 电源设备 | 600202 |  哈空调  | 21.2  |  89.7  | 0.9  |   0.0   |   0.7   |
| 电源设备 | 300713 |  英可瑞  | 21.1  | 317.6  | 0.5  |  -4.2   |  -0.3   |
+----------+--------+----------+-------+--------+------+---------+---------+
 




 [行业>单日涨幅]
+----------+--------+----------+-------+--------+------+---------+---------+
|   行业   |  代码  |   名称   | 市值  |   pe   | 涨幅 | 3日涨幅 | 6日涨幅 |
+----------+--------+----------+-------+--------+------+---------+---------+
| 电源设备 | 002518 |  科士达  | 158.7 |  73.1  | 5.9  |  10.1   |  25.1   |
| 电源设备 | 300820 | 英杰电气 | 94.7  |  43.9  | 4.8  |  -0.6   |   2.8   |
| 电源设备 | 002534 | 西子洁能 | 106.7 |  66.4  | 3.4  |   0.6   |  -5.0   |
| 电源设备 | 300693 | 盛弘股份 | 54.0  |  58.7  | 3.4  |   2.7   |   7.9   |
| 电源设备 | 300105 | 龙源技术 | 30.2  | -103.4 | 2.8  |  -0.2   |  -4.5   |
| 电源设备 | 300870 |  欧陆通  | 42.4  | -36.0  | 2.4  |  -1.9   |  -1.3   |
| 电源设备 | 688551 |  科威尔  | 31.2  | 104.5  | 2.1  |  -2.5   |  -3.5   |
| 电源设备 | 600202 |  哈空调  | 21.2  |  89.7  | 0.9  |   0.0   |   0.7   |
| 电源设备 | 600875 | 东方电气 | 497.5 |  13.4  | 0.6  |   2.6   |   4.8   |
| 电源设备 | 300593 |  新雷能  | 142.8 |  41.1  | 0.5  |  -4.1   |  -1.2   |
| 电源设备 | 300713 |  英可瑞  | 21.1  | 317.6  | 0.5  |  -4.2   |  -0.3   |
| 电源设备 | 002227 | 奥 特 迅 | 32.9  | -95.1  | 0.1  |  -4.0   |  -0.3   |
| 电源设备 | 002665 | 首航高科 | 78.2  | -36.3  | 0.0  |  -1.0   |  -8.6   |
| 电源设备 | 300491 | 通合科技 | 23.7  | -71.7  | -0.1 |  -4.9   |  -1.8   |
| 电源设备 | 300376 |  易事特  | 172.7 |  43.8  | -0.1 |  -2.8   |   1.2   |
| 电源设备 | 600405 |  动力源  | 30.1  | -39.3  | -0.6 |  -2.3   |  -0.7   |
| 电源设备 | 300153 | 科泰电源 | 26.3  | 140.1  | -0.6 |  -2.5   |  -5.2   |
| 电源设备 | 600475 | 华光环能 | 75.9  |  9.2   | -0.6 |  -1.2   |  -2.8   |
| 电源设备 | 002364 | 中恒电气 | 40.6  | 178.7  | -0.7 |  -3.1   |  -5.4   |
| 电源设备 | 002255 | 海陆重工 | 43.3  |  33.2  | -0.8 |  -5.3   |   0.6   |
| 电源设备 | 002335 | 科华数据 | 119.4 |  30.4  | -1.0 |  -1.2   |   2.7   |
| 电源设备 | 002366 | *ST海核  | 34.6  | -28.0  | -1.0 |  -6.1   |   5.6   |
| 电源设备 | 601727 | 上海电气 | 632.5 | 1251.1 | -1.2 |  -0.7   |  -2.4   |
| 电源设备 | 002851 | 麦格米特 | 120.7 |  41.1  | -2.3 |   6.5   |  15.2   |
| 电源设备 | 002630 | 华西能源 | 40.7  |  -6.6  | -9.9 |  -21.6  |  -1.1   |
+----------+--------+----------+-------+--------+------+---------+---------+
