[行业>市值]
+------+--------+----------+-------+-------+------+---------+---------+
| 行业 |  代码  |   名称   | 市值  |  pe   | 涨幅 | 3日涨幅 | 6日涨幅 |
+------+--------+----------+-------+-------+------+---------+---------+
| 电机 | 002176 | 江特电机 | 400.6 | 15.0  | -1.7 |  -2.2   |  -0.6   |
| 电机 | 603489 | 八方股份 | 247.7 | 34.5  | 1.4  |   3.6   |   3.6   |
| 电机 | 600580 | 卧龙电驱 | 173.7 | 21.9  | 0.5  |   1.6   |   4.8   |
| 电机 | 002249 | 大洋电机 | 138.9 | 23.6  | -0.3 |  -0.5   |   2.4   |
| 电机 | 003021 | 兆威机电 | 77.8  | 85.7  | 1.1  |  14.4   |  15.1   |
| 电机 | 603728 | 鸣志电器 | 61.7  | 39.4  | 0.9  |  -1.5   |  -4.2   |
| 电机 | 002801 | 微光股份 | 61.0  | 19.7  | 0.3  |  -4.1   |  -2.5   |
| 电机 | 300660 | 江苏雷利 | 51.2  | 18.4  | 2.6  |  -0.1   |   0.4   |
| 电机 | 002196 | 方正电机 | 48.0  | 201.3 | 0.0  |   4.1   |   7.7   |
| 电机 | 000922 | 佳电股份 | 47.3  | 15.7  | -1.4 |  -6.6   |  -9.9   |
| 电机 | 603819 | 神力股份 | 39.4  | 34.4  | -0.5 |   8.3   |  28.8   |
| 电机 | 002892 |  科力尔  | 36.7  | 57.6  | 4.1  |   2.4   |   0.5   |
| 电机 | 002823 | 凯中精密 | 26.6  | 33.1  | 2.1  |   1.0   |   0.0   |
| 电机 | 603988 | 中电电机 | 24.9  | 46.3  | -3.6 |  -0.4   |   1.0   |
| 电机 | 301226 | 祥明智能 | 22.7  | 37.7  | -0.7 |  -6.9   |   2.3   |
| 电机 | 301023 | 江南奕帆 | 21.6  | 26.6  | 0.7  |  -1.4   |  -3.2   |
| 电机 | 002576 | 通达动力 | 20.0  | 49.5  | 0.3  |   0.2   |   2.7   |
| 电机 | 300907 | 康平科技 | 18.7  | 90.8  | 1.1  |  -0.4   |  -2.0   |
| 电机 | 688395 | 正弦电气 | 16.8  | 29.4  | 1.9  |  -0.9   |  -2.7   |
| 电机 | 300626 | 华瑞股份 | 15.3  | 59.8  | 0.5  |  -1.7   |  -2.1   |
| 电机 | 603320 | 迪贝电气 | 15.2  | 31.4  | 1.6  |   0.6   |   1.0   |
+------+--------+----------+-------+-------+------+---------+---------+
 




 [行业>单日涨幅]
+------+--------+----------+-------+-------+------+---------+---------+
| 行业 |  代码  |   名称   | 市值  |  pe   | 涨幅 | 3日涨幅 | 6日涨幅 |
+------+--------+----------+-------+-------+------+---------+---------+
| 电机 | 002892 |  科力尔  | 36.7  | 57.6  | 4.1  |   2.4   |   0.5   |
| 电机 | 300660 | 江苏雷利 | 51.2  | 18.4  | 2.6  |  -0.1   |   0.4   |
| 电机 | 002823 | 凯中精密 | 26.6  | 33.1  | 2.1  |   1.0   |   0.0   |
| 电机 | 688395 | 正弦电气 | 16.8  | 29.4  | 1.9  |  -0.9   |  -2.7   |
| 电机 | 603320 | 迪贝电气 | 15.2  | 31.4  | 1.6  |   0.6   |   1.0   |
| 电机 | 603489 | 八方股份 | 247.7 | 34.5  | 1.4  |   3.6   |   3.6   |
| 电机 | 300907 | 康平科技 | 18.7  | 90.8  | 1.1  |  -0.4   |  -2.0   |
| 电机 | 003021 | 兆威机电 | 77.8  | 85.7  | 1.1  |  14.4   |  15.1   |
| 电机 | 603728 | 鸣志电器 | 61.7  | 39.4  | 0.9  |  -1.5   |  -4.2   |
| 电机 | 301023 | 江南奕帆 | 21.6  | 26.6  | 0.7  |  -1.4   |  -3.2   |
| 电机 | 300626 | 华瑞股份 | 15.3  | 59.8  | 0.5  |  -1.7   |  -2.1   |
| 电机 | 600580 | 卧龙电驱 | 173.7 | 21.9  | 0.5  |   1.6   |   4.8   |
| 电机 | 002801 | 微光股份 | 61.0  | 19.7  | 0.3  |  -4.1   |  -2.5   |
| 电机 | 002576 | 通达动力 | 20.0  | 49.5  | 0.3  |   0.2   |   2.7   |
| 电机 | 002196 | 方正电机 | 48.0  | 201.3 | 0.0  |   4.1   |   7.7   |
| 电机 | 002249 | 大洋电机 | 138.9 | 23.6  | -0.3 |  -0.5   |   2.4   |
| 电机 | 603819 | 神力股份 | 39.4  | 34.4  | -0.5 |   8.3   |  28.8   |
| 电机 | 301226 | 祥明智能 | 22.7  | 37.7  | -0.7 |  -6.9   |   2.3   |
| 电机 | 000922 | 佳电股份 | 47.3  | 15.7  | -1.4 |  -6.6   |  -9.9   |
| 电机 | 002176 | 江特电机 | 400.6 | 15.0  | -1.7 |  -2.2   |  -0.6   |
| 电机 | 603988 | 中电电机 | 24.9  | 46.3  | -3.6 |  -0.4   |   1.0   |
+------+--------+----------+-------+-------+------+---------+---------+
