[行业>市值]
+----------+--------+----------+--------+----------+------+---------+---------+
|   行业   |  代码  |   名称   |  市值  |    pe    | 涨幅 | 3日涨幅 | 6日涨幅 |
+----------+--------+----------+--------+----------+------+---------+---------+
| 美容护理 | 300896 |  爱美客  | 1159.0 |  103.4   | 2.4  |   3.5   |   0.1   |
| 美容护理 | 300957 |  贝泰妮  | 882.0  |  151.1   | 4.3  |   5.7   |   4.6   |
| 美容护理 | 688363 | 华熙生物 | 689.5  |   86.3   | 3.5  |   1.7   |  -2.5   |
| 美容护理 | 603605 |  珀莱雅  | 450.1  |   71.0   | 0.5  |  -0.1   |   0.2   |
| 美容护理 | 300888 | 稳健医疗 | 272.2  |   19.1   | 0.4  |  -1.5   |   1.8   |
| 美容护理 | 600315 | 上海家化 | 254.0  |   31.9   | -2.6 |   7.3   |   9.5   |
| 美容护理 | 002511 | 中顺洁柔 | 155.0  |   29.1   | 0.6  |   3.1   |   4.7   |
| 美容护理 | 002243 | 力合科创 | 116.9  |   84.0   | 0.6  |   1.6   |   0.6   |
| 美容护理 | 603983 | 丸美股份 | 102.5  |   39.1   | 10.0 |  13.2   |   9.1   |
| 美容护理 | 300856 | 科思股份 |  68.7  |   29.6   | 0.7  |   2.3   |  16.9   |
| 美容护理 | 000523 | 广州浪奇 |  66.9  |  -130.2  | -1.9 |  -5.5   |  -10.2  |
| 美容护理 | 605009 | 豪悦护理 |  60.5  |   27.5   | 2.3  |   2.0   |   5.0   |
| 美容护理 | 000615 | 奥园美谷 |  55.5  |  -35.8   | 1.1  |   1.0   |  -2.6   |
| 美容护理 | 300740 | 水羊股份 |  52.4  |   31.5   | 2.9  |   3.5   |   1.4   |
| 美容护理 | 003006 | 百亚股份 |  52.2  |   23.6   | 10.0 |   7.3   |   8.0   |
| 美容护理 | 301009 | 可靠股份 |  35.3  |  451.4   | 2.6  |   2.4   |   1.7   |
| 美容护理 | 603630 | 拉芳家化 |  32.9  |  -321.2  | 3.8  |   5.0   |   0.8   |
| 美容护理 | 300132 | 青松股份 |  32.6  |  -13.3   | 2.1  |   3.4   |   1.6   |
| 美容护理 | 002094 | 青岛金王 |  31.4  |   59.4   | 9.9  |  33.1   |  30.8   |
| 美容护理 | 002919 | 名臣健康 |  29.8  |  454.6   | 1.7  |  -1.6   |  -7.4   |
| 美容护理 | 001206 | 依依股份 |  29.3  |   40.0   | 1.8  |   2.9   |   3.6   |
| 美容护理 | 600249 |  两面针  |  28.3  |  -23.9   | 0.2  |   0.8   |  -1.3   |
| 美容护理 | 300955 | 嘉亨家化 |  23.9  |   35.7   | 1.9  |   3.0   |   2.2   |
| 美容护理 | 300886 | 华业香料 |  22.4  |   80.5   | 0.6  |  -4.2   |  -6.0   |
| 美容护理 | 300658 | 延江股份 |  19.8  |   73.9   | 0.7  |   0.5   |  -1.1   |
| 美容护理 | 603059 |  倍加洁  |  18.1  | -11960.6 | 0.9  |  -0.6   |  -0.3   |
| 美容护理 | 603238 | 诺邦股份 |  18.1  |   59.4   | 0.2  |  -1.3   |  -2.6   |
| 美容护理 | 300849 | 锦盛新材 |  17.6  |  198.2   | 0.2  |  -1.8   |  -0.7   |
+----------+--------+----------+--------+----------+------+---------+---------+
 




 [行业>单日涨幅]
+----------+--------+----------+--------+----------+------+---------+---------+
|   行业   |  代码  |   名称   |  市值  |    pe    | 涨幅 | 3日涨幅 | 6日涨幅 |
+----------+--------+----------+--------+----------+------+---------+---------+
| 美容护理 | 603983 | 丸美股份 | 102.5  |   39.1   | 10.0 |  13.2   |   9.1   |
| 美容护理 | 003006 | 百亚股份 |  52.2  |   23.6   | 10.0 |   7.3   |   8.0   |
| 美容护理 | 002094 | 青岛金王 |  31.4  |   59.4   | 9.9  |  33.1   |  30.8   |
| 美容护理 | 300957 |  贝泰妮  | 882.0  |  151.1   | 4.3  |   5.7   |   4.6   |
| 美容护理 | 603630 | 拉芳家化 |  32.9  |  -321.2  | 3.8  |   5.0   |   0.8   |
| 美容护理 | 688363 | 华熙生物 | 689.5  |   86.3   | 3.5  |   1.7   |  -2.5   |
| 美容护理 | 300740 | 水羊股份 |  52.4  |   31.5   | 2.9  |   3.5   |   1.4   |
| 美容护理 | 301009 | 可靠股份 |  35.3  |  451.4   | 2.6  |   2.4   |   1.7   |
| 美容护理 | 300896 |  爱美客  | 1159.0 |  103.4   | 2.4  |   3.5   |   0.1   |
| 美容护理 | 605009 | 豪悦护理 |  60.5  |   27.5   | 2.3  |   2.0   |   5.0   |
| 美容护理 | 300132 | 青松股份 |  32.6  |  -13.3   | 2.1  |   3.4   |   1.6   |
| 美容护理 | 300955 | 嘉亨家化 |  23.9  |   35.7   | 1.9  |   3.0   |   2.2   |
| 美容护理 | 001206 | 依依股份 |  29.3  |   40.0   | 1.8  |   2.9   |   3.6   |
| 美容护理 | 002919 | 名臣健康 |  29.8  |  454.6   | 1.7  |  -1.6   |  -7.4   |
| 美容护理 | 000615 | 奥园美谷 |  55.5  |  -35.8   | 1.1  |   1.0   |  -2.6   |
| 美容护理 | 603059 |  倍加洁  |  18.1  | -11960.6 | 0.9  |  -0.6   |  -0.3   |
| 美容护理 | 300658 | 延江股份 |  19.8  |   73.9   | 0.7  |   0.5   |  -1.1   |
| 美容护理 | 300856 | 科思股份 |  68.7  |   29.6   | 0.7  |   2.3   |  16.9   |
| 美容护理 | 300886 | 华业香料 |  22.4  |   80.5   | 0.6  |  -4.2   |  -6.0   |
| 美容护理 | 002243 | 力合科创 | 116.9  |   84.0   | 0.6  |   1.6   |   0.6   |
| 美容护理 | 002511 | 中顺洁柔 | 155.0  |   29.1   | 0.6  |   3.1   |   4.7   |
| 美容护理 | 603605 |  珀莱雅  | 450.1  |   71.0   | 0.5  |  -0.1   |   0.2   |
| 美容护理 | 300888 | 稳健医疗 | 272.2  |   19.1   | 0.4  |  -1.5   |   1.8   |
| 美容护理 | 603238 | 诺邦股份 |  18.1  |   59.4   | 0.2  |  -1.3   |  -2.6   |
| 美容护理 | 600249 |  两面针  |  28.3  |  -23.9   | 0.2  |   0.8   |  -1.3   |
| 美容护理 | 300849 | 锦盛新材 |  17.6  |  198.2   | 0.2  |  -1.8   |  -0.7   |
| 美容护理 | 000523 | 广州浪奇 |  66.9  |  -130.2  | -1.9 |  -5.5   |  -10.2  |
| 美容护理 | 600315 | 上海家化 | 254.0  |   31.9   | -2.6 |   7.3   |   9.5   |
+----------+--------+----------+--------+----------+------+---------+---------+
