[行业>市值]
+------------+--------+----------+--------+-------+------+---------+---------+
|    行业    |  代码  |   名称   |  市值  |  pe   | 涨幅 | 3日涨幅 | 6日涨幅 |
+------------+--------+----------+--------+-------+------+---------+---------+
| 非金属材料 | 603260 | 合盛硅业 | 1324.0 | 16.1  | 1.9  |   8.0   |  28.2   |
| 非金属材料 | 603688 | 石英股份 | 375.4  | 107.4 | 0.3  |  -7.5   |   4.3   |
| 非金属材料 | 300861 | 美畅股份 | 371.4  | 32.6  | 2.4  |  -1.4   |   5.6   |
| 非金属材料 | 603826 | 坤彩科技 | 299.1  | 280.2 | 1.2  |  -3.2   |  -1.7   |
| 非金属材料 | 600516 | 方大炭素 | 272.9  | 202.4 | -0.6 |  -1.5   |  -1.4   |
| 非金属材料 | 688281 | 华秦科技 | 258.6  | 109.0 | -2.1 |  -1.4   |   1.9   |
| 非金属材料 | 300395 |  菲利华  | 210.1  | 58.1  | -0.9 |  -4.5   |  10.3   |
| 非金属材料 | 301071 | 力量钻石 | 198.6  | 49.1  | 6.1  |   6.8   |  14.9   |
| 非金属材料 | 300035 | 中科电气 | 187.3  | 36.3  | -0.1 |  -2.8   |  -3.8   |
| 非金属材料 | 300409 | 道氏技术 | 145.4  | 21.2  | 2.2  |   2.5   |   8.6   |
| 非金属材料 | 688733 |  壹石通  | 134.0  | 76.9  | 0.9  |  -1.7   |  -2.4   |
| 非金属材料 | 603612 | 索通发展 | 133.6  | 21.1  | 5.5  |   1.0   |  14.6   |
| 非金属材料 | 600172 | 黄河旋风 | 130.1  | 113.2 | 5.7  |   6.5   |  10.3   |
| 非金属材料 | 600330 | 天通股份 | 110.2  | 25.1  | 0.6  |   3.6   |  10.3   |
| 非金属材料 | 600783 | 鲁信创投 | 103.1  | 52.5  | -1.3 |   5.0   |   4.8   |
| 非金属材料 | 688119 | 中钢洛耐 | 102.0  | 65.6  | -0.3 |  -0.8   |  -12.9  |
| 非金属材料 | 002130 | 沃尔核材 |  71.6  | 16.7  | -0.3 |   0.5   |   1.0   |
| 非金属材料 | 688357 | 建龙微纳 |  67.9  | 38.7  | 6.0  |  -2.0   |  -0.5   |
| 非金属材料 | 688300 | 联瑞新材 |  64.8  | 37.9  | 1.1  |  -4.4   |  -5.9   |
| 非金属材料 | 001296 | 长江材料 |  25.3  | 44.1  | -1.0 |  -2.3   |  -0.9   |
| 非金属材料 | 300743 | 天地数码 |  15.6  | 52.7  | 1.4  |  -0.5   |   0.7   |
| 非金属材料 | 300064 |  金刚退  |  11.1  | -2.5  | 2.2  |  19.5   |  22.7   |
+------------+--------+----------+--------+-------+------+---------+---------+
 




 [行业>单日涨幅]
+------------+--------+----------+--------+-------+------+---------+---------+
|    行业    |  代码  |   名称   |  市值  |  pe   | 涨幅 | 3日涨幅 | 6日涨幅 |
+------------+--------+----------+--------+-------+------+---------+---------+
| 非金属材料 | 301071 | 力量钻石 | 198.6  | 49.1  | 6.1  |   6.8   |  14.9   |
| 非金属材料 | 688357 | 建龙微纳 |  67.9  | 38.7  | 6.0  |  -2.0   |  -0.5   |
| 非金属材料 | 600172 | 黄河旋风 | 130.1  | 113.2 | 5.7  |   6.5   |  10.3   |
| 非金属材料 | 603612 | 索通发展 | 133.6  | 21.1  | 5.5  |   1.0   |  14.6   |
| 非金属材料 | 300861 | 美畅股份 | 371.4  | 32.6  | 2.4  |  -1.4   |   5.6   |
| 非金属材料 | 300064 |  金刚退  |  11.1  | -2.5  | 2.2  |  19.5   |  22.7   |
| 非金属材料 | 300409 | 道氏技术 | 145.4  | 21.2  | 2.2  |   2.5   |   8.6   |
| 非金属材料 | 603260 | 合盛硅业 | 1324.0 | 16.1  | 1.9  |   8.0   |  28.2   |
| 非金属材料 | 300743 | 天地数码 |  15.6  | 52.7  | 1.4  |  -0.5   |   0.7   |
| 非金属材料 | 603826 | 坤彩科技 | 299.1  | 280.2 | 1.2  |  -3.2   |  -1.7   |
| 非金属材料 | 688300 | 联瑞新材 |  64.8  | 37.9  | 1.1  |  -4.4   |  -5.9   |
| 非金属材料 | 688733 |  壹石通  | 134.0  | 76.9  | 0.9  |  -1.7   |  -2.4   |
| 非金属材料 | 600330 | 天通股份 | 110.2  | 25.1  | 0.6  |   3.6   |  10.3   |
| 非金属材料 | 603688 | 石英股份 | 375.4  | 107.4 | 0.3  |  -7.5   |   4.3   |
| 非金属材料 | 300035 | 中科电气 | 187.3  | 36.3  | -0.1 |  -2.8   |  -3.8   |
| 非金属材料 | 688119 | 中钢洛耐 | 102.0  | 65.6  | -0.3 |  -0.8   |  -12.9  |
| 非金属材料 | 002130 | 沃尔核材 |  71.6  | 16.7  | -0.3 |   0.5   |   1.0   |
| 非金属材料 | 600516 | 方大炭素 | 272.9  | 202.4 | -0.6 |  -1.5   |  -1.4   |
| 非金属材料 | 300395 |  菲利华  | 210.1  | 58.1  | -0.9 |  -4.5   |  10.3   |
| 非金属材料 | 001296 | 长江材料 |  25.3  | 44.1  | -1.0 |  -2.3   |  -0.9   |
| 非金属材料 | 600783 | 鲁信创投 | 103.1  | 52.5  | -1.3 |   5.0   |   4.8   |
| 非金属材料 | 688281 | 华秦科技 | 258.6  | 109.0 | -2.1 |  -1.4   |   1.9   |
+------------+--------+----------+--------+-------+------+---------+---------+
