[行业>市值]
+----------+--------+----------+-------+--------+------+---------+---------+
|   行业   |  代码  |   名称   | 市值  |   pe   | 涨幅 | 3日涨幅 | 6日涨幅 |
+----------+--------+----------+-------+--------+------+---------+---------+
| 包装材料 | 002191 | 劲嘉股份 | 130.0 |  10.7  | -3.6 |  -6.5   |  -6.1   |
| 包装材料 | 002701 |  奥瑞金  | 124.8 |  15.1  | -4.3 |  -5.3   |  -4.3   |
| 包装材料 | 601968 | 宝钢包装 | 95.0  |  37.0  | 0.4  |  -4.3   |   4.0   |
| 包装材料 | 600210 | 紫江企业 | 86.0  |  17.7  | -4.5 |  -5.7   |  -0.3   |
| 包装材料 | 601515 | 东风股份 | 78.0  |  16.1  | -4.3 |  -5.2   |  -4.3   |
| 包装材料 | 002735 | 王子新材 | 52.5  |  32.2  | -2.2 |  -3.7   |  -0.6   |
| 包装材料 | 002303 |  美盈森  | 51.5  |  31.3  | -3.7 |  -4.5   |  -2.0   |
| 包装材料 | 002752 | 昇兴股份 | 48.2  |  25.6  | -3.3 |  -3.5   |  -0.4   |
| 包装材料 | 000659 | 珠海中富 | 47.6  | -61.1  | -3.6 |  -3.6   |  -0.8   |
| 包装材料 | 000812 | 陕西金叶 | 46.7  | 179.4  | -5.8 |  -9.7   |   1.7   |
| 包装材料 | 002565 | 顺灏股份 | 44.6  | -386.0 | -9.5 |  -13.6  |  -5.8   |
| 包装材料 | 603687 |  大胜达  | 43.7  |  44.7  | -2.8 |  -2.6   |   5.4   |
| 包装材料 | 002014 | 永新股份 | 43.2  |  16.6  | -0.1 |  -0.4   |   2.2   |
| 包装材料 | 301062 | 上海艾录 | 43.2  |  34.0  | -5.5 |  -8.1   |  -6.7   |
| 包装材料 | 002228 | 合兴包装 | 41.4  |  19.8  | -3.5 |  -4.6   |  -4.8   |
| 包装材料 | 600836 | 上海易连 | 41.1  | 471.4  | -3.6 |  -8.1   |  -5.6   |
| 包装材料 | 002969 | 嘉美包装 | 37.1  | 158.3  | -4.2 |  -5.4   |  -3.5   |
| 包装材料 | 002951 | 金时科技 | 34.3  | 895.4  | -6.3 |  -6.0   |  -2.1   |
| 包装材料 | 002599 | 盛通股份 | 31.9  | -32.1  | 8.0  |  17.9   |  23.5   |
| 包装材料 | 300501 | 海顺新材 | 28.5  |  27.9  | -5.0 |  -7.2   |  -3.2   |
| 包装材料 | 002799 | 环球印务 | 28.4  |  25.9  | -9.4 |  -17.2  |  -6.6   |
| 包装材料 | 002846 | 英联股份 | 21.1  | -99.2  | -7.4 |  -13.2  |   1.1   |
| 包装材料 | 002787 | 华源控股 | 18.8  | 146.9  | -4.2 |  -6.4   |  -0.8   |
| 包装材料 | 603022 |  新通联  | 18.3  |  57.2  | -4.0 |  -5.9   |  -2.8   |
| 包装材料 | 003003 | 天元股份 | 15.8  | 1359.2 | -4.3 |  -6.8   |  -3.7   |
+----------+--------+----------+-------+--------+------+---------+---------+
 




 [行业>单日涨幅]
+----------+--------+----------+-------+--------+------+---------+---------+
|   行业   |  代码  |   名称   | 市值  |   pe   | 涨幅 | 3日涨幅 | 6日涨幅 |
+----------+--------+----------+-------+--------+------+---------+---------+
| 包装材料 | 002599 | 盛通股份 | 31.9  | -32.1  | 8.0  |  17.9   |  23.5   |
| 包装材料 | 601968 | 宝钢包装 | 95.0  |  37.0  | 0.4  |  -4.3   |   4.0   |
| 包装材料 | 002014 | 永新股份 | 43.2  |  16.6  | -0.1 |  -0.4   |   2.2   |
| 包装材料 | 002735 | 王子新材 | 52.5  |  32.2  | -2.2 |  -3.7   |  -0.6   |
| 包装材料 | 603687 |  大胜达  | 43.7  |  44.7  | -2.8 |  -2.6   |   5.4   |
| 包装材料 | 002752 | 昇兴股份 | 48.2  |  25.6  | -3.3 |  -3.5   |  -0.4   |
| 包装材料 | 002228 | 合兴包装 | 41.4  |  19.8  | -3.5 |  -4.6   |  -4.8   |
| 包装材料 | 002191 | 劲嘉股份 | 130.0 |  10.7  | -3.6 |  -6.5   |  -6.1   |
| 包装材料 | 600836 | 上海易连 | 41.1  | 471.4  | -3.6 |  -8.1   |  -5.6   |
| 包装材料 | 000659 | 珠海中富 | 47.6  | -61.1  | -3.6 |  -3.6   |  -0.8   |
| 包装材料 | 002303 |  美盈森  | 51.5  |  31.3  | -3.7 |  -4.5   |  -2.0   |
| 包装材料 | 603022 |  新通联  | 18.3  |  57.2  | -4.0 |  -5.9   |  -2.8   |
| 包装材料 | 002787 | 华源控股 | 18.8  | 146.9  | -4.2 |  -6.4   |  -0.8   |
| 包装材料 | 002969 | 嘉美包装 | 37.1  | 158.3  | -4.2 |  -5.4   |  -3.5   |
| 包装材料 | 003003 | 天元股份 | 15.8  | 1359.2 | -4.3 |  -6.8   |  -3.7   |
| 包装材料 | 601515 | 东风股份 | 78.0  |  16.1  | -4.3 |  -5.2   |  -4.3   |
| 包装材料 | 002701 |  奥瑞金  | 124.8 |  15.1  | -4.3 |  -5.3   |  -4.3   |
| 包装材料 | 600210 | 紫江企业 | 86.0  |  17.7  | -4.5 |  -5.7   |  -0.3   |
| 包装材料 | 300501 | 海顺新材 | 28.5  |  27.9  | -5.0 |  -7.2   |  -3.2   |
| 包装材料 | 301062 | 上海艾录 | 43.2  |  34.0  | -5.5 |  -8.1   |  -6.7   |
| 包装材料 | 000812 | 陕西金叶 | 46.7  | 179.4  | -5.8 |  -9.7   |   1.7   |
| 包装材料 | 002951 | 金时科技 | 34.3  | 895.4  | -6.3 |  -6.0   |  -2.1   |
| 包装材料 | 002846 | 英联股份 | 21.1  | -99.2  | -7.4 |  -13.2  |   1.1   |
| 包装材料 | 002799 | 环球印务 | 28.4  |  25.9  | -9.4 |  -17.2  |  -6.6   |
| 包装材料 | 002565 | 顺灏股份 | 44.6  | -386.0 | -9.5 |  -13.6  |  -5.8   |
+----------+--------+----------+-------+--------+------+---------+---------+
