[行业>市值]
+----------+--------+----------+-------+-------+------+---------+---------+
|   行业   |  代码  |   名称   | 市值  |  pe   | 涨幅 | 3日涨幅 | 6日涨幅 |
+----------+--------+----------+-------+-------+------+---------+---------+
| 多元金融 | 000617 | 中油资本 | 560.0 |  8.1  | -2.4 |  -2.0   |  -2.4   |
| 多元金融 | 000987 | 越秀金控 | 306.5 | 13.1  | -3.5 |  -4.7   |  -2.9   |
| 多元金融 | 600705 | 中航产融 | 281.9 | 615.2 | -2.5 |  -3.1   |  -1.9   |
| 多元金融 | 600927 | 永安期货 | 264.6 | 203.0 | -5.5 |  -6.4   |  -4.0   |
| 多元金融 | 600816 |  ST安信  | 216.6 | -11.4 | -2.2 |  -2.2   |  -0.5   |
| 多元金融 | 600390 | 五矿资本 | 210.1 |  7.4  | -2.9 |  -4.1   |  -4.1   |
| 多元金融 | 002423 | 中粮资本 | 149.8 | -10.9 | -2.0 |  -3.3   |  -2.4   |
| 多元金融 | 600901 | 江苏租赁 | 146.4 |  5.9  | -3.5 |  -3.9   |  -2.0   |
| 多元金融 | 000567 | 海德股份 | 129.6 | 25.4  | -7.6 |  -10.0  |  -8.5   |
| 多元金融 | 000415 | 渤海租赁 | 128.0 | -4.3  | -2.8 |  -5.0   |  -5.9   |
| 多元金融 | 000563 | 陕国投Ａ  | 120.1 | 12.9  | -2.3 |  -4.4   |  -2.6   |
| 多元金融 | 600120 | 浙江东方 | 108.6 | 68.0  | -5.5 |  -6.7   |  -7.2   |
| 多元金融 | 600643 | 爱建集团 | 91.2  |  7.7  | -3.3 |  -3.8   |  -2.1   |
| 多元金融 | 000046 | 泛海控股 | 70.7  | -2.2  | -2.2 |  -4.2   |  -1.4   |
| 多元金融 | 002961 | 瑞达期货 | 70.5  | 18.5  | -6.4 |  -6.9   |  -5.3   |
| 多元金融 | 600053 | 九鼎投资 | 68.8  | 38.8  | -5.8 |  -9.6   |  -5.6   |
| 多元金融 | 000666 | 经纬纺机 | 62.3  | 11.5  | -4.0 |  -3.3   |  -1.0   |
| 多元金融 | 603093 | 南华期货 | 59.9  | 53.2  | -5.2 |  -6.2   |  -3.1   |
| 多元金融 | 002647 | 仁东控股 | 34.1  | -41.4 | -4.7 |  -6.5   |  -5.9   |
| 多元金融 | 600318 | 新力金融 | 33.9  | 369.1 | -6.4 |  -8.4   |  -7.3   |
| 多元金融 | 600139 | *ST西源  | 24.7  | -16.8 | -4.4 |   2.5   |  14.4   |
| 多元金融 | 600830 | 香溢融通 | 24.1  | 50.2  | -6.3 |  -8.6   |  -6.2   |
| 多元金融 | 001236 | 弘业期货 | 18.7  | 66.5  | 0.0  |   0.0   |   0.0   |
| 多元金融 | 000416 | 民生控股 | 18.3  | -98.6 | -4.7 |  -7.3   |  -6.8   |
| 多元金融 | 600599 |  ST熊猫  | 14.9  | 10.3  | -3.5 |  -3.8   |  -2.3   |
| 多元金融 | 300309 | *ST吉艾  | 13.5  | -3.0  | -6.8 |  -11.6  |  -10.1  |
+----------+--------+----------+-------+-------+------+---------+---------+
 




 [行业>单日涨幅]
+----------+--------+----------+-------+-------+------+---------+---------+
|   行业   |  代码  |   名称   | 市值  |  pe   | 涨幅 | 3日涨幅 | 6日涨幅 |
+----------+--------+----------+-------+-------+------+---------+---------+
| 多元金融 | 001236 | 弘业期货 | 18.7  | 66.5  | 0.0  |   0.0   |   0.0   |
| 多元金融 | 002423 | 中粮资本 | 149.8 | -10.9 | -2.0 |  -3.3   |  -2.4   |
| 多元金融 | 000046 | 泛海控股 | 70.7  | -2.2  | -2.2 |  -4.2   |  -1.4   |
| 多元金融 | 600816 |  ST安信  | 216.6 | -11.4 | -2.2 |  -2.2   |  -0.5   |
| 多元金融 | 000563 | 陕国投Ａ  | 120.1 | 12.9  | -2.3 |  -4.4   |  -2.6   |
| 多元金融 | 000617 | 中油资本 | 560.0 |  8.1  | -2.4 |  -2.0   |  -2.4   |
| 多元金融 | 600705 | 中航产融 | 281.9 | 615.2 | -2.5 |  -3.1   |  -1.9   |
| 多元金融 | 000415 | 渤海租赁 | 128.0 | -4.3  | -2.8 |  -5.0   |  -5.9   |
| 多元金融 | 600390 | 五矿资本 | 210.1 |  7.4  | -2.9 |  -4.1   |  -4.1   |
| 多元金融 | 600643 | 爱建集团 | 91.2  |  7.7  | -3.3 |  -3.8   |  -2.1   |
| 多元金融 | 000987 | 越秀金控 | 306.5 | 13.1  | -3.5 |  -4.7   |  -2.9   |
| 多元金融 | 600901 | 江苏租赁 | 146.4 |  5.9  | -3.5 |  -3.9   |  -2.0   |
| 多元金融 | 600599 |  ST熊猫  | 14.9  | 10.3  | -3.5 |  -3.8   |  -2.3   |
| 多元金融 | 000666 | 经纬纺机 | 62.3  | 11.5  | -4.0 |  -3.3   |  -1.0   |
| 多元金融 | 600139 | *ST西源  | 24.7  | -16.8 | -4.4 |   2.5   |  14.4   |
| 多元金融 | 002647 | 仁东控股 | 34.1  | -41.4 | -4.7 |  -6.5   |  -5.9   |
| 多元金融 | 000416 | 民生控股 | 18.3  | -98.6 | -4.7 |  -7.3   |  -6.8   |
| 多元金融 | 603093 | 南华期货 | 59.9  | 53.2  | -5.2 |  -6.2   |  -3.1   |
| 多元金融 | 600927 | 永安期货 | 264.6 | 203.0 | -5.5 |  -6.4   |  -4.0   |
| 多元金融 | 600120 | 浙江东方 | 108.6 | 68.0  | -5.5 |  -6.7   |  -7.2   |
| 多元金融 | 600053 | 九鼎投资 | 68.8  | 38.8  | -5.8 |  -9.6   |  -5.6   |
| 多元金融 | 600830 | 香溢融通 | 24.1  | 50.2  | -6.3 |  -8.6   |  -6.2   |
| 多元金融 | 600318 | 新力金融 | 33.9  | 369.1 | -6.4 |  -8.4   |  -7.3   |
| 多元金融 | 002961 | 瑞达期货 | 70.5  | 18.5  | -6.4 |  -6.9   |  -5.3   |
| 多元金融 | 300309 | *ST吉艾  | 13.5  | -3.0  | -6.8 |  -11.6  |  -10.1  |
| 多元金融 | 000567 | 海德股份 | 129.6 | 25.4  | -7.6 |  -10.0  |  -8.5   |
+----------+--------+----------+-------+-------+------+---------+---------+
