[行业>市值]
+----------+--------+----------+-------+--------+------+---------+---------+
|   行业   |  代码  |   名称   | 市值  |   pe   | 涨幅 | 3日涨幅 | 6日涨幅 |
+----------+--------+----------+-------+--------+------+---------+---------+
| 家用轻工 | 603899 | 晨光股份 | 405.1 |  36.7  | -2.1 |  -6.2   |  -8.6   |
| 家用轻工 | 001323 | 慕思股份 | 156.3 |  31.5  | -6.5 |  -8.9   |  -10.7  |
| 家用轻工 | 603398 | 沐邦高科 | 124.4 | -341.3 | 1.6  |  14.1   |  29.3   |
| 家用轻工 | 605099 | 共创草坪 | 92.8  |  27.2  | -5.9 |  -6.4   |  -3.7   |
| 家用轻工 | 301101 | 明月镜片 | 76.5  |  86.5  | 2.2  |  10.9   |  22.7   |
| 家用轻工 | 002678 | 珠江钢琴 | 74.8  |  35.3  | -3.3 |  -4.2   |  -3.3   |
| 家用轻工 | 002489 | 浙江永强 | 72.2  |  13.2  | -5.4 |  -7.5   |  -7.0   |
| 家用轻工 | 603848 |  好太太  | 62.4  |  34.5  | -4.2 |  -1.5   |  -2.6   |
| 家用轻工 | 002605 | 姚记科技 | 55.0  |  15.0  | -5.4 |  -6.4   |  -4.7   |
| 家用轻工 | 002301 | 齐心集团 | 47.7  |  21.7  | -4.4 |  -5.4   |   0.8   |
| 家用轻工 | 605299 | 舒华体育 | 38.4  |  72.3  | -6.1 |  -7.5   |  -5.1   |
| 家用轻工 | 002575 | 群兴玩具 | 34.8  | 501.6  | 10.0 |  10.6   |  21.1   |
| 家用轻工 | 300729 | 乐歌股份 | 33.4  |  46.3  | -6.6 |  -8.4   |  -5.7   |
| 家用轻工 | 600439 |  瑞贝卡  | 30.3  |  59.4  | -3.9 |  -5.3   |  -5.0   |
| 家用轻工 | 301004 | 嘉益股份 | 30.0  |  22.7  | -2.9 |  -6.0   |   4.4   |
| 家用轻工 | 002615 |  哈尔斯  | 28.8  |  23.3  | -3.7 |  -9.0   |  -2.4   |
| 家用轻工 | 300651 | 金陵体育 | 28.4  | 277.9  | -5.8 |  -7.0   |  -7.3   |
| 家用轻工 | 002571 | 德力股份 | 27.7  | 268.1  | -5.7 |  -1.7   |   0.9   |
| 家用轻工 | 002103 | 广博股份 | 23.1  | -38.7  | -5.2 |  -6.5   |  -4.6   |
| 家用轻工 | 002348 | 高乐股份 | 22.4  | -11.2  | -4.8 |  -6.0   |  -3.7   |
| 家用轻工 | 300640 | 德艺文创 | 18.1  |  54.7  | -5.4 |  -6.9   |  -4.8   |
| 家用轻工 | 300703 | 创源股份 | 17.5  | 108.6  | -5.0 |  -5.6   |  -3.8   |
| 家用轻工 | 300329 | 海伦钢琴 | 16.9  |  67.0  | -4.8 |  -6.3   |  -5.5   |
| 家用轻工 | 002899 |  英派斯  | 14.2  | 266.2  | -6.0 |  -6.0   |  -4.5   |
| 家用轻工 | 001222 | 源飞宠物 | 14.0  |  6.0   | 0.0  |   0.0   |   0.0   |
| 家用轻工 | 002862 | 实丰文化 | 13.3  | 173.0  | -5.3 |  -6.4   |  -8.4   |
| 家用轻工 | 301336 | 趣睡科技 | 11.3  |  18.8  | 0.0  |   0.0   |   0.0   |
+----------+--------+----------+-------+--------+------+---------+---------+
 




 [行业>单日涨幅]
+----------+--------+----------+-------+--------+------+---------+---------+
|   行业   |  代码  |   名称   | 市值  |   pe   | 涨幅 | 3日涨幅 | 6日涨幅 |
+----------+--------+----------+-------+--------+------+---------+---------+
| 家用轻工 | 002575 | 群兴玩具 | 34.8  | 501.6  | 10.0 |  10.6   |  21.1   |
| 家用轻工 | 301101 | 明月镜片 | 76.5  |  86.5  | 2.2  |  10.9   |  22.7   |
| 家用轻工 | 603398 | 沐邦高科 | 124.4 | -341.3 | 1.6  |  14.1   |  29.3   |
| 家用轻工 | 001222 | 源飞宠物 | 14.0  |  6.0   | 0.0  |   0.0   |   0.0   |
| 家用轻工 | 301336 | 趣睡科技 | 11.3  |  18.8  | 0.0  |   0.0   |   0.0   |
| 家用轻工 | 603899 | 晨光股份 | 405.1 |  36.7  | -2.1 |  -6.2   |  -8.6   |
| 家用轻工 | 301004 | 嘉益股份 | 30.0  |  22.7  | -2.9 |  -6.0   |   4.4   |
| 家用轻工 | 002678 | 珠江钢琴 | 74.8  |  35.3  | -3.3 |  -4.2   |  -3.3   |
| 家用轻工 | 002615 |  哈尔斯  | 28.8  |  23.3  | -3.7 |  -9.0   |  -2.4   |
| 家用轻工 | 600439 |  瑞贝卡  | 30.3  |  59.4  | -3.9 |  -5.3   |  -5.0   |
| 家用轻工 | 603848 |  好太太  | 62.4  |  34.5  | -4.2 |  -1.5   |  -2.6   |
| 家用轻工 | 002301 | 齐心集团 | 47.7  |  21.7  | -4.4 |  -5.4   |   0.8   |
| 家用轻工 | 002348 | 高乐股份 | 22.4  | -11.2  | -4.8 |  -6.0   |  -3.7   |
| 家用轻工 | 300329 | 海伦钢琴 | 16.9  |  67.0  | -4.8 |  -6.3   |  -5.5   |
| 家用轻工 | 300703 | 创源股份 | 17.5  | 108.6  | -5.0 |  -5.6   |  -3.8   |
| 家用轻工 | 002103 | 广博股份 | 23.1  | -38.7  | -5.2 |  -6.5   |  -4.6   |
| 家用轻工 | 002862 | 实丰文化 | 13.3  | 173.0  | -5.3 |  -6.4   |  -8.4   |
| 家用轻工 | 002605 | 姚记科技 | 55.0  |  15.0  | -5.4 |  -6.4   |  -4.7   |
| 家用轻工 | 300640 | 德艺文创 | 18.1  |  54.7  | -5.4 |  -6.9   |  -4.8   |
| 家用轻工 | 002489 | 浙江永强 | 72.2  |  13.2  | -5.4 |  -7.5   |  -7.0   |
| 家用轻工 | 002571 | 德力股份 | 27.7  | 268.1  | -5.7 |  -1.7   |   0.9   |
| 家用轻工 | 300651 | 金陵体育 | 28.4  | 277.9  | -5.8 |  -7.0   |  -7.3   |
| 家用轻工 | 605099 | 共创草坪 | 92.8  |  27.2  | -5.9 |  -6.4   |  -3.7   |
| 家用轻工 | 002899 |  英派斯  | 14.2  | 266.2  | -6.0 |  -6.0   |  -4.5   |
| 家用轻工 | 605299 | 舒华体育 | 38.4  |  72.3  | -6.1 |  -7.5   |  -5.1   |
| 家用轻工 | 001323 | 慕思股份 | 156.3 |  31.5  | -6.5 |  -8.9   |  -10.7  |
| 家用轻工 | 300729 | 乐歌股份 | 33.4  |  46.3  | -6.6 |  -8.4   |  -5.7   |
+----------+--------+----------+-------+--------+------+---------+---------+
