[行业>市值]
+----------+--------+----------+--------+--------+------+---------+---------+
|   行业   |  代码  |   名称   |  市值  |   pe   | 涨幅 | 3日涨幅 | 6日涨幅 |
+----------+--------+----------+--------+--------+------+---------+---------+
| 工程机械 | 600031 | 三一重工 | 1394.0 |  21.9  | -3.8 |  -7.3   |  -8.0   |
| 工程机械 | 601100 | 恒立液压 | 661.7  |  31.3  | -3.6 |  -4.4   |  -7.2   |
| 工程机械 | 000157 | 中联重科 | 526.8  |  14.5  | -1.8 |  -2.6   |  -3.3   |
| 工程机械 | 000425 | 徐工机械 | 437.9  |  7.8   | 0.0  |   0.0   |  -0.5   |
| 工程机械 | 603338 | 浙江鼎力 | 212.4  |  27.1  | -2.5 |  -3.9   |  -4.2   |
| 工程机械 | 688425 | 铁建重工 | 212.3  |  14.1  | -2.9 |  -4.6   |  -3.6   |
| 工程机械 | 603638 | 艾迪精密 | 169.2  |  58.5  | -0.3 |   6.1   |  12.4   |
| 工程机械 | 002204 | 大连重工 | 160.1  |  57.3  | 5.6  |  -3.7   |  -9.4   |
| 工程机械 | 603298 | 杭叉集团 | 128.0  |  16.8  | -1.3 |  -2.7   |  -0.9   |
| 工程机械 | 000528 |   柳工   | 120.8  |  11.9  | -3.3 |  -4.6   |  -3.9   |
| 工程机械 | 605305 | 中际联合 |  86.1  |  48.8  | 0.7  |   4.6   |  -2.7   |
| 工程机械 | 600761 | 安徽合力 |  84.7  |  10.9  | -3.3 |  -4.9   |  -3.4   |
| 工程机械 | 002097 | 山河智能 |  76.1  | -38.9  | -4.1 |  -3.5   |  -6.0   |
| 工程机械 | 000680 | 山推股份 |  72.7  |  5.0   | -7.3 |  -12.3  |  -13.3  |
| 工程机械 | 600984 | 建设机械 |  71.0  | -32.9  | -4.4 |  -5.7   |  -5.7   |
| 工程机械 | 601226 | 华电重工 |  62.8  | -14.4  | -7.9 |  -7.6   |  -2.6   |
| 工程机械 | 600375 | 汉马科技 |  60.0  |  -9.2  | -2.6 |   6.8   |   8.1   |
| 工程机械 | 300718 | 长盛轴承 |  59.5  |  49.1  | -4.3 |  -8.4   |  -9.2   |
| 工程机械 | 600815 | 厦工股份 |  52.0  | -679.8 | -4.2 |  -4.6   |  -6.7   |
| 工程机械 | 600817 | 宇通重工 |  51.7  |  15.2  | -7.0 |  -10.2  |  -7.9   |
| 工程机械 | 603611 | 诺力股份 |  46.8  |  16.2  | -5.2 |  -8.1   |  -3.0   |
| 工程机械 | 605389 | 长龄液压 |  39.1  |  23.2  | -4.7 |  -4.3   |   6.1   |
| 工程机械 | 301040 | 中环海陆 |  29.5  |  43.2  | -5.5 |  -8.6   |  -7.2   |
| 工程机械 | 001288 | 运机集团 |  27.3  |  32.4  | -6.8 |  -3.3   |  -4.6   |
| 工程机械 | 002272 | 川润股份 |  27.1  |  69.7  | -5.8 |  -1.8   |   0.2   |
| 工程机械 | 300201 | *ST海伦  |  23.1  |  17.7  | -4.3 |  -7.5   |  -10.8  |
| 工程机械 | 300022 | 吉峰科技 |  17.3  | -208.0 | -5.4 |  -6.8   |  -3.8   |
+----------+--------+----------+--------+--------+------+---------+---------+
 




 [行业>单日涨幅]
+----------+--------+----------+--------+--------+------+---------+---------+
|   行业   |  代码  |   名称   |  市值  |   pe   | 涨幅 | 3日涨幅 | 6日涨幅 |
+----------+--------+----------+--------+--------+------+---------+---------+
| 工程机械 | 002204 | 大连重工 | 160.1  |  57.3  | 5.6  |  -3.7   |  -9.4   |
| 工程机械 | 605305 | 中际联合 |  86.1  |  48.8  | 0.7  |   4.6   |  -2.7   |
| 工程机械 | 000425 | 徐工机械 | 437.9  |  7.8   | 0.0  |   0.0   |  -0.5   |
| 工程机械 | 603638 | 艾迪精密 | 169.2  |  58.5  | -0.3 |   6.1   |  12.4   |
| 工程机械 | 603298 | 杭叉集团 | 128.0  |  16.8  | -1.3 |  -2.7   |  -0.9   |
| 工程机械 | 000157 | 中联重科 | 526.8  |  14.5  | -1.8 |  -2.6   |  -3.3   |
| 工程机械 | 603338 | 浙江鼎力 | 212.4  |  27.1  | -2.5 |  -3.9   |  -4.2   |
| 工程机械 | 600375 | 汉马科技 |  60.0  |  -9.2  | -2.6 |   6.8   |   8.1   |
| 工程机械 | 688425 | 铁建重工 | 212.3  |  14.1  | -2.9 |  -4.6   |  -3.6   |
| 工程机械 | 000528 |   柳工   | 120.8  |  11.9  | -3.3 |  -4.6   |  -3.9   |
| 工程机械 | 600761 | 安徽合力 |  84.7  |  10.9  | -3.3 |  -4.9   |  -3.4   |
| 工程机械 | 601100 | 恒立液压 | 661.7  |  31.3  | -3.6 |  -4.4   |  -7.2   |
| 工程机械 | 600031 | 三一重工 | 1394.0 |  21.9  | -3.8 |  -7.3   |  -8.0   |
| 工程机械 | 002097 | 山河智能 |  76.1  | -38.9  | -4.1 |  -3.5   |  -6.0   |
| 工程机械 | 600815 | 厦工股份 |  52.0  | -679.8 | -4.2 |  -4.6   |  -6.7   |
| 工程机械 | 300718 | 长盛轴承 |  59.5  |  49.1  | -4.3 |  -8.4   |  -9.2   |
| 工程机械 | 300201 | *ST海伦  |  23.1  |  17.7  | -4.3 |  -7.5   |  -10.8  |
| 工程机械 | 600984 | 建设机械 |  71.0  | -32.9  | -4.4 |  -5.7   |  -5.7   |
| 工程机械 | 605389 | 长龄液压 |  39.1  |  23.2  | -4.7 |  -4.3   |   6.1   |
| 工程机械 | 603611 | 诺力股份 |  46.8  |  16.2  | -5.2 |  -8.1   |  -3.0   |
| 工程机械 | 300022 | 吉峰科技 |  17.3  | -208.0 | -5.4 |  -6.8   |  -3.8   |
| 工程机械 | 301040 | 中环海陆 |  29.5  |  43.2  | -5.5 |  -8.6   |  -7.2   |
| 工程机械 | 002272 | 川润股份 |  27.1  |  69.7  | -5.8 |  -1.8   |   0.2   |
| 工程机械 | 001288 | 运机集团 |  27.3  |  32.4  | -6.8 |  -3.3   |  -4.6   |
| 工程机械 | 600817 | 宇通重工 |  51.7  |  15.2  | -7.0 |  -10.2  |  -7.9   |
| 工程机械 | 000680 | 山推股份 |  72.7  |  5.0   | -7.3 |  -12.3  |  -13.3  |
| 工程机械 | 601226 | 华电重工 |  62.8  | -14.4  | -7.9 |  -7.6   |  -2.6   |
+----------+--------+----------+--------+--------+------+---------+---------+
