[行业>市值]
+----------+--------+----------+-------+--------+------+---------+---------+
|   行业   |  代码  |   名称   | 市值  |   pe   | 涨幅 | 3日涨幅 | 6日涨幅 |
+----------+--------+----------+-------+--------+------+---------+---------+
| 橡胶制品 | 601966 | 玲珑轮胎 | 436.5 | -118.8 | -1.9 |   2.5   |   5.8   |
| 橡胶制品 | 601058 | 赛轮轮胎 | 386.6 |  30.0  | -0.9 |   3.9   |   9.0   |
| 橡胶制品 | 002984 |  森麒麟  | 266.0 |  28.5  | 2.5  |  11.7   |  19.0   |
| 橡胶制品 | 603650 | 彤程新材 | 201.9 |  70.1  | 6.5  |  15.4   |  22.6   |
| 橡胶制品 | 601118 | 海南橡胶 | 187.4 | -165.5 | -1.8 |  -2.7   |  -3.1   |
| 橡胶制品 | 002068 | 黑猫股份 | 167.6 | -401.8 | 10.0 |  17.0   |  27.8   |
| 橡胶制品 | 603033 | 三维股份 | 163.1 |  83.8  | -4.5 |  -7.0   |  -5.5   |
| 橡胶制品 | 300767 | 震安科技 | 148.4 | 114.0  | 0.2  |   5.4   |  15.4   |
| 橡胶制品 | 300587 | 天铁股份 | 144.6 |  31.2  | -7.5 |  -5.0   |  -2.3   |
| 橡胶制品 | 601163 | 三角轮胎 | 94.8  |  40.6  | -2.7 |   1.8   |   3.0   |
| 橡胶制品 | 605183 | 确成股份 | 80.4  |  24.0  | -3.4 |  -2.9   |   2.9   |
| 橡胶制品 | 300320 | 海达股份 | 73.0  |  45.3  | -8.7 |  -7.5   |  -3.1   |
| 橡胶制品 | 000589 | 贵州轮胎 | 55.6  |  24.7  | -4.0 |  -3.0   |  -3.8   |
| 橡胶制品 | 601500 | 通用股份 | 49.4  | 166.5  | -2.0 |  -0.8   |  -0.3   |
| 橡胶制品 | 300121 | 阳谷华泰 | 49.1  |  10.8  | -6.4 |  -6.8   |   1.7   |
| 橡胶制品 | 600182 | S*ST佳通 | 46.8  | 291.1  | -5.0 |  -7.6   |  -9.2   |
| 橡胶制品 | 002753 | 永东股份 | 44.1  | 104.4  | 3.6  |  12.1   |  22.6   |
| 橡胶制品 | 300547 | 川环科技 | 43.1  |  51.2  | -4.9 |  -7.1   |   1.9   |
| 橡胶制品 | 000599 | 青岛双星 | 41.2  |  -7.0  | 10.0 |  20.8   |  26.2   |
| 橡胶制品 | 600469 | 风神股份 | 38.3  | -23.2  | -4.0 |  -2.6   |  10.8   |
| 橡胶制品 | 002224 |  三力士  | 34.3  | -158.3 | -3.1 |  -2.5   |   0.2   |
| 橡胶制品 | 001207 | 联科科技 | 29.6  |  31.1  | -3.9 |   1.0   |   2.8   |
| 橡胶制品 | 300731 | 科创新源 | 28.8  | -64.6  | -6.8 |  -1.4   |   0.4   |
| 橡胶制品 | 002442 | 龙星化工 | 27.5  |  60.2  | -3.5 |  -0.9   |   0.4   |
| 橡胶制品 | 002381 | 双箭股份 | 26.5  |  20.4  | -3.6 |  -4.9   |  -2.6   |
| 橡胶制品 | 301233 | 盛帮股份 | 23.5  |  39.9  | -7.0 |  -2.6   |  -1.5   |
+----------+--------+----------+-------+--------+------+---------+---------+
 




 [行业>单日涨幅]
+----------+--------+----------+-------+--------+------+---------+---------+
|   行业   |  代码  |   名称   | 市值  |   pe   | 涨幅 | 3日涨幅 | 6日涨幅 |
+----------+--------+----------+-------+--------+------+---------+---------+
| 橡胶制品 | 002068 | 黑猫股份 | 167.6 | -401.8 | 10.0 |  17.0   |  27.8   |
| 橡胶制品 | 000599 | 青岛双星 | 41.2  |  -7.0  | 10.0 |  20.8   |  26.2   |
| 橡胶制品 | 603650 | 彤程新材 | 201.9 |  70.1  | 6.5  |  15.4   |  22.6   |
| 橡胶制品 | 002753 | 永东股份 | 44.1  | 104.4  | 3.6  |  12.1   |  22.6   |
| 橡胶制品 | 002984 |  森麒麟  | 266.0 |  28.5  | 2.5  |  11.7   |  19.0   |
| 橡胶制品 | 300767 | 震安科技 | 148.4 | 114.0  | 0.2  |   5.4   |  15.4   |
| 橡胶制品 | 601058 | 赛轮轮胎 | 386.6 |  30.0  | -0.9 |   3.9   |   9.0   |
| 橡胶制品 | 601118 | 海南橡胶 | 187.4 | -165.5 | -1.8 |  -2.7   |  -3.1   |
| 橡胶制品 | 601966 | 玲珑轮胎 | 436.5 | -118.8 | -1.9 |   2.5   |   5.8   |
| 橡胶制品 | 601500 | 通用股份 | 49.4  | 166.5  | -2.0 |  -0.8   |  -0.3   |
| 橡胶制品 | 601163 | 三角轮胎 | 94.8  |  40.6  | -2.7 |   1.8   |   3.0   |
| 橡胶制品 | 002224 |  三力士  | 34.3  | -158.3 | -3.1 |  -2.5   |   0.2   |
| 橡胶制品 | 605183 | 确成股份 | 80.4  |  24.0  | -3.4 |  -2.9   |   2.9   |
| 橡胶制品 | 002442 | 龙星化工 | 27.5  |  60.2  | -3.5 |  -0.9   |   0.4   |
| 橡胶制品 | 002381 | 双箭股份 | 26.5  |  20.4  | -3.6 |  -4.9   |  -2.6   |
| 橡胶制品 | 001207 | 联科科技 | 29.6  |  31.1  | -3.9 |   1.0   |   2.8   |
| 橡胶制品 | 000589 | 贵州轮胎 | 55.6  |  24.7  | -4.0 |  -3.0   |  -3.8   |
| 橡胶制品 | 600469 | 风神股份 | 38.3  | -23.2  | -4.0 |  -2.6   |  10.8   |
| 橡胶制品 | 603033 | 三维股份 | 163.1 |  83.8  | -4.5 |  -7.0   |  -5.5   |
| 橡胶制品 | 300547 | 川环科技 | 43.1  |  51.2  | -4.9 |  -7.1   |   1.9   |
| 橡胶制品 | 600182 | S*ST佳通 | 46.8  | 291.1  | -5.0 |  -7.6   |  -9.2   |
| 橡胶制品 | 300121 | 阳谷华泰 | 49.1  |  10.8  | -6.4 |  -6.8   |   1.7   |
| 橡胶制品 | 300731 | 科创新源 | 28.8  | -64.6  | -6.8 |  -1.4   |   0.4   |
| 橡胶制品 | 301233 | 盛帮股份 | 23.5  |  39.9  | -7.0 |  -2.6   |  -1.5   |
| 橡胶制品 | 300587 | 天铁股份 | 144.6 |  31.2  | -7.5 |  -5.0   |  -2.3   |
| 橡胶制品 | 300320 | 海达股份 | 73.0  |  45.3  | -8.7 |  -7.5   |  -3.1   |
+----------+--------+----------+-------+--------+------+---------+---------+
