[行业>市值]
+----------+--------+----------+--------+-------+------+---------+---------+
|   行业   |  代码  |   名称   |  市值  |  pe   | 涨幅 | 3日涨幅 | 6日涨幅 |
+----------+--------+----------+--------+-------+------+---------+---------+
| 汽车整车 | 002594 |  比亚迪  | 9508.0 | 294.0 | -1.2 |   0.4   |   1.2   |
| 汽车整车 | 601633 | 长城汽车 | 3166.0 | 48.4  | -4.9 |   1.7   |   1.4   |
| 汽车整车 | 000625 | 长安汽车 | 1977.0 | 10.9  | -0.8 |  12.0   |  18.2   |
| 汽车整车 | 600104 | 上汽集团 | 1854.0 |  8.4  | -3.1 |  -1.3   |  -0.8   |
| 汽车整车 | 601238 | 广汽集团 | 1593.0 | 13.2  | -2.3 |   2.4   |   4.8   |
| 汽车整车 | 601127 |  赛力斯  | 1116.0 | -33.3 | -8.0 |   1.6   |   2.3   |
| 汽车整车 | 600418 | 江淮汽车 | 474.8  | -40.9 | 2.9  |  22.8   |  39.6   |
| 汽车整车 | 000800 | 一汽解放 | 390.5  | 21.6  | -5.2 |  -3.7   |  -2.0   |
| 汽车整车 | 600733 | 北汽蓝谷 | 330.6  | -8.6  | -6.4 |  -4.5   |  -4.6   |
| 汽车整车 | 601777 | 力帆科技 | 226.8  | 111.5 | -3.5 |  -1.6   |   0.6   |
| 汽车整车 | 000980 |  ST众泰  | 193.1  | -30.8 | -5.0 |  -2.8   |  -2.1   |
| 汽车整车 | 301039 | 中集车辆 | 186.2  | 37.4  | -6.2 |  -2.0   |   1.3   |
| 汽车整车 | 600166 | 福田汽车 | 186.1  | 34.4  | -4.4 |   1.1   |   1.8   |
| 汽车整车 | 600066 | 宇通客车 | 167.4  | -36.2 | -4.9 |  -3.7   |  -4.5   |
| 汽车整车 | 000550 | 江铃汽车 | 154.9  | 17.1  | -6.6 |  -1.5   |   1.5   |
| 汽车整车 | 000951 | 中国重汽 | 140.7  | 28.4  | -5.6 |  -10.4  |  -11.7  |
| 汽车整车 | 600006 | 东风汽车 | 139.4  | 29.4  | -4.5 |  -1.1   |   3.6   |
| 汽车整车 | 000957 | 中通客车 | 100.8  | -71.4 | -8.8 |  -4.5   |  -10.5  |
| 汽车整车 | 000572 | 海马汽车 |  94.6  | -38.8 | -6.2 |  -3.4   |   2.3   |
| 汽车整车 | 600686 | 金龙汽车 |  54.9  | 353.8 | -6.9 |  -1.3   |  -0.7   |
| 汽车整车 | 000868 | 安凯客车 |  42.2  | -26.4 | -7.6 |  -2.5   |  -4.2   |
| 汽车整车 | 600213 | 亚星客车 |  24.0  | -13.8 | -7.1 |  -4.7   |  -7.3   |
| 汽车整车 | 600303 |  ST曙光  |  22.6  | -17.3 | -5.1 |  -5.4   |  -1.2   |
+----------+--------+----------+--------+-------+------+---------+---------+
 




 [行业>单日涨幅]
+----------+--------+----------+--------+-------+------+---------+---------+
|   行业   |  代码  |   名称   |  市值  |  pe   | 涨幅 | 3日涨幅 | 6日涨幅 |
+----------+--------+----------+--------+-------+------+---------+---------+
| 汽车整车 | 600418 | 江淮汽车 | 474.8  | -40.9 | 2.9  |  22.8   |  39.6   |
| 汽车整车 | 000625 | 长安汽车 | 1977.0 | 10.9  | -0.8 |  12.0   |  18.2   |
| 汽车整车 | 002594 |  比亚迪  | 9508.0 | 294.0 | -1.2 |   0.4   |   1.2   |
| 汽车整车 | 601238 | 广汽集团 | 1593.0 | 13.2  | -2.3 |   2.4   |   4.8   |
| 汽车整车 | 600104 | 上汽集团 | 1854.0 |  8.4  | -3.1 |  -1.3   |  -0.8   |
| 汽车整车 | 601777 | 力帆科技 | 226.8  | 111.5 | -3.5 |  -1.6   |   0.6   |
| 汽车整车 | 600166 | 福田汽车 | 186.1  | 34.4  | -4.4 |   1.1   |   1.8   |
| 汽车整车 | 600006 | 东风汽车 | 139.4  | 29.4  | -4.5 |  -1.1   |   3.6   |
| 汽车整车 | 601633 | 长城汽车 | 3166.0 | 48.4  | -4.9 |   1.7   |   1.4   |
| 汽车整车 | 600066 | 宇通客车 | 167.4  | -36.2 | -4.9 |  -3.7   |  -4.5   |
| 汽车整车 | 000980 |  ST众泰  | 193.1  | -30.8 | -5.0 |  -2.8   |  -2.1   |
| 汽车整车 | 600303 |  ST曙光  |  22.6  | -17.3 | -5.1 |  -5.4   |  -1.2   |
| 汽车整车 | 000800 | 一汽解放 | 390.5  | 21.6  | -5.2 |  -3.7   |  -2.0   |
| 汽车整车 | 000951 | 中国重汽 | 140.7  | 28.4  | -5.6 |  -10.4  |  -11.7  |
| 汽车整车 | 301039 | 中集车辆 | 186.2  | 37.4  | -6.2 |  -2.0   |   1.3   |
| 汽车整车 | 000572 | 海马汽车 |  94.6  | -38.8 | -6.2 |  -3.4   |   2.3   |
| 汽车整车 | 600733 | 北汽蓝谷 | 330.6  | -8.6  | -6.4 |  -4.5   |  -4.6   |
| 汽车整车 | 000550 | 江铃汽车 | 154.9  | 17.1  | -6.6 |  -1.5   |   1.5   |
| 汽车整车 | 600686 | 金龙汽车 |  54.9  | 353.8 | -6.9 |  -1.3   |  -0.7   |
| 汽车整车 | 600213 | 亚星客车 |  24.0  | -13.8 | -7.1 |  -4.7   |  -7.3   |
| 汽车整车 | 000868 | 安凯客车 |  42.2  | -26.4 | -7.6 |  -2.5   |  -4.2   |
| 汽车整车 | 601127 |  赛力斯  | 1116.0 | -33.3 | -8.0 |   1.6   |   2.3   |
| 汽车整车 | 000957 | 中通客车 | 100.8  | -71.4 | -8.8 |  -4.5   |  -10.5  |
+----------+--------+----------+--------+-------+------+---------+---------+
