[行业>市值]
+------+--------+----------+-------+--------+------+---------+---------+
| 行业 |  代码  |   名称   | 市值  |   pe   | 涨幅 | 3日涨幅 | 6日涨幅 |
+------+--------+----------+-------+--------+------+---------+---------+
| 燃气 | 600956 | 新天绿能 | 494.1 |  13.2  | -8.7 |  -9.7   |  -8.0   |
| 燃气 | 600803 | XD新奥股 | 471.0 |  15.6  | -2.7 |  -3.5   |  -2.1   |
| 燃气 | 601139 | 深圳燃气 | 202.8 |  18.8  | -1.9 |  -2.1   |   0.0   |
| 燃气 | 002911 | 佛燃能源 | 168.8 |  31.5  | 1.2  |   7.3   |  42.8   |
| 燃气 | 605090 | 九丰能源 | 136.1 |  8.7   | -6.4 |  -3.3   |   3.3   |
| 燃气 | 300332 | 天壕环境 | 126.6 |  23.9  | -4.7 |   1.4   |   7.9   |
| 燃气 | 600917 | 重庆燃气 | 123.4 |  25.7  | -3.9 |  -3.1   |   2.1   |
| 燃气 | 600635 | 大众公用 | 93.3  |  -7.2  | -3.1 |  -4.2   |  -1.9   |
| 燃气 | 000968 | 蓝焰控股 | 93.3  |  8.6   | -5.8 |  -8.5   |  -1.4   |
| 燃气 | 603393 | 新天然气 | 90.3  |  10.9  | -5.7 |  -7.9   |  -5.6   |
| 燃气 | 600903 | 贵州燃气 | 88.3  | -35.6  | -4.9 |  -9.1   |  -4.0   |
| 燃气 | 002267 | 陕天然气 | 86.2  |  4.3   | -3.7 |  -6.6   |   0.9   |
| 燃气 | 603053 | 成都燃气 | 82.8  |  12.7  | -4.2 |  -6.9   |  -2.7   |
| 燃气 | 600617 | 国新能源 | 67.2  |  9.7   | -4.5 |  -5.1   |  -2.8   |
| 燃气 | 605368 | 蓝天燃气 | 63.4  |  8.3   | -4.1 |  -5.3   |  -0.8   |
| 燃气 | 600681 | 百川能源 | 62.0  |  12.6  | -4.6 |  -4.4   |  -1.9   |
| 燃气 | 300435 | 中泰股份 | 61.3  |  24.6  | -4.9 |  -3.0   |   0.9   |
| 燃气 | 300483 | 首华燃气 | 38.0  |  22.3  | -5.6 |  -7.9   |  -1.3   |
| 燃气 | 605169 | 洪通燃气 | 37.2  |  16.5  | -6.7 |  -7.1   |   6.9   |
| 燃气 | 603689 | 皖天然气 | 35.1  |  13.0  | -5.8 |  -5.3   |  -0.3   |
| 燃气 | 000407 | 胜利股份 | 34.4  |  27.9  | -1.8 |  -3.0   |   2.1   |
| 燃气 | 600333 | 长春燃气 | 31.4  | -67.2  | -3.2 |  -4.5   |  -1.0   |
| 燃气 | 603706 | 东方环宇 | 30.1  |  12.0  | -5.7 |  -8.2   |  -2.1   |
| 燃气 | 000421 | 南京公用 | 29.7  | -56.7  | -8.7 |  -16.9  |   2.4   |
| 燃气 | 603318 | 水发燃气 | 29.2  |  56.6  | -5.7 |  -6.9   |  -1.8   |
| 燃气 | 000593 | 德龙汇能 | 21.3  | 225.5  | -6.3 |  -11.2  |  -0.2   |
| 燃气 | 603080 | 新疆火炬 | 20.7  |  14.3  | -3.9 |  -6.2   |  -6.0   |
| 燃气 | 002700 |  ST浩源  | 20.2  |  34.0  | -2.4 |  -5.2   |   9.6   |
| 燃气 | 002259 |  ST升达  | 18.9  | -126.3 | -4.9 |  -6.7   |  -2.7   |
| 燃气 | 000669 |  ST金鸿  | 11.9  | -49.2  | -4.9 |  -9.8   |  -3.3   |
+------+--------+----------+-------+--------+------+---------+---------+
 




 [行业>单日涨幅]
+------+--------+----------+-------+--------+------+---------+---------+
| 行业 |  代码  |   名称   | 市值  |   pe   | 涨幅 | 3日涨幅 | 6日涨幅 |
+------+--------+----------+-------+--------+------+---------+---------+
| 燃气 | 002911 | 佛燃能源 | 168.8 |  31.5  | 1.2  |   7.3   |  42.8   |
| 燃气 | 000407 | 胜利股份 | 34.4  |  27.9  | -1.8 |  -3.0   |   2.1   |
| 燃气 | 601139 | 深圳燃气 | 202.8 |  18.8  | -1.9 |  -2.1   |   0.0   |
| 燃气 | 002700 |  ST浩源  | 20.2  |  34.0  | -2.4 |  -5.2   |   9.6   |
| 燃气 | 600803 | XD新奥股 | 471.0 |  15.6  | -2.7 |  -3.5   |  -2.1   |
| 燃气 | 600635 | 大众公用 | 93.3  |  -7.2  | -3.1 |  -4.2   |  -1.9   |
| 燃气 | 600333 | 长春燃气 | 31.4  | -67.2  | -3.2 |  -4.5   |  -1.0   |
| 燃气 | 002267 | 陕天然气 | 86.2  |  4.3   | -3.7 |  -6.6   |   0.9   |
| 燃气 | 603080 | 新疆火炬 | 20.7  |  14.3  | -3.9 |  -6.2   |  -6.0   |
| 燃气 | 600917 | 重庆燃气 | 123.4 |  25.7  | -3.9 |  -3.1   |   2.1   |
| 燃气 | 605368 | 蓝天燃气 | 63.4  |  8.3   | -4.1 |  -5.3   |  -0.8   |
| 燃气 | 603053 | 成都燃气 | 82.8  |  12.7  | -4.2 |  -6.9   |  -2.7   |
| 燃气 | 600617 | 国新能源 | 67.2  |  9.7   | -4.5 |  -5.1   |  -2.8   |
| 燃气 | 600681 | 百川能源 | 62.0  |  12.6  | -4.6 |  -4.4   |  -1.9   |
| 燃气 | 300332 | 天壕环境 | 126.6 |  23.9  | -4.7 |   1.4   |   7.9   |
| 燃气 | 300435 | 中泰股份 | 61.3  |  24.6  | -4.9 |  -3.0   |   0.9   |
| 燃气 | 000669 |  ST金鸿  | 11.9  | -49.2  | -4.9 |  -9.8   |  -3.3   |
| 燃气 | 600903 | 贵州燃气 | 88.3  | -35.6  | -4.9 |  -9.1   |  -4.0   |
| 燃气 | 002259 |  ST升达  | 18.9  | -126.3 | -4.9 |  -6.7   |  -2.7   |
| 燃气 | 300483 | 首华燃气 | 38.0  |  22.3  | -5.6 |  -7.9   |  -1.3   |
| 燃气 | 603393 | 新天然气 | 90.3  |  10.9  | -5.7 |  -7.9   |  -5.6   |
| 燃气 | 603706 | 东方环宇 | 30.1  |  12.0  | -5.7 |  -8.2   |  -2.1   |
| 燃气 | 603318 | 水发燃气 | 29.2  |  56.6  | -5.7 |  -6.9   |  -1.8   |
| 燃气 | 000968 | 蓝焰控股 | 93.3  |  8.6   | -5.8 |  -8.5   |  -1.4   |
| 燃气 | 603689 | 皖天然气 | 35.1  |  13.0  | -5.8 |  -5.3   |  -0.3   |
| 燃气 | 000593 | 德龙汇能 | 21.3  | 225.5  | -6.3 |  -11.2  |  -0.2   |
| 燃气 | 605090 | 九丰能源 | 136.1 |  8.7   | -6.4 |  -3.3   |   3.3   |
| 燃气 | 605169 | 洪通燃气 | 37.2  |  16.5  | -6.7 |  -7.1   |   6.9   |
| 燃气 | 000421 | 南京公用 | 29.7  | -56.7  | -8.7 |  -16.9  |   2.4   |
| 燃气 | 600956 | 新天绿能 | 494.1 |  13.2  | -8.7 |  -9.7   |  -8.0   |
+------+--------+----------+-------+--------+------+---------+---------+
