[行业>市值]
+------------+--------+----------+-------+--------+------+---------+---------+
|    行业    |  代码  |   名称   | 市值  |   pe   | 涨幅 | 3日涨幅 | 6日涨幅 |
+------------+--------+----------+-------+--------+------+---------+---------+
| 电子化学品 | 300054 | 鼎龙股份 | 203.3 |  71.2  | 0.5  |   4.8   |   9.1   |
| 电子化学品 | 300346 | 南大光电 | 180.0 |  55.8  | 0.2  |   3.5   |   4.8   |
| 电子化学品 | 002643 | 万润股份 | 168.6 |  18.1  | -2.4 |  -0.8   |   0.2   |
| 电子化学品 | 688019 | 安集科技 | 160.5 | 101.3  | 0.6  |   1.4   |   2.8   |
| 电子化学品 | 300398 | 飞凯材料 | 119.3 |  21.5  | -4.0 |   7.3   |  10.4   |
| 电子化学品 | 300481 | 濮阳惠成 | 117.0 |  34.9  | 5.9  |  12.1   |  27.8   |
| 电子化学品 | 300655 | 晶瑞电材 | 114.4 |  89.5  | 3.1  |   8.8   |  15.2   |
| 电子化学品 | 300236 | 上海新阳 | 102.6 | -188.6 | -0.3 |   2.5   |   6.0   |
| 电子化学品 | 688106 | 金宏气体 | 94.9  |  61.1  | -2.9 |  -2.3   |   2.2   |
| 电子化学品 | 688268 | 华特气体 | 90.8  |  57.9  | -2.6 |  -2.8   |  12.1   |
| 电子化学品 | 002741 | 光华科技 | 85.2  |  60.3  | -6.2 |  -0.7   |  -4.0   |
| 电子化学品 | 688550 | 瑞联新材 | 66.5  |  20.8  | -3.2 |  -2.7   |  -0.5   |
| 电子化学品 | 603078 |  江化微  | 63.6  |  48.2  | 2.2  |   1.1   |   2.3   |
| 电子化学品 | 300576 | 容大感光 | 59.3  | 143.3  | 1.4  |   6.1   |  10.0   |
| 电子化学品 | 688359 | 三孚新科 | 52.6  | -221.0 | -2.1 |  10.5   |  17.2   |
| 电子化学品 | 300429 | 强力新材 | 49.4  |  49.4  | -2.3 |   2.4   |   5.7   |
| 电子化学品 | 002584 | 西陇科学 | 42.4  |  12.7  | -7.5 |  -9.4   |  -7.2   |
| 电子化学品 | 603931 |  格林达  | 40.0  |  25.3  | -3.0 |  -2.2   |   0.3   |
| 电子化学品 | 300537 | 广信材料 | 34.2  | -74.4  | 14.9 |  46.0   |  49.2   |
| 电子化学品 | 300446 | 乐凯新材 | 22.7  | 358.1  | -5.6 |  -5.7   |  -1.1   |
| 电子化学品 | 300637 | 扬帆新材 | 18.5  |  39.8  | -3.8 |  -2.1   |   1.0   |
+------------+--------+----------+-------+--------+------+---------+---------+
 




 [行业>单日涨幅]
+------------+--------+----------+-------+--------+------+---------+---------+
|    行业    |  代码  |   名称   | 市值  |   pe   | 涨幅 | 3日涨幅 | 6日涨幅 |
+------------+--------+----------+-------+--------+------+---------+---------+
| 电子化学品 | 300537 | 广信材料 | 34.2  | -74.4  | 14.9 |  46.0   |  49.2   |
| 电子化学品 | 300481 | 濮阳惠成 | 117.0 |  34.9  | 5.9  |  12.1   |  27.8   |
| 电子化学品 | 300655 | 晶瑞电材 | 114.4 |  89.5  | 3.1  |   8.8   |  15.2   |
| 电子化学品 | 603078 |  江化微  | 63.6  |  48.2  | 2.2  |   1.1   |   2.3   |
| 电子化学品 | 300576 | 容大感光 | 59.3  | 143.3  | 1.4  |   6.1   |  10.0   |
| 电子化学品 | 688019 | 安集科技 | 160.5 | 101.3  | 0.6  |   1.4   |   2.8   |
| 电子化学品 | 300054 | 鼎龙股份 | 203.3 |  71.2  | 0.5  |   4.8   |   9.1   |
| 电子化学品 | 300346 | 南大光电 | 180.0 |  55.8  | 0.2  |   3.5   |   4.8   |
| 电子化学品 | 300236 | 上海新阳 | 102.6 | -188.6 | -0.3 |   2.5   |   6.0   |
| 电子化学品 | 688359 | 三孚新科 | 52.6  | -221.0 | -2.1 |  10.5   |  17.2   |
| 电子化学品 | 300429 | 强力新材 | 49.4  |  49.4  | -2.3 |   2.4   |   5.7   |
| 电子化学品 | 002643 | 万润股份 | 168.6 |  18.1  | -2.4 |  -0.8   |   0.2   |
| 电子化学品 | 688268 | 华特气体 | 90.8  |  57.9  | -2.6 |  -2.8   |  12.1   |
| 电子化学品 | 688106 | 金宏气体 | 94.9  |  61.1  | -2.9 |  -2.3   |   2.2   |
| 电子化学品 | 603931 |  格林达  | 40.0  |  25.3  | -3.0 |  -2.2   |   0.3   |
| 电子化学品 | 688550 | 瑞联新材 | 66.5  |  20.8  | -3.2 |  -2.7   |  -0.5   |
| 电子化学品 | 300637 | 扬帆新材 | 18.5  |  39.8  | -3.8 |  -2.1   |   1.0   |
| 电子化学品 | 300398 | 飞凯材料 | 119.3 |  21.5  | -4.0 |   7.3   |  10.4   |
| 电子化学品 | 300446 | 乐凯新材 | 22.7  | 358.1  | -5.6 |  -5.7   |  -1.1   |
| 电子化学品 | 002741 | 光华科技 | 85.2  |  60.3  | -6.2 |  -0.7   |  -4.0   |
| 电子化学品 | 002584 | 西陇科学 | 42.4  |  12.7  | -7.5 |  -9.4   |  -7.2   |
+------------+--------+----------+-------+--------+------+---------+---------+
