[行业>市值]
+------+--------+----------+-------+-------+------+---------+---------+
| 行业 |  代码  |   名称   | 市值  |  pe   | 涨幅 | 3日涨幅 | 6日涨幅 |
+------+--------+----------+-------+-------+------+---------+---------+
| 电机 | 002176 | 江特电机 | 394.2 | 14.8  | -5.9 |  -6.4   |  -5.6   |
| 电机 | 603489 | 八方股份 | 228.2 | 31.8  | -1.1 |   5.4   |   9.6   |
| 电机 | 600580 | 卧龙电驱 | 191.8 | 24.2  | -4.9 |  -1.2   |   5.9   |
| 电机 | 603728 | 鸣志电器 | 171.3 | 109.5 | 10.0 |  33.1   |  77.2   |
| 电机 | 002249 | 大洋电机 | 151.6 | 25.8  | -6.0 |  -1.2   |   2.4   |
| 电机 | 300660 | 江苏雷利 | 113.1 | 40.8  | -4.1 |  16.0   |  17.1   |
| 电机 | 003021 | 兆威机电 | 89.2  | 98.2  | -4.7 |  -6.9   |  14.4   |
| 电机 | 002801 | 微光股份 | 66.9  | 21.6  | -4.7 |  -8.3   |   1.7   |
| 电机 | 000922 | 佳电股份 | 57.1  | 18.9  | -7.2 |  -3.8   |   0.2   |
| 电机 | 002892 |  科力尔  | 55.1  | 86.4  | -5.2 |  -2.3   |   5.2   |
| 电机 | 002196 | 方正电机 | 53.9  | 225.8 | -3.2 |  -0.8   |   3.0   |
| 电机 | 603819 | 神力股份 | 39.1  | 34.1  | -0.5 |  -2.5   |  10.4   |
| 电机 | 002823 | 凯中精密 | 31.8  | 39.6  | -4.0 |  -4.2   |  -2.5   |
| 电机 | 301023 | 江南奕帆 | 29.5  | 36.2  | -3.6 |   1.2   |  12.2   |
| 电机 | 603988 | 中电电机 | 27.1  | 50.5  | -6.7 |  -4.2   |  -1.7   |
| 电机 | 002576 | 通达动力 | 26.2  | 64.8  | -3.2 |  -0.2   |  12.3   |
| 电机 | 301226 | 祥明智能 | 25.9  | 43.0  | -4.9 |  -1.6   |   7.8   |
| 电机 | 300907 | 康平科技 | 20.6  | 99.8  | -4.5 |  -5.0   |  -0.9   |
| 电机 | 688395 | 正弦电气 | 19.3  | 33.8  | -5.0 |  -4.2   |   5.1   |
| 电机 | 300626 | 华瑞股份 | 16.9  | 66.0  | -4.7 |  -3.5   |   1.0   |
| 电机 | 603320 | 迪贝电气 | 16.2  | 33.4  | -4.8 |  -3.7   |  -0.9   |
+------+--------+----------+-------+-------+------+---------+---------+
 




 [行业>单日涨幅]
+------+--------+----------+-------+-------+------+---------+---------+
| 行业 |  代码  |   名称   | 市值  |  pe   | 涨幅 | 3日涨幅 | 6日涨幅 |
+------+--------+----------+-------+-------+------+---------+---------+
| 电机 | 603728 | 鸣志电器 | 171.3 | 109.5 | 10.0 |  33.1   |  77.2   |
| 电机 | 603819 | 神力股份 | 39.1  | 34.1  | -0.5 |  -2.5   |  10.4   |
| 电机 | 603489 | 八方股份 | 228.2 | 31.8  | -1.1 |   5.4   |   9.6   |
| 电机 | 002576 | 通达动力 | 26.2  | 64.8  | -3.2 |  -0.2   |  12.3   |
| 电机 | 002196 | 方正电机 | 53.9  | 225.8 | -3.2 |  -0.8   |   3.0   |
| 电机 | 301023 | 江南奕帆 | 29.5  | 36.2  | -3.6 |   1.2   |  12.2   |
| 电机 | 002823 | 凯中精密 | 31.8  | 39.6  | -4.0 |  -4.2   |  -2.5   |
| 电机 | 300660 | 江苏雷利 | 113.1 | 40.8  | -4.1 |  16.0   |  17.1   |
| 电机 | 300907 | 康平科技 | 20.6  | 99.8  | -4.5 |  -5.0   |  -0.9   |
| 电机 | 300626 | 华瑞股份 | 16.9  | 66.0  | -4.7 |  -3.5   |   1.0   |
| 电机 | 003021 | 兆威机电 | 89.2  | 98.2  | -4.7 |  -6.9   |  14.4   |
| 电机 | 002801 | 微光股份 | 66.9  | 21.6  | -4.7 |  -8.3   |   1.7   |
| 电机 | 603320 | 迪贝电气 | 16.2  | 33.4  | -4.8 |  -3.7   |  -0.9   |
| 电机 | 301226 | 祥明智能 | 25.9  | 43.0  | -4.9 |  -1.6   |   7.8   |
| 电机 | 600580 | 卧龙电驱 | 191.8 | 24.2  | -4.9 |  -1.2   |   5.9   |
| 电机 | 688395 | 正弦电气 | 19.3  | 33.8  | -5.0 |  -4.2   |   5.1   |
| 电机 | 002892 |  科力尔  | 55.1  | 86.4  | -5.2 |  -2.3   |   5.2   |
| 电机 | 002176 | 江特电机 | 394.2 | 14.8  | -5.9 |  -6.4   |  -5.6   |
| 电机 | 002249 | 大洋电机 | 151.6 | 25.8  | -6.0 |  -1.2   |   2.4   |
| 电机 | 603988 | 中电电机 | 27.1  | 50.5  | -6.7 |  -4.2   |  -1.7   |
| 电机 | 000922 | 佳电股份 | 57.1  | 18.9  | -7.2 |  -3.8   |   0.2   |
+------+--------+----------+-------+-------+------+---------+---------+
