[行业>市值]
+----------+--------+----------+-------+--------+------+---------+---------+
|   行业   |  代码  |   名称   | 市值  |   pe   | 涨幅 | 3日涨幅 | 6日涨幅 |
+----------+--------+----------+-------+--------+------+---------+---------+
| 电源设备 | 601727 | 上海电气 | 671.5 | 1328.1 | -3.6 |  -3.4   |  -2.9   |
| 电源设备 | 600875 | 东方电气 | 508.7 |  13.7  | -5.7 |  -3.9   |  -1.6   |
| 电源设备 | 002518 |  科士达  | 207.9 |  95.8  | -1.8 |   5.7   |  17.8   |
| 电源设备 | 300376 |  易事特  | 193.0 |  48.9  | -5.6 |  -5.9   |   1.6   |
| 电源设备 | 002335 | 科华数据 | 180.4 |  46.0  | -3.5 |   2.9   |   5.0   |
| 电源设备 | 002534 | 西子洁能 | 168.0 | 104.6  | 2.4  |  18.3   |  20.7   |
| 电源设备 | 002851 | 麦格米特 | 156.4 |  53.2  | -3.9 |   5.9   |   3.8   |
| 电源设备 | 300593 |  新雷能  | 144.1 |  41.5  | -2.6 |  -4.9   |  -3.2   |
| 电源设备 | 002665 | 首航高科 | 114.8 | -53.2  | 2.0  |  23.5   |  29.9   |
| 电源设备 | 300820 | 英杰电气 | 97.1  |  45.0  | -2.4 |  -2.7   |   2.8   |
| 电源设备 | 600475 | 华光环能 | 79.3  |  9.6   | -4.1 |  -3.8   |  -1.4   |
| 电源设备 | 300693 | 盛弘股份 | 71.8  |  78.1  | -4.6 |  -4.1   |   5.9   |
| 电源设备 | 300870 |  欧陆通  | 56.1  | -47.6  | -5.6 |  -7.2   |  -3.4   |
| 电源设备 | 002255 | 海陆重工 | 47.6  |  36.5  | -5.5 |  -5.0   |  -3.4   |
| 电源设备 | 002364 | 中恒电气 | 43.6  | 191.6  | -8.5 |  -7.2   |  -6.9   |
| 电源设备 | 002366 | *ST海核  | 42.0  | -34.0  | -5.1 |  -9.0   |  -10.2  |
| 电源设备 | 002227 |  奥特迅  | 36.0  | -103.9 | -8.1 |  -5.2   |  -3.5   |
| 电源设备 | 600405 |  动力源  | 35.3  | -46.1  | -6.3 |  -4.8   |  -0.8   |
| 电源设备 | 688551 |  科威尔  | 35.0  | 117.1  | -3.6 |   4.2   |  17.5   |
| 电源设备 | 002630 | 华西能源 | 32.7  |  -5.3  | -4.8 |  -3.8   |  -4.5   |
| 电源设备 | 300105 | 龙源技术 | 32.6  | -111.7 | -7.5 |  -5.6   |  -2.5   |
| 电源设备 | 300153 | 科泰电源 | 28.5  | 151.7  | -4.3 |  -1.3   |   2.5   |
| 电源设备 | 300491 | 通合科技 | 25.5  | -77.1  | -7.0 |  -9.9   |  -7.8   |
| 电源设备 | 300713 |  英可瑞  | 24.9  | 373.8  | -7.6 |  -5.6   |  -1.9   |
| 电源设备 | 600202 |  哈空调  | 20.1  |  85.0  | -6.6 |  -6.6   |  -8.6   |
+----------+--------+----------+-------+--------+------+---------+---------+
 




 [行业>单日涨幅]
+----------+--------+----------+-------+--------+------+---------+---------+
|   行业   |  代码  |   名称   | 市值  |   pe   | 涨幅 | 3日涨幅 | 6日涨幅 |
+----------+--------+----------+-------+--------+------+---------+---------+
| 电源设备 | 002534 | 西子洁能 | 168.0 | 104.6  | 2.4  |  18.3   |  20.7   |
| 电源设备 | 002665 | 首航高科 | 114.8 | -53.2  | 2.0  |  23.5   |  29.9   |
| 电源设备 | 002518 |  科士达  | 207.9 |  95.8  | -1.8 |   5.7   |  17.8   |
| 电源设备 | 300820 | 英杰电气 | 97.1  |  45.0  | -2.4 |  -2.7   |   2.8   |
| 电源设备 | 300593 |  新雷能  | 144.1 |  41.5  | -2.6 |  -4.9   |  -3.2   |
| 电源设备 | 002335 | 科华数据 | 180.4 |  46.0  | -3.5 |   2.9   |   5.0   |
| 电源设备 | 601727 | 上海电气 | 671.5 | 1328.1 | -3.6 |  -3.4   |  -2.9   |
| 电源设备 | 688551 |  科威尔  | 35.0  | 117.1  | -3.6 |   4.2   |  17.5   |
| 电源设备 | 002851 | 麦格米特 | 156.4 |  53.2  | -3.9 |   5.9   |   3.8   |
| 电源设备 | 600475 | 华光环能 | 79.3  |  9.6   | -4.1 |  -3.8   |  -1.4   |
| 电源设备 | 300153 | 科泰电源 | 28.5  | 151.7  | -4.3 |  -1.3   |   2.5   |
| 电源设备 | 300693 | 盛弘股份 | 71.8  |  78.1  | -4.6 |  -4.1   |   5.9   |
| 电源设备 | 002630 | 华西能源 | 32.7  |  -5.3  | -4.8 |  -3.8   |  -4.5   |
| 电源设备 | 002366 | *ST海核  | 42.0  | -34.0  | -5.1 |  -9.0   |  -10.2  |
| 电源设备 | 002255 | 海陆重工 | 47.6  |  36.5  | -5.5 |  -5.0   |  -3.4   |
| 电源设备 | 300376 |  易事特  | 193.0 |  48.9  | -5.6 |  -5.9   |   1.6   |
| 电源设备 | 300870 |  欧陆通  | 56.1  | -47.6  | -5.6 |  -7.2   |  -3.4   |
| 电源设备 | 600875 | 东方电气 | 508.7 |  13.7  | -5.7 |  -3.9   |  -1.6   |
| 电源设备 | 600405 |  动力源  | 35.3  | -46.1  | -6.3 |  -4.8   |  -0.8   |
| 电源设备 | 600202 |  哈空调  | 20.1  |  85.0  | -6.6 |  -6.6   |  -8.6   |
| 电源设备 | 300491 | 通合科技 | 25.5  | -77.1  | -7.0 |  -9.9   |  -7.8   |
| 电源设备 | 300105 | 龙源技术 | 32.6  | -111.7 | -7.5 |  -5.6   |  -2.5   |
| 电源设备 | 300713 |  英可瑞  | 24.9  | 373.8  | -7.6 |  -5.6   |  -1.9   |
| 电源设备 | 002227 |  奥特迅  | 36.0  | -103.9 | -8.1 |  -5.2   |  -3.5   |
| 电源设备 | 002364 | 中恒电气 | 43.6  | 191.6  | -8.5 |  -7.2   |  -6.9   |
+----------+--------+----------+-------+--------+------+---------+---------+
