[行业>市值]
+----------+--------+----------+-------+--------+-------+---------+---------+
|   行业   |  代码  |   名称   | 市值  |   pe   | 涨幅  | 3日涨幅 | 6日涨幅 |
+----------+--------+----------+-------+--------+-------+---------+---------+
| 综合行业 | 000009 | 中国宝安 | 378.6 |  57.3  |  3.2  |   2.6   |  18.9   |
| 综合行业 | 600673 |  东阳光  | 331.5 |  26.6  | -3.2  |  -6.2   |   4.4   |
| 综合行业 | 000958 | 电投产融 | 249.3 |  20.5  | -7.0  |  -5.1   |  -3.9   |
| 综合行业 | 000839 |  ST国安  | 108.6 | -18.5  |  0.0  |   9.1   |  17.4   |
| 综合行业 | 600770 | 综艺股份 | 98.8  | -16.8  | -4.2  |  -7.1   |  -3.5   |
| 综合行业 | 000158 | 常山北明 | 98.0  | -28.3  | -5.8  |  -7.1   |  -10.0  |
| 综合行业 | 000861 | 海印股份 | 65.0  |  16.0  | -5.5  |  -7.5   |  -2.3   |
| 综合行业 | 002758 | 浙农股份 | 58.8  |  10.5  | -4.2  |  -6.3   |  -5.8   |
| 综合行业 | 000652 | 泰达股份 | 58.4  | 376.7  | -5.3  |  -6.6   |  -8.3   |
| 综合行业 | 000576 | 甘化科工 | 53.1  |  52.7  | -3.7  |  -7.5   |  -1.8   |
| 综合行业 | 000803 | 北清环能 | 52.3  |  32.4  | -4.6  |  -6.9   |  -3.8   |
| 综合行业 | 600784 | 鲁银投资 | 49.2  |  21.1  | -8.1  |  -12.0  |  -6.1   |
| 综合行业 | 000833 | 粤桂股份 | 48.8  |  34.3  | -6.5  |  -7.8   |  -8.4   |
| 综合行业 | 600805 | 悦达投资 | 43.1  |  12.9  | -3.2  |  -2.7   |  -4.0   |
| 综合行业 | 600624 | 复旦复华 | 42.2  | 183.4  | -6.9  |  -10.6  |  -12.4  |
| 综合行业 | 600568 |  ST中珠  | 38.1  | -231.7 | -5.0  |  -1.0   |   1.1   |
| 综合行业 | 000532 | 华金资本 | 37.4  |  66.8  | -6.1  |  -6.8   |  -4.8   |
| 综合行业 | 000909 | 数源科技 | 36.8  | 188.9  | -6.5  |  -8.2   |  -7.5   |
| 综合行业 | 000409 | 云鼎科技 | 31.4  | 301.7  | -4.1  |  -3.5   |   8.8   |
| 综合行业 | 600113 | 浙江东日 | 28.1  |  15.3  | -5.7  |  -5.0   |  -4.1   |
| 综合行业 | 002591 | 恒大高新 | 24.1  | -220.5 | -10.0 |  -27.1  |  -28.2  |
| 综合行业 | 600051 | 宁波联合 | 21.5  | -96.8  | -4.5  |  -2.8   |  -2.4   |
| 综合行业 | 000632 | 三木集团 | 19.2  |  76.0  | -4.2  |  -9.1   |  -10.2  |
+----------+--------+----------+-------+--------+-------+---------+---------+
 




 [行业>单日涨幅]
+----------+--------+----------+-------+--------+-------+---------+---------+
|   行业   |  代码  |   名称   | 市值  |   pe   | 涨幅  | 3日涨幅 | 6日涨幅 |
+----------+--------+----------+-------+--------+-------+---------+---------+
| 综合行业 | 000009 | 中国宝安 | 378.6 |  57.3  |  3.2  |   2.6   |  18.9   |
| 综合行业 | 000839 |  ST国安  | 108.6 | -18.5  |  0.0  |   9.1   |  17.4   |
| 综合行业 | 600673 |  东阳光  | 331.5 |  26.6  | -3.2  |  -6.2   |   4.4   |
| 综合行业 | 600805 | 悦达投资 | 43.1  |  12.9  | -3.2  |  -2.7   |  -4.0   |
| 综合行业 | 000576 | 甘化科工 | 53.1  |  52.7  | -3.7  |  -7.5   |  -1.8   |
| 综合行业 | 000409 | 云鼎科技 | 31.4  | 301.7  | -4.1  |  -3.5   |   8.8   |
| 综合行业 | 600770 | 综艺股份 | 98.8  | -16.8  | -4.2  |  -7.1   |  -3.5   |
| 综合行业 | 002758 | 浙农股份 | 58.8  |  10.5  | -4.2  |  -6.3   |  -5.8   |
| 综合行业 | 000632 | 三木集团 | 19.2  |  76.0  | -4.2  |  -9.1   |  -10.2  |
| 综合行业 | 600051 | 宁波联合 | 21.5  | -96.8  | -4.5  |  -2.8   |  -2.4   |
| 综合行业 | 000803 | 北清环能 | 52.3  |  32.4  | -4.6  |  -6.9   |  -3.8   |
| 综合行业 | 600568 |  ST中珠  | 38.1  | -231.7 | -5.0  |  -1.0   |   1.1   |
| 综合行业 | 000652 | 泰达股份 | 58.4  | 376.7  | -5.3  |  -6.6   |  -8.3   |
| 综合行业 | 000861 | 海印股份 | 65.0  |  16.0  | -5.5  |  -7.5   |  -2.3   |
| 综合行业 | 600113 | 浙江东日 | 28.1  |  15.3  | -5.7  |  -5.0   |  -4.1   |
| 综合行业 | 000158 | 常山北明 | 98.0  | -28.3  | -5.8  |  -7.1   |  -10.0  |
| 综合行业 | 000532 | 华金资本 | 37.4  |  66.8  | -6.1  |  -6.8   |  -4.8   |
| 综合行业 | 000909 | 数源科技 | 36.8  | 188.9  | -6.5  |  -8.2   |  -7.5   |
| 综合行业 | 000833 | 粤桂股份 | 48.8  |  34.3  | -6.5  |  -7.8   |  -8.4   |
| 综合行业 | 600624 | 复旦复华 | 42.2  | 183.4  | -6.9  |  -10.6  |  -12.4  |
| 综合行业 | 000958 | 电投产融 | 249.3 |  20.5  | -7.0  |  -5.1   |  -3.9   |
| 综合行业 | 600784 | 鲁银投资 | 49.2  |  21.1  | -8.1  |  -12.0  |  -6.1   |
| 综合行业 | 002591 | 恒大高新 | 24.1  | -220.5 | -10.0 |  -27.1  |  -28.2  |
+----------+--------+----------+-------+--------+-------+---------+---------+
