[行业>市值]
+----------+--------+----------+-------+--------+------+---------+---------+
|   行业   |  代码  |   名称   | 市值  |   pe   | 涨幅 | 3日涨幅 | 6日涨幅 |
+----------+--------+----------+-------+--------+------+---------+---------+
| 铁路公路 | 001965 | 招商公路 | 438.0 |  10.0  | -1.2 |  -3.8   |  -5.2   |
| 铁路公路 | 600377 | 宁沪高速 | 403.5 |  12.7  | -0.7 |  -1.4   |  -0.6   |
| 铁路公路 | 600350 | 山东高速 | 250.0 |  8.7   | -0.8 |  -1.7   |  -1.3   |
| 铁路公路 | 600548 |  深高速  | 185.4 |  11.2  | -0.7 |  -2.4   |  -3.6   |
| 铁路公路 | 000429 | 粤高速Ａ  | 152.6 |  8.8   | -1.4 |  -0.8   |  -0.7   |
| 铁路公路 | 603032 | 德新交运 | 138.6 |  78.9  | -0.8 |  -4.6   |   3.5   |
| 铁路公路 | 600662 | 外服控股 | 135.2 |  19.5  | -5.6 |  -7.2   |  -5.4   |
| 铁路公路 | 601107 | 四川成渝 | 119.0 |  11.8  | -3.0 |  -3.7   |  -3.5   |
| 铁路公路 | 000755 | 山西路桥 | 111.2 |  28.9  | -9.6 |  -10.5  |  -13.2  |
| 铁路公路 | 600012 | 皖通高速 | 110.8 |  6.8   | -2.0 |  -3.8   |  -4.8   |
| 铁路公路 | 000828 | 东莞控股 | 99.1  |  14.6  | -5.2 |  -6.7   |  -5.6   |
| 铁路公路 | 603069 | 海汽集团 | 83.6  | -128.2 | -0.4 |  -2.0   |  -20.2  |
| 铁路公路 | 600269 | 赣粤高速 | 78.9  |  5.9   | -2.9 |  -3.1   |  -5.6   |
| 铁路公路 | 600033 | 福建高速 | 77.9  |  8.7   | -2.4 |  -3.1   |  -3.4   |
| 铁路公路 | 600620 | 天宸股份 | 74.8  | -77.1  | -2.8 |  -3.6   |  -4.9   |
| 铁路公路 | 600611 | 大众交通 | 72.6  |  -7.0  | -2.5 |  -3.1   |  -2.2   |
| 铁路公路 | 600020 | 中原高速 | 67.2  |  11.9  | -2.6 |  -3.9   |  -4.8   |
| 铁路公路 | 000900 | 现代投资 | 64.5  |  10.0  | -4.5 |  -7.6   |  -11.3  |
| 铁路公路 | 000885 | 城发环境 | 63.4  |  7.1   | -5.9 |  -8.5   |  -13.0  |
| 铁路公路 | 600106 | 重庆路桥 | 58.9  |  97.5  | -2.4 |  -0.7   |   4.2   |
| 铁路公路 | 600650 | 锦江在线 | 56.8  |  2.5   | -7.5 |  -9.8   |  -8.4   |
| 铁路公路 | 600035 | 楚天高速 | 54.4  |  5.5   | -4.2 |  -8.4   |  -11.1  |
| 铁路公路 | 600368 | 五洲交通 | 42.5  |  5.9   | -4.1 |  -6.4   |  -8.2   |
| 铁路公路 | 600834 | 申通地铁 | 40.6  |  55.9  | -5.2 |  -13.9  |  -14.6  |
| 铁路公路 | 601188 | 龙江交通 | 38.3  |  16.2  | -2.0 |  -3.6   |  -4.0   |
| 铁路公路 | 601518 | 吉林高速 | 36.9  |  10.9  | -3.9 |  -5.5   |  -6.2   |
| 铁路公路 | 002627 | 三峡旅游 | 36.4  |  63.9  | -3.7 |  -5.9   |  -7.7   |
| 铁路公路 | 000548 | 湖南投资 | 22.4  |  68.0  | -5.9 |  -8.8   |  -10.6  |
| 铁路公路 | 002357 | 富临运业 | 17.6  |  9.6   | -5.2 |  -7.4   |  -5.6   |
| 铁路公路 | 600561 | 江西长运 | 15.0  | -23.4  | -7.0 |  -8.0   |  -4.2   |
+----------+--------+----------+-------+--------+------+---------+---------+
 




 [行业>单日涨幅]
+----------+--------+----------+-------+--------+------+---------+---------+
|   行业   |  代码  |   名称   | 市值  |   pe   | 涨幅 | 3日涨幅 | 6日涨幅 |
+----------+--------+----------+-------+--------+------+---------+---------+
| 铁路公路 | 603069 | 海汽集团 | 83.6  | -128.2 | -0.4 |  -2.0   |  -20.2  |
| 铁路公路 | 600548 |  深高速  | 185.4 |  11.2  | -0.7 |  -2.4   |  -3.6   |
| 铁路公路 | 600377 | 宁沪高速 | 403.5 |  12.7  | -0.7 |  -1.4   |  -0.6   |
| 铁路公路 | 600350 | 山东高速 | 250.0 |  8.7   | -0.8 |  -1.7   |  -1.3   |
| 铁路公路 | 603032 | 德新交运 | 138.6 |  78.9  | -0.8 |  -4.6   |   3.5   |
| 铁路公路 | 001965 | 招商公路 | 438.0 |  10.0  | -1.2 |  -3.8   |  -5.2   |
| 铁路公路 | 000429 | 粤高速Ａ  | 152.6 |  8.8   | -1.4 |  -0.8   |  -0.7   |
| 铁路公路 | 601188 | 龙江交通 | 38.3  |  16.2  | -2.0 |  -3.6   |  -4.0   |
| 铁路公路 | 600012 | 皖通高速 | 110.8 |  6.8   | -2.0 |  -3.8   |  -4.8   |
| 铁路公路 | 600033 | 福建高速 | 77.9  |  8.7   | -2.4 |  -3.1   |  -3.4   |
| 铁路公路 | 600106 | 重庆路桥 | 58.9  |  97.5  | -2.4 |  -0.7   |   4.2   |
| 铁路公路 | 600611 | 大众交通 | 72.6  |  -7.0  | -2.5 |  -3.1   |  -2.2   |
| 铁路公路 | 600020 | 中原高速 | 67.2  |  11.9  | -2.6 |  -3.9   |  -4.8   |
| 铁路公路 | 600620 | 天宸股份 | 74.8  | -77.1  | -2.8 |  -3.6   |  -4.9   |
| 铁路公路 | 600269 | 赣粤高速 | 78.9  |  5.9   | -2.9 |  -3.1   |  -5.6   |
| 铁路公路 | 601107 | 四川成渝 | 119.0 |  11.8  | -3.0 |  -3.7   |  -3.5   |
| 铁路公路 | 002627 | 三峡旅游 | 36.4  |  63.9  | -3.7 |  -5.9   |  -7.7   |
| 铁路公路 | 601518 | 吉林高速 | 36.9  |  10.9  | -3.9 |  -5.5   |  -6.2   |
| 铁路公路 | 600368 | 五洲交通 | 42.5  |  5.9   | -4.1 |  -6.4   |  -8.2   |
| 铁路公路 | 600035 | 楚天高速 | 54.4  |  5.5   | -4.2 |  -8.4   |  -11.1  |
| 铁路公路 | 000900 | 现代投资 | 64.5  |  10.0  | -4.5 |  -7.6   |  -11.3  |
| 铁路公路 | 000828 | 东莞控股 | 99.1  |  14.6  | -5.2 |  -6.7   |  -5.6   |
| 铁路公路 | 600834 | 申通地铁 | 40.6  |  55.9  | -5.2 |  -13.9  |  -14.6  |
| 铁路公路 | 002357 | 富临运业 | 17.6  |  9.6   | -5.2 |  -7.4   |  -5.6   |
| 铁路公路 | 600662 | 外服控股 | 135.2 |  19.5  | -5.6 |  -7.2   |  -5.4   |
| 铁路公路 | 000548 | 湖南投资 | 22.4  |  68.0  | -5.9 |  -8.8   |  -10.6  |
| 铁路公路 | 000885 | 城发环境 | 63.4  |  7.1   | -5.9 |  -8.5   |  -13.0  |
| 铁路公路 | 600561 | 江西长运 | 15.0  | -23.4  | -7.0 |  -8.0   |  -4.2   |
| 铁路公路 | 600650 | 锦江在线 | 56.8  |  2.5   | -7.5 |  -9.8   |  -8.4   |
| 铁路公路 | 000755 | 山西路桥 | 111.2 |  28.9  | -9.6 |  -10.5  |  -13.2  |
+----------+--------+----------+-------+--------+------+---------+---------+
