[行业>市值]
+----------+--------+----------+-------+-------+------+---------+---------+
|   行业   |  代码  |   名称   | 市值  |  pe   | 涨幅 | 3日涨幅 | 6日涨幅 |
+----------+--------+----------+-------+-------+------+---------+---------+
| 专业服务 | 300012 | 华测检测 | 376.4 | 78.5  | -1.3 |  -2.4   |   1.6   |
| 专业服务 | 003035 | 南网能源 | 236.0 | 65.9  | -1.7 |  -2.7   |  -0.8   |
| 专业服务 | 301080 | 百普赛斯 | 118.4 | 55.3  | -1.2 |  -1.7   |   6.1   |
| 专业服务 | 688133 | 泰坦科技 | 112.8 | 145.1 | -5.2 |  -8.1   |  -0.6   |
| 专业服务 | 300887 | 谱尼测试 | 106.0 | 480.7 | -2.2 |  -3.4   |  -0.5   |
| 专业服务 | 002967 | 广电计量 | 98.7  | -31.0 | -3.1 |  -5.8   |  -0.8   |
| 专业服务 | 300416 | 苏试试验 | 85.7  | 74.2  | -1.4 |  -1.1   |  -1.0   |
| 专业服务 | 603060 | DR国检集 | 85.3  | -76.0 | 1.9  |   0.6   |  -0.6   |
| 专业服务 | 688179 |  阿拉丁  | 71.0  | 57.2  | -3.1 |  -4.2   |   8.4   |
| 专业服务 | 603698 | XD航天工 | 68.5  | 93.6  | -1.8 |  -4.0   |  -1.7   |
| 专业服务 | 301166 |  优宁维  | 51.8  | 59.6  | -5.6 |  -8.3   |  -11.7  |
| 专业服务 | 300384 | 三联虹普 | 50.2  | 21.2  | -6.1 |  -9.3   |  -5.9   |
| 专业服务 | 300215 |  电科院  | 47.6  | 81.6  | -3.5 |  -6.3   |  -3.4   |
| 专业服务 | 002564 | 天沃科技 | 40.8  | 544.9 | -8.0 |   2.6   |  -2.1   |
| 专业服务 | 002878 | 元隆雅图 | 38.9  | 10.5  | -3.1 |  -5.1   |  -3.8   |
| 专业服务 | 300962 | 中金辐照 | 38.2  | 33.5  | -2.8 |  -4.9   |  -3.7   |
| 专业服务 | 300797 | 钢研纳克 | 32.7  | 55.0  | -2.7 |  -5.4   |  -2.2   |
| 专业服务 | 300572 | 安车检测 | 31.6  | 52.1  | -3.2 |  -5.7   |   1.7   |
| 专业服务 | 603776 | XD永安行 | 29.8  | 60.1  | -1.9 |  -2.1   |   0.9   |
| 专业服务 | 301257 |  普蕊斯  | 29.7  | 76.2  | -5.7 |  -11.2  |  -7.4   |
| 专业服务 | 300938 | 信测标准 | 28.4  | 31.7  | -5.5 |  -8.8   |  -8.5   |
| 专业服务 | 301169 | 零点有数 | 26.1  | -54.2 | -4.1 |  -6.7   |  -4.5   |
| 专业服务 | 301228 | 实朴检测 | 25.2  | -43.6 | -3.0 |  -6.4   |  -3.5   |
| 专业服务 | 603183 |  建研院  | 24.4  | -60.0 | -2.4 |  -5.0   |  -4.2   |
| 专业服务 | 003008 | 开普检测 | 18.7  | 34.6  | -2.0 |  -3.8   |   0.6   |
+----------+--------+----------+-------+-------+------+---------+---------+
 




 [行业>单日涨幅]
+----------+--------+----------+-------+-------+------+---------+---------+
|   行业   |  代码  |   名称   | 市值  |  pe   | 涨幅 | 3日涨幅 | 6日涨幅 |
+----------+--------+----------+-------+-------+------+---------+---------+
| 专业服务 | 603060 | DR国检集 | 85.3  | -76.0 | 1.9  |   0.6   |  -0.6   |
| 专业服务 | 301080 | 百普赛斯 | 118.4 | 55.3  | -1.2 |  -1.7   |   6.1   |
| 专业服务 | 300012 | 华测检测 | 376.4 | 78.5  | -1.3 |  -2.4   |   1.6   |
| 专业服务 | 300416 | 苏试试验 | 85.7  | 74.2  | -1.4 |  -1.1   |  -1.0   |
| 专业服务 | 003035 | 南网能源 | 236.0 | 65.9  | -1.7 |  -2.7   |  -0.8   |
| 专业服务 | 603698 | XD航天工 | 68.5  | 93.6  | -1.8 |  -4.0   |  -1.7   |
| 专业服务 | 603776 | XD永安行 | 29.8  | 60.1  | -1.9 |  -2.1   |   0.9   |
| 专业服务 | 003008 | 开普检测 | 18.7  | 34.6  | -2.0 |  -3.8   |   0.6   |
| 专业服务 | 300887 | 谱尼测试 | 106.0 | 480.7 | -2.2 |  -3.4   |  -0.5   |
| 专业服务 | 603183 |  建研院  | 24.4  | -60.0 | -2.4 |  -5.0   |  -4.2   |
| 专业服务 | 300797 | 钢研纳克 | 32.7  | 55.0  | -2.7 |  -5.4   |  -2.2   |
| 专业服务 | 300962 | 中金辐照 | 38.2  | 33.5  | -2.8 |  -4.9   |  -3.7   |
| 专业服务 | 301228 | 实朴检测 | 25.2  | -43.6 | -3.0 |  -6.4   |  -3.5   |
| 专业服务 | 002967 | 广电计量 | 98.7  | -31.0 | -3.1 |  -5.8   |  -0.8   |
| 专业服务 | 688179 |  阿拉丁  | 71.0  | 57.2  | -3.1 |  -4.2   |   8.4   |
| 专业服务 | 002878 | 元隆雅图 | 38.9  | 10.5  | -3.1 |  -5.1   |  -3.8   |
| 专业服务 | 300572 | 安车检测 | 31.6  | 52.1  | -3.2 |  -5.7   |   1.7   |
| 专业服务 | 300215 |  电科院  | 47.6  | 81.6  | -3.5 |  -6.3   |  -3.4   |
| 专业服务 | 301169 | 零点有数 | 26.1  | -54.2 | -4.1 |  -6.7   |  -4.5   |
| 专业服务 | 688133 | 泰坦科技 | 112.8 | 145.1 | -5.2 |  -8.1   |  -0.6   |
| 专业服务 | 300938 | 信测标准 | 28.4  | 31.7  | -5.5 |  -8.8   |  -8.5   |
| 专业服务 | 301166 |  优宁维  | 51.8  | 59.6  | -5.6 |  -8.3   |  -11.7  |
| 专业服务 | 301257 |  普蕊斯  | 29.7  | 76.2  | -5.7 |  -11.2  |  -7.4   |
| 专业服务 | 300384 | 三联虹普 | 50.2  | 21.2  | -6.1 |  -9.3   |  -5.9   |
| 专业服务 | 002564 | 天沃科技 | 40.8  | 544.9 | -8.0 |   2.6   |  -2.1   |
+----------+--------+----------+-------+-------+------+---------+---------+
