[行业>市值]
+------+--------+----------+--------+------+------+---------+---------+
| 行业 |  代码  |   名称   |  市值  |  pe  | 涨幅 | 3日涨幅 | 6日涨幅 |
+------+--------+----------+--------+------+------+---------+---------+
| 保险 | 601318 | 中国平安 | 8157.0 | 9.9  | 0.1  |   0.8   |   0.9   |
| 保险 | 601628 | 中国人寿 | 7188.0 | 11.8 | 1.0  |   1.5   |   2.3   |
| 保险 | 601319 | 中国人保 | 2109.0 | 6.0  | 2.4  |   2.8   |   1.9   |
| 保险 | 601601 | 中国太保 | 2074.0 | 9.5  | 0.0  |   1.5   |   1.5   |
| 保险 | 601336 | 新华保险 | 898.4  | 16.7 | -0.5 |   1.4   |   2.1   |
| 保险 | 000627 | 天茂集团 | 145.3  | 24.6 | -1.0 |  -0.7   |   0.5   |
+------+--------+----------+--------+------+------+---------+---------+
 




 [行业>单日涨幅]
+------+--------+----------+--------+------+------+---------+---------+
| 行业 |  代码  |   名称   |  市值  |  pe  | 涨幅 | 3日涨幅 | 6日涨幅 |
+------+--------+----------+--------+------+------+---------+---------+
| 保险 | 601319 | 中国人保 | 2109.0 | 6.0  | 2.4  |   2.8   |   1.9   |
| 保险 | 601628 | 中国人寿 | 7188.0 | 11.8 | 1.0  |   1.5   |   2.3   |
| 保险 | 601318 | 中国平安 | 8157.0 | 9.9  | 0.1  |   0.8   |   0.9   |
| 保险 | 601601 | 中国太保 | 2074.0 | 9.5  | 0.0  |   1.5   |   1.5   |
| 保险 | 601336 | 新华保险 | 898.4  | 16.7 | -0.5 |   1.4   |   2.1   |
| 保险 | 000627 | 天茂集团 | 145.3  | 24.6 | -1.0 |  -0.7   |   0.5   |
+------+--------+----------+--------+------+------+---------+---------+
