[行业>市值]
+----------+--------+----------+-------+--------+------+---------+---------+
|   行业   |  代码  |   名称   | 市值  |   pe   | 涨幅 | 3日涨幅 | 6日涨幅 |
+----------+--------+----------+-------+--------+------+---------+---------+
| 包装材料 | 002191 | 劲嘉股份 | 139.6 |  11.5  | -1.6 |   1.0   |   6.2   |
| 包装材料 | 002701 |  奥瑞金  | 126.6 |  15.3  | -1.0 |  -1.2   |   0.0   |
| 包装材料 | 600210 | 紫江企业 | 93.1  |  19.2  | -3.5 |   1.3   |  11.6   |
| 包装材料 | 601515 | 东风股份 | 81.5  |  16.8  | -2.2 |  -1.3   |   0.9   |
| 包装材料 | 601968 | 宝钢包装 | 75.2  |  29.3  | -4.0 |  -7.4   |  -7.0   |
| 包装材料 | 002735 | 王子新材 | 50.8  |  31.2  | -2.3 |  -0.1   |  -0.2   |
| 包装材料 | 002303 |  美盈森  | 50.4  |  30.6  | -1.8 |  -3.0   |  -0.3   |
| 包装材料 | 002565 | 顺灏股份 | 49.1  | -424.5 | -3.3 |   6.2   |  10.2   |
| 包装材料 | 600836 | 上海易连 | 45.8  | 525.3  | -1.4 |  -3.3   |   1.5   |
| 包装材料 | 301062 | 上海艾录 | 44.8  |  35.3  | -3.4 |  -5.5   |  -2.4   |
| 包装材料 | 002752 | 昇兴股份 | 43.3  |  23.0  | -1.3 |  -2.6   |   0.5   |
| 包装材料 | 002228 | 合兴包装 | 41.9  |  20.0  | -1.5 |  -2.3   |  -0.3   |
| 包装材料 | 000659 | 珠海中富 | 41.7  | -53.5  | -3.6 |  -5.3   |  -5.3   |
| 包装材料 | 000812 | 陕西金叶 | 41.3  | 158.7  | -5.0 |  -2.5   |  -7.9   |
| 包装材料 | 002014 | 永新股份 | 40.5  |  15.5  | 0.6  |  -1.2   |   0.3   |
| 包装材料 | 002969 | 嘉美包装 | 38.7  | 164.9  | -2.4 |  -3.4   |  -1.2   |
| 包装材料 | 603687 |  大胜达  | 36.8  |  37.6  | 3.2  |   2.0   |   0.5   |
| 包装材料 | 002951 | 金时科技 | 32.2  | 840.4  | -2.6 |  -5.2   |  -5.8   |
| 包装材料 | 002799 | 环球印务 | 28.3  |  25.8  | 3.4  |   5.3   |   3.6   |
| 包装材料 | 300501 | 海顺新材 | 26.4  |  25.9  | -4.2 |  -6.5   |  -3.9   |
| 包装材料 | 002599 | 盛通股份 | 23.6  | -23.8  | -3.1 |  -4.0   |  -5.2   |
| 包装材料 | 002846 | 英联股份 | 19.1  | -89.9  | -1.5 |  -5.2   |  -2.6   |
| 包装材料 | 002787 | 华源控股 | 17.2  | 134.3  | -2.3 |  -2.9   |  -0.7   |
| 包装材料 | 603022 |  新通联  | 17.2  |  53.7  | -2.8 |  -4.5   |  -4.5   |
| 包装材料 | 003003 | 天元股份 | 15.6  | 1337.3 | -2.2 |  -4.2   |  -2.5   |
+----------+--------+----------+-------+--------+------+---------+---------+
 




 [行业>单日涨幅]
+----------+--------+----------+-------+--------+------+---------+---------+
|   行业   |  代码  |   名称   | 市值  |   pe   | 涨幅 | 3日涨幅 | 6日涨幅 |
+----------+--------+----------+-------+--------+------+---------+---------+
| 包装材料 | 002799 | 环球印务 | 28.3  |  25.8  | 3.4  |   5.3   |   3.6   |
| 包装材料 | 603687 |  大胜达  | 36.8  |  37.6  | 3.2  |   2.0   |   0.5   |
| 包装材料 | 002014 | 永新股份 | 40.5  |  15.5  | 0.6  |  -1.2   |   0.3   |
| 包装材料 | 002701 |  奥瑞金  | 126.6 |  15.3  | -1.0 |  -1.2   |   0.0   |
| 包装材料 | 002752 | 昇兴股份 | 43.3  |  23.0  | -1.3 |  -2.6   |   0.5   |
| 包装材料 | 600836 | 上海易连 | 45.8  | 525.3  | -1.4 |  -3.3   |   1.5   |
| 包装材料 | 002228 | 合兴包装 | 41.9  |  20.0  | -1.5 |  -2.3   |  -0.3   |
| 包装材料 | 002846 | 英联股份 | 19.1  | -89.9  | -1.5 |  -5.2   |  -2.6   |
| 包装材料 | 002191 | 劲嘉股份 | 139.6 |  11.5  | -1.6 |   1.0   |   6.2   |
| 包装材料 | 002303 |  美盈森  | 50.4  |  30.6  | -1.8 |  -3.0   |  -0.3   |
| 包装材料 | 601515 | 东风股份 | 81.5  |  16.8  | -2.2 |  -1.3   |   0.9   |
| 包装材料 | 003003 | 天元股份 | 15.6  | 1337.3 | -2.2 |  -4.2   |  -2.5   |
| 包装材料 | 002735 | 王子新材 | 50.8  |  31.2  | -2.3 |  -0.1   |  -0.2   |
| 包装材料 | 002787 | 华源控股 | 17.2  | 134.3  | -2.3 |  -2.9   |  -0.7   |
| 包装材料 | 002969 | 嘉美包装 | 38.7  | 164.9  | -2.4 |  -3.4   |  -1.2   |
| 包装材料 | 002951 | 金时科技 | 32.2  | 840.4  | -2.6 |  -5.2   |  -5.8   |
| 包装材料 | 603022 |  新通联  | 17.2  |  53.7  | -2.8 |  -4.5   |  -4.5   |
| 包装材料 | 002599 | 盛通股份 | 23.6  | -23.8  | -3.1 |  -4.0   |  -5.2   |
| 包装材料 | 002565 | 顺灏股份 | 49.1  | -424.5 | -3.3 |   6.2   |  10.2   |
| 包装材料 | 301062 | 上海艾录 | 44.8  |  35.3  | -3.4 |  -5.5   |  -2.4   |
| 包装材料 | 600210 | 紫江企业 | 93.1  |  19.2  | -3.5 |   1.3   |  11.6   |
| 包装材料 | 000659 | 珠海中富 | 41.7  | -53.5  | -3.6 |  -5.3   |  -5.3   |
| 包装材料 | 601968 | 宝钢包装 | 75.2  |  29.3  | -4.0 |  -7.4   |  -7.0   |
| 包装材料 | 300501 | 海顺新材 | 26.4  |  25.9  | -4.2 |  -6.5   |  -3.9   |
| 包装材料 | 000812 | 陕西金叶 | 41.3  | 158.7  | -5.0 |  -2.5   |  -7.9   |
+----------+--------+----------+-------+--------+------+---------+---------+
