[行业>市值]
+----------+--------+----------+-------+--------+------+---------+---------+
|   行业   |  代码  |   名称   | 市值  |   pe   | 涨幅 | 3日涨幅 | 6日涨幅 |
+----------+--------+----------+-------+--------+------+---------+---------+
| 家用轻工 | 603899 | 晨光股份 | 463.5 |  42.0  | -2.3 |  -0.2   |  -3.4   |
| 家用轻工 | 605099 | 共创草坪 | 101.8 |  29.9  | -2.5 |  -4.7   |  -3.3   |
| 家用轻工 | 002489 | 浙江永强 | 85.1  |  15.5  | -2.7 |  -5.6   |   3.2   |
| 家用轻工 | 603398 | 沐邦高科 | 82.4  | -226.2 | -3.8 |  -10.2  |  -8.8   |
| 家用轻工 | 002678 | 珠江钢琴 | 78.8  |  37.1  | -1.7 |  -3.0   |  -2.0   |
| 家用轻工 | 301101 | 明月镜片 | 65.0  |  73.5  | -9.9 |   0.4   |  -1.7   |
| 家用轻工 | 002605 | 姚记科技 | 62.8  |  17.1  | -1.9 |  -3.5   |  -0.3   |
| 家用轻工 | 603848 |  好太太  | 53.1  |  29.3  | -0.5 |  -1.3   |   2.5   |
| 家用轻工 | 002301 | 齐心集团 | 42.9  |  19.6  | -2.8 |  -5.2   |  -3.6   |
| 家用轻工 | 605299 | 舒华体育 | 42.1  |  79.2  | -2.6 |  -4.5   |   0.5   |
| 家用轻工 | 300729 | 乐歌股份 | 35.8  |  49.6  | -3.0 |  -6.8   |  -5.5   |
| 家用轻工 | 300651 | 金陵体育 | 35.4  | 346.1  | -2.8 |  -4.7   |  -29.3  |
| 家用轻工 | 002575 | 群兴玩具 | 32.7  | 472.2  | -1.9 |   4.3   |  16.0   |
| 家用轻工 | 600439 |  瑞贝卡  | 30.2  |  59.1  | -0.7 |  -2.9   |  -2.9   |
| 家用轻工 | 002571 | 德力股份 | 25.1  | 242.7  | -5.6 |   6.0   |   8.7   |
| 家用轻工 | 002103 | 广博股份 | 23.4  | -39.2  | -1.1 |  -0.7   |  -1.4   |
| 家用轻工 | 002615 |  哈尔斯  | 22.5  |  18.3  | -1.6 |  -0.7   |   0.0   |
| 家用轻工 | 301004 | 嘉益股份 | 21.3  |  16.1  | -1.9 |  -7.3   |   3.9   |
| 家用轻工 | 002348 | 高乐股份 | 18.4  |  -9.2  | -3.5 |  -4.9   |  -6.3   |
| 家用轻工 | 300329 | 海伦钢琴 | 16.5  |  65.5  | -4.0 |  -6.3   |  -4.8   |
| 家用轻工 | 300703 | 创源股份 | 16.2  | 100.5  | -0.2 |  -2.0   |   2.8   |
| 家用轻工 | 300640 | 德艺文创 | 15.6  |  47.3  | -2.7 |  -4.5   |  -2.1   |
| 家用轻工 | 002899 |  英派斯  | 14.1  | 264.7  | -0.7 |  -1.8   |  -0.3   |
| 家用轻工 | 002862 | 实丰文化 | 12.9  | 167.9  | -2.0 |  -3.8   |  -1.2   |
| 家用轻工 | 001323 | 慕思股份 |  0.0  |  0.0   | 0.0  |   0.0   |   0.0   |
+----------+--------+----------+-------+--------+------+---------+---------+
 




 [行业>单日涨幅]
+----------+--------+----------+-------+--------+------+---------+---------+
|   行业   |  代码  |   名称   | 市值  |   pe   | 涨幅 | 3日涨幅 | 6日涨幅 |
+----------+--------+----------+-------+--------+------+---------+---------+
| 家用轻工 | 001323 | 慕思股份 |  0.0  |  0.0   | 0.0  |   0.0   |   0.0   |
| 家用轻工 | 300703 | 创源股份 | 16.2  | 100.5  | -0.2 |  -2.0   |   2.8   |
| 家用轻工 | 603848 |  好太太  | 53.1  |  29.3  | -0.5 |  -1.3   |   2.5   |
| 家用轻工 | 002899 |  英派斯  | 14.1  | 264.7  | -0.7 |  -1.8   |  -0.3   |
| 家用轻工 | 600439 |  瑞贝卡  | 30.2  |  59.1  | -0.7 |  -2.9   |  -2.9   |
| 家用轻工 | 002103 | 广博股份 | 23.4  | -39.2  | -1.1 |  -0.7   |  -1.4   |
| 家用轻工 | 002615 |  哈尔斯  | 22.5  |  18.3  | -1.6 |  -0.7   |   0.0   |
| 家用轻工 | 002678 | 珠江钢琴 | 78.8  |  37.1  | -1.7 |  -3.0   |  -2.0   |
| 家用轻工 | 301004 | 嘉益股份 | 21.3  |  16.1  | -1.9 |  -7.3   |   3.9   |
| 家用轻工 | 002575 | 群兴玩具 | 32.7  | 472.2  | -1.9 |   4.3   |  16.0   |
| 家用轻工 | 002605 | 姚记科技 | 62.8  |  17.1  | -1.9 |  -3.5   |  -0.3   |
| 家用轻工 | 002862 | 实丰文化 | 12.9  | 167.9  | -2.0 |  -3.8   |  -1.2   |
| 家用轻工 | 603899 | 晨光股份 | 463.5 |  42.0  | -2.3 |  -0.2   |  -3.4   |
| 家用轻工 | 605099 | 共创草坪 | 101.8 |  29.9  | -2.5 |  -4.7   |  -3.3   |
| 家用轻工 | 605299 | 舒华体育 | 42.1  |  79.2  | -2.6 |  -4.5   |   0.5   |
| 家用轻工 | 300640 | 德艺文创 | 15.6  |  47.3  | -2.7 |  -4.5   |  -2.1   |
| 家用轻工 | 002489 | 浙江永强 | 85.1  |  15.5  | -2.7 |  -5.6   |   3.2   |
| 家用轻工 | 300651 | 金陵体育 | 35.4  | 346.1  | -2.8 |  -4.7   |  -29.3  |
| 家用轻工 | 002301 | 齐心集团 | 42.9  |  19.6  | -2.8 |  -5.2   |  -3.6   |
| 家用轻工 | 300729 | 乐歌股份 | 35.8  |  49.6  | -3.0 |  -6.8   |  -5.5   |
| 家用轻工 | 002348 | 高乐股份 | 18.4  |  -9.2  | -3.5 |  -4.9   |  -6.3   |
| 家用轻工 | 603398 | 沐邦高科 | 82.4  | -226.2 | -3.8 |  -10.2  |  -8.8   |
| 家用轻工 | 300329 | 海伦钢琴 | 16.5  |  65.5  | -4.0 |  -6.3   |  -4.8   |
| 家用轻工 | 002571 | 德力股份 | 25.1  | 242.7  | -5.6 |   6.0   |   8.7   |
| 家用轻工 | 301101 | 明月镜片 | 65.0  |  73.5  | -9.9 |   0.4   |  -1.7   |
+----------+--------+----------+-------+--------+------+---------+---------+
