[行业>市值]
+----------+--------+----------+-------+--------+------+---------+---------+
|   行业   |  代码  |   名称   | 市值  |   pe   | 涨幅 | 3日涨幅 | 6日涨幅 |
+----------+--------+----------+-------+--------+------+---------+---------+
| 橡胶制品 | 601058 | 赛轮轮胎 | 337.6 |  26.2  | -3.4 |  -5.5   |  -1.8   |
| 橡胶制品 | 601966 | 玲珑轮胎 | 299.5 | -81.5  | -4.2 |  -8.9   |  -5.3   |
| 橡胶制品 | 000887 | 中鼎股份 | 204.6 |  20.4  | -6.9 |  -6.4   |   5.9   |
| 橡胶制品 | 601118 | 海南橡胶 | 204.6 | -180.6 | 1.7  |   1.1   |   1.7   |
| 橡胶制品 | 002984 |  森麒麟  | 191.3 |  20.5  | -1.9 |  -6.5   |  -0.5   |
| 橡胶制品 | 603033 | 三维股份 | 169.6 |  87.1  | 2.6  |   9.0   |   5.9   |
| 橡胶制品 | 603650 | 彤程新材 | 168.3 |  58.4  | -3.8 |  -7.0   |  -1.5   |
| 橡胶制品 | 300767 | 震安科技 | 141.5 | 108.7  | 2.8  |   2.7   |  -3.0   |
| 橡胶制品 | 300587 | 天铁股份 | 101.8 |  22.0  | -0.6 |   0.2   |   7.9   |
| 橡胶制品 | 002068 | 黑猫股份 | 93.5  | -224.2 | -2.0 |  -1.0   |   0.5   |
| 橡胶制品 | 601163 | 三角轮胎 | 91.5  |  39.2  | -2.3 |  -2.8   |  -1.8   |
| 橡胶制品 | 600480 | 凌云股份 | 77.3  |  21.1  | -3.5 |  -6.8   |  -2.7   |
| 橡胶制品 | 605183 | 确成股份 | 76.3  |  22.8  | -1.9 |  -3.8   |   2.5   |
| 橡胶制品 | 300320 | 海达股份 | 66.8  |  41.4  | -4.0 |  -5.6   |   1.7   |
| 橡胶制品 | 000589 | 贵州轮胎 | 48.4  |  21.5  | -2.1 |  -2.8   |  -0.9   |
| 橡胶制品 | 601500 | 通用股份 | 46.5  | 156.8  | -3.1 |  -2.7   |  -0.2   |
| 橡胶制品 | 000599 | 青岛双星 | 43.0  |  -7.3  | -9.9 |   8.9   |  25.5   |
| 橡胶制品 | 300121 | 阳谷华泰 | 38.7  |  8.5   | -1.2 |  -1.5   |   1.2   |
| 橡胶制品 | 600182 | S*ST佳通 | 37.4  | 232.5  | -2.7 |   3.3   |  14.1   |
| 橡胶制品 | 600469 | 风神股份 | 36.1  | -21.9  | -7.1 |  -3.7   |   3.6   |
| 橡胶制品 | 002224 | 三 力 士 | 32.8  | -151.2 | -1.1 |  -2.4   |   0.7   |
| 橡胶制品 | 300547 | 川环科技 | 30.0  |  35.7  | -4.4 |  -7.0   |   0.9   |
| 橡胶制品 | 001207 | 联科科技 | 29.0  |  30.6  | -1.4 |  -2.8   |  -1.2   |
| 橡胶制品 | 002753 | 永东股份 | 28.2  |  66.9  | -1.3 |  -1.7   |   0.6   |
| 橡胶制品 | 002442 | 龙星化工 | 25.7  |  56.2  | -1.5 |  -1.3   |  -0.6   |
| 橡胶制品 | 002381 | 双箭股份 | 25.3  |  19.5  | -0.7 |  -2.1   |  -1.0   |
| 橡胶制品 | 300731 | 科创新源 | 20.4  | -45.7  | -4.3 |  -8.2   |  -2.4   |
+----------+--------+----------+-------+--------+------+---------+---------+
 




 [行业>单日涨幅]
+----------+--------+----------+-------+--------+------+---------+---------+
|   行业   |  代码  |   名称   | 市值  |   pe   | 涨幅 | 3日涨幅 | 6日涨幅 |
+----------+--------+----------+-------+--------+------+---------+---------+
| 橡胶制品 | 300767 | 震安科技 | 141.5 | 108.7  | 2.8  |   2.7   |  -3.0   |
| 橡胶制品 | 603033 | 三维股份 | 169.6 |  87.1  | 2.6  |   9.0   |   5.9   |
| 橡胶制品 | 601118 | 海南橡胶 | 204.6 | -180.6 | 1.7  |   1.1   |   1.7   |
| 橡胶制品 | 300587 | 天铁股份 | 101.8 |  22.0  | -0.6 |   0.2   |   7.9   |
| 橡胶制品 | 002381 | 双箭股份 | 25.3  |  19.5  | -0.7 |  -2.1   |  -1.0   |
| 橡胶制品 | 002224 | 三 力 士 | 32.8  | -151.2 | -1.1 |  -2.4   |   0.7   |
| 橡胶制品 | 300121 | 阳谷华泰 | 38.7  |  8.5   | -1.2 |  -1.5   |   1.2   |
| 橡胶制品 | 002753 | 永东股份 | 28.2  |  66.9  | -1.3 |  -1.7   |   0.6   |
| 橡胶制品 | 001207 | 联科科技 | 29.0  |  30.6  | -1.4 |  -2.8   |  -1.2   |
| 橡胶制品 | 002442 | 龙星化工 | 25.7  |  56.2  | -1.5 |  -1.3   |  -0.6   |
| 橡胶制品 | 605183 | 确成股份 | 76.3  |  22.8  | -1.9 |  -3.8   |   2.5   |
| 橡胶制品 | 002984 |  森麒麟  | 191.3 |  20.5  | -1.9 |  -6.5   |  -0.5   |
| 橡胶制品 | 002068 | 黑猫股份 | 93.5  | -224.2 | -2.0 |  -1.0   |   0.5   |
| 橡胶制品 | 000589 | 贵州轮胎 | 48.4  |  21.5  | -2.1 |  -2.8   |  -0.9   |
| 橡胶制品 | 601163 | 三角轮胎 | 91.5  |  39.2  | -2.3 |  -2.8   |  -1.8   |
| 橡胶制品 | 600182 | S*ST佳通 | 37.4  | 232.5  | -2.7 |   3.3   |  14.1   |
| 橡胶制品 | 601500 | 通用股份 | 46.5  | 156.8  | -3.1 |  -2.7   |  -0.2   |
| 橡胶制品 | 601058 | 赛轮轮胎 | 337.6 |  26.2  | -3.4 |  -5.5   |  -1.8   |
| 橡胶制品 | 600480 | 凌云股份 | 77.3  |  21.1  | -3.5 |  -6.8   |  -2.7   |
| 橡胶制品 | 603650 | 彤程新材 | 168.3 |  58.4  | -3.8 |  -7.0   |  -1.5   |
| 橡胶制品 | 300320 | 海达股份 | 66.8  |  41.4  | -4.0 |  -5.6   |   1.7   |
| 橡胶制品 | 601966 | 玲珑轮胎 | 299.5 | -81.5  | -4.2 |  -8.9   |  -5.3   |
| 橡胶制品 | 300731 | 科创新源 | 20.4  | -45.7  | -4.3 |  -8.2   |  -2.4   |
| 橡胶制品 | 300547 | 川环科技 | 30.0  |  35.7  | -4.4 |  -7.0   |   0.9   |
| 橡胶制品 | 000887 | 中鼎股份 | 204.6 |  20.4  | -6.9 |  -6.4   |   5.9   |
| 橡胶制品 | 600469 | 风神股份 | 36.1  | -21.9  | -7.1 |  -3.7   |   3.6   |
| 橡胶制品 | 000599 | 青岛双星 | 43.0  |  -7.3  | -9.9 |   8.9   |  25.5   |
+----------+--------+----------+-------+--------+------+---------+---------+
