[行业>市值]
+----------+--------+----------+--------+-------+-------+---------+---------+
|   行业   |  代码  |   名称   |  市值  |  pe   | 涨幅  | 3日涨幅 | 6日涨幅 |
+----------+--------+----------+--------+-------+-------+---------+---------+
| 汽车整车 | 002594 |  比亚迪  | 9386.0 | 290.3 | -1.5  |   1.3   |   9.0   |
| 汽车整车 | 601633 | 长城汽车 | 3294.0 | 50.4  | -4.8  |  -2.1   |   7.2   |
| 汽车整车 | 600104 | 上汽集团 | 1999.0 |  9.1  | -1.8  |  -3.1   |  -0.5   |
| 汽车整车 | 601238 | 广汽集团 | 1631.0 | 13.6  | -2.7  |  -1.7   |   4.1   |
| 汽车整车 | 000625 | 长安汽车 | 1152.0 |  6.3  | -3.8  |  -3.6   |   8.2   |
| 汽车整车 | 601127 | 小康股份 | 884.2  | -26.4 | -2.5  |  -6.1   |  23.8   |
| 汽车整车 | 000800 | 一汽解放 | 416.5  | 23.0  | -1.2  |  -2.1   |  -0.1   |
| 汽车整车 | 600733 | 北汽蓝谷 | 331.8  | -8.7  | -6.2  |  -7.4   |   5.6   |
| 汽车整车 | 600418 | 江淮汽车 | 265.4  | -22.9 | -8.9  |   0.7   |   2.9   |
| 汽车整车 | 601777 | 力帆科技 | 229.5  | 112.8 |  0.2  |   6.5   |  12.1   |
| 汽车整车 | 301039 | 中集车辆 | 205.4  | 41.3  | -8.9  |  -10.7  |  -7.2   |
| 汽车整车 | 600006 | 东风汽车 | 181.0  | 38.1  | -10.0 |   0.0   |  33.1   |
| 汽车整车 | 000980 |  ST众泰  | 180.5  | -28.8 | -2.2  |  -1.1   |  -4.6   |
| 汽车整车 | 600066 | 宇通客车 | 174.9  | -37.8 | -4.2  |  -5.5   |  -2.7   |
| 汽车整车 | 600166 | 福田汽车 | 174.2  | 32.2  | -4.7  |  -5.7   |  -1.1   |
| 汽车整车 | 000951 | 中国重汽 | 141.6  | 28.5  | -3.3  |  -4.9   |  -5.4   |
| 汽车整车 | 000550 | 江铃汽车 | 127.8  | 16.5  | -7.2  |  -9.7   |  -10.9  |
| 汽车整车 | 000957 | 中通客车 |  94.9  | -67.2 |  0.0  |   0.0   |   6.5   |
| 汽车整车 | 000572 | 海马汽车 |  94.1  | -38.6 | -6.8  |  -0.7   |   6.3   |
| 汽车整车 | 600686 | 金龙汽车 |  43.7  | 282.1 | -8.4  |  -9.8   |  -7.2   |
| 汽车整车 | 000868 | 安凯客车 |  39.6  | -24.8 | -10.0 |  -15.1  |  13.2   |
| 汽车整车 | 600213 | 亚星客车 |  23.1  | -13.2 | -9.1  |  -14.7  |  -16.9  |
| 汽车整车 | 600303 |  ST曙光  |  22.5  | -17.2 | -2.9  |  -5.9   |  -4.6   |
+----------+--------+----------+--------+-------+-------+---------+---------+
 




 [行业>单日涨幅]
+----------+--------+----------+--------+-------+-------+---------+---------+
|   行业   |  代码  |   名称   |  市值  |  pe   | 涨幅  | 3日涨幅 | 6日涨幅 |
+----------+--------+----------+--------+-------+-------+---------+---------+
| 汽车整车 | 601777 | 力帆科技 | 229.5  | 112.8 |  0.2  |   6.5   |  12.1   |
| 汽车整车 | 000957 | 中通客车 |  94.9  | -67.2 |  0.0  |   0.0   |   6.5   |
| 汽车整车 | 000800 | 一汽解放 | 416.5  | 23.0  | -1.2  |  -2.1   |  -0.1   |
| 汽车整车 | 002594 |  比亚迪  | 9386.0 | 290.3 | -1.5  |   1.3   |   9.0   |
| 汽车整车 | 600104 | 上汽集团 | 1999.0 |  9.1  | -1.8  |  -3.1   |  -0.5   |
| 汽车整车 | 000980 |  ST众泰  | 180.5  | -28.8 | -2.2  |  -1.1   |  -4.6   |
| 汽车整车 | 601127 | 小康股份 | 884.2  | -26.4 | -2.5  |  -6.1   |  23.8   |
| 汽车整车 | 601238 | 广汽集团 | 1631.0 | 13.6  | -2.7  |  -1.7   |   4.1   |
| 汽车整车 | 600303 |  ST曙光  |  22.5  | -17.2 | -2.9  |  -5.9   |  -4.6   |
| 汽车整车 | 000951 | 中国重汽 | 141.6  | 28.5  | -3.3  |  -4.9   |  -5.4   |
| 汽车整车 | 000625 | 长安汽车 | 1152.0 |  6.3  | -3.8  |  -3.6   |   8.2   |
| 汽车整车 | 600066 | 宇通客车 | 174.9  | -37.8 | -4.2  |  -5.5   |  -2.7   |
| 汽车整车 | 600166 | 福田汽车 | 174.2  | 32.2  | -4.7  |  -5.7   |  -1.1   |
| 汽车整车 | 601633 | 长城汽车 | 3294.0 | 50.4  | -4.8  |  -2.1   |   7.2   |
| 汽车整车 | 600733 | 北汽蓝谷 | 331.8  | -8.7  | -6.2  |  -7.4   |   5.6   |
| 汽车整车 | 000572 | 海马汽车 |  94.1  | -38.6 | -6.8  |  -0.7   |   6.3   |
| 汽车整车 | 000550 | 江铃汽车 | 127.8  | 16.5  | -7.2  |  -9.7   |  -10.9  |
| 汽车整车 | 600686 | 金龙汽车 |  43.7  | 282.1 | -8.4  |  -9.8   |  -7.2   |
| 汽车整车 | 301039 | 中集车辆 | 205.4  | 41.3  | -8.9  |  -10.7  |  -7.2   |
| 汽车整车 | 600418 | 江淮汽车 | 265.4  | -22.9 | -8.9  |   0.7   |   2.9   |
| 汽车整车 | 600213 | 亚星客车 |  23.1  | -13.2 | -9.1  |  -14.7  |  -16.9  |
| 汽车整车 | 000868 | 安凯客车 |  39.6  | -24.8 | -10.0 |  -15.1  |  13.2   |
| 汽车整车 | 600006 | 东风汽车 | 181.0  | 38.1  | -10.0 |   0.0   |  33.1   |
+----------+--------+----------+--------+-------+-------+---------+---------+
