[行业>市值]
+------+--------+----------+-------+-------+------+---------+---------+
| 行业 |  代码  |   名称   | 市值  |  pe   | 涨幅 | 3日涨幅 | 6日涨幅 |
+------+--------+----------+-------+-------+------+---------+---------+
| 电机 | 002176 | 江特电机 | 404.4 | 15.2  | 0.3  |   3.1   |   8.8   |
| 电机 | 603489 | 八方股份 | 237.5 | 33.1  | -0.7 |   2.9   |   4.8   |
| 电机 | 600580 | 卧龙电驱 | 159.7 | 20.2  | -3.6 |  -7.7   |  -2.0   |
| 电机 | 002249 | 大洋电机 | 133.4 | 22.7  | -1.6 |  -4.4   |   0.9   |
| 电机 | 003021 | 兆威机电 | 64.8  | 71.4  | -4.2 |  -10.3  |   7.8   |
| 电机 | 603728 | 鸣志电器 | 61.5  | 39.3  | -4.5 |  -6.9   |   2.2   |
| 电机 | 002801 | 微光股份 | 60.3  | 19.5  | -3.6 |  -2.2   |   5.7   |
| 电机 | 000922 | 佳电股份 | 50.5  | 16.8  | -3.9 |  -6.4   |  -6.8   |
| 电机 | 300660 | 江苏雷利 | 49.3  | 17.8  | -3.4 |  -7.0   |   2.7   |
| 电机 | 002196 | 方正电机 | 42.9  | 179.8 | -3.8 |  -6.7   |   1.6   |
| 电机 | 002892 |  科力尔  | 36.1  | 56.6  | -2.8 |  -3.1   |   3.6   |
| 电机 | 603819 | 神力股份 | 30.7  | 26.8  | 0.0  |   6.2   |   6.2   |
| 电机 | 002823 | 凯中精密 | 26.0  | 32.4  | -2.0 |  -5.1   |  -0.4   |
| 电机 | 603988 | XD中电电 | 23.9  | 44.4  | -3.1 |  -6.8   |  -9.5   |
| 电机 | 301023 | 江南奕帆 | 21.6  | 26.5  | -3.4 |  -6.6   |  -0.4   |
| 电机 | 301226 | 祥明智能 | 21.5  | 35.6  | -3.3 |  -4.2   |   1.9   |
| 电机 | 002576 | 通达动力 | 18.7  | 46.1  | -4.2 |  -8.2   |  -8.2   |
| 电机 | 300907 | 康平科技 | 18.3  | 89.0  | -3.9 |  -9.9   |  -2.1   |
| 电机 | 688395 | 正弦电气 | 16.7  | 29.3  | -3.3 |  -9.9   |   8.5   |
| 电机 | 300626 | 华瑞股份 | 15.5  | 60.3  | -1.6 |  -3.0   |   0.9   |
| 电机 | 603320 | 迪贝电气 | 14.8  | 30.4  | -2.0 |  -4.0   |  -2.6   |
+------+--------+----------+-------+-------+------+---------+---------+
 




 [行业>单日涨幅]
+------+--------+----------+-------+-------+------+---------+---------+
| 行业 |  代码  |   名称   | 市值  |  pe   | 涨幅 | 3日涨幅 | 6日涨幅 |
+------+--------+----------+-------+-------+------+---------+---------+
| 电机 | 002176 | 江特电机 | 404.4 | 15.2  | 0.3  |   3.1   |   8.8   |
| 电机 | 603819 | 神力股份 | 30.7  | 26.8  | 0.0  |   6.2   |   6.2   |
| 电机 | 603489 | 八方股份 | 237.5 | 33.1  | -0.7 |   2.9   |   4.8   |
| 电机 | 002249 | 大洋电机 | 133.4 | 22.7  | -1.6 |  -4.4   |   0.9   |
| 电机 | 300626 | 华瑞股份 | 15.5  | 60.3  | -1.6 |  -3.0   |   0.9   |
| 电机 | 603320 | 迪贝电气 | 14.8  | 30.4  | -2.0 |  -4.0   |  -2.6   |
| 电机 | 002823 | 凯中精密 | 26.0  | 32.4  | -2.0 |  -5.1   |  -0.4   |
| 电机 | 002892 |  科力尔  | 36.1  | 56.6  | -2.8 |  -3.1   |   3.6   |
| 电机 | 603988 | XD中电电 | 23.9  | 44.4  | -3.1 |  -6.8   |  -9.5   |
| 电机 | 301226 | 祥明智能 | 21.5  | 35.6  | -3.3 |  -4.2   |   1.9   |
| 电机 | 688395 | 正弦电气 | 16.7  | 29.3  | -3.3 |  -9.9   |   8.5   |
| 电机 | 300660 | 江苏雷利 | 49.3  | 17.8  | -3.4 |  -7.0   |   2.7   |
| 电机 | 301023 | 江南奕帆 | 21.6  | 26.5  | -3.4 |  -6.6   |  -0.4   |
| 电机 | 002801 | 微光股份 | 60.3  | 19.5  | -3.6 |  -2.2   |   5.7   |
| 电机 | 600580 | 卧龙电驱 | 159.7 | 20.2  | -3.6 |  -7.7   |  -2.0   |
| 电机 | 002196 | 方正电机 | 42.9  | 179.8 | -3.8 |  -6.7   |   1.6   |
| 电机 | 000922 | 佳电股份 | 50.5  | 16.8  | -3.9 |  -6.4   |  -6.8   |
| 电机 | 300907 | 康平科技 | 18.3  | 89.0  | -3.9 |  -9.9   |  -2.1   |
| 电机 | 003021 | 兆威机电 | 64.8  | 71.4  | -4.2 |  -10.3  |   7.8   |
| 电机 | 002576 | 通达动力 | 18.7  | 46.1  | -4.2 |  -8.2   |  -8.2   |
| 电机 | 603728 | 鸣志电器 | 61.5  | 39.3  | -4.5 |  -6.9   |   2.2   |
+------+--------+----------+-------+-------+------+---------+---------+
