[行业>市值]
+----------+--------+----------+-------+--------+------+---------+---------+
|   行业   |  代码  |   名称   | 市值  |   pe   | 涨幅 | 3日涨幅 | 6日涨幅 |
+----------+--------+----------+-------+--------+------+---------+---------+
| 综合行业 | 000009 | 中国宝安 | 353.4 |  53.5  | -0.9 |   0.4   |  16.7   |
| 综合行业 | 000958 | 电投产融 | 250.9 |  20.6  | -2.1 |  -0.4   |  -0.6   |
| 综合行业 | 600673 |  东阳光  | 243.2 |  21.1  | -0.6 |   0.0   |  11.0   |
| 综合行业 | 600770 | 综艺股份 | 98.4  | -16.8  | -5.3 |  -5.8   |  -7.7   |
| 综合行业 | 000158 | 常山北明 | 97.2  | -28.1  | -4.1 |   0.2   |   6.7   |
| 综合行业 | 000839 |  ST国安  | 86.2  | -14.7  | 1.4  |  11.7   |  15.2   |
| 综合行业 | 002758 | 浙农股份 | 74.8  |  13.4  | 4.8  |   5.1   |   3.8   |
| 综合行业 | 000861 | 海印股份 | 72.9  |  17.9  | -2.4 |  -3.0   |  -0.7   |
| 综合行业 | 000833 | 粤桂股份 | 72.2  |  50.8  | 10.0 |  20.4   |  31.0   |
| 综合行业 | 000909 | 数源科技 | 62.1  | 318.8  | -9.2 |   4.0   |  19.7   |
| 综合行业 | 000803 | 北清环能 | 56.4  |  34.9  | 0.6  |   5.2   |  10.7   |
| 综合行业 | 000652 | 泰达股份 | 55.8  | 359.6  | -1.1 |  -1.1   |   0.5   |
| 综合行业 | 600624 | 复旦复华 | 50.5  | 219.4  | -1.1 |   1.8   |   5.9   |
| 综合行业 | 000576 | 甘化科工 | 49.6  |  49.2  | -2.6 |  -1.9   |   5.5   |
| 综合行业 | 600784 | 鲁银投资 | 46.7  |  20.0  | 0.9  |   2.1   |   0.4   |
| 综合行业 | 600805 | 悦达投资 | 43.3  |  12.9  | -1.9 |  -2.1   |   4.1   |
| 综合行业 | 000532 | 华金资本 | 38.5  |  68.7  | -1.4 |  -1.9   |  -3.4   |
| 综合行业 | 600568 |  ST中珠  | 32.1  | -195.3 | -0.6 |   0.0   |  -1.2   |
| 综合行业 | 600113 | 浙江东日 | 29.9  |  16.3  | -1.1 |  -3.2   |  -4.1   |
| 综合行业 | 000409 | 云鼎科技 | 28.6  | 274.2  | -2.4 |  -4.3   |  -2.8   |
| 综合行业 | 600051 | 宁波联合 | 20.6  | -92.6  | -1.9 |  -3.1   |  -3.2   |
| 综合行业 | 000632 | 三木集团 | 19.2  |  76.1  | -1.2 |  -2.1   |  -2.1   |
| 综合行业 | 002591 | 恒大高新 | 16.3  | -149.0 | 9.9  |   9.3   |  10.4   |
| 综合行业 | 600291 | 退市西水 |  9.7  | -68.1  | 0.0  |  -3.3   |   6.0   |
+----------+--------+----------+-------+--------+------+---------+---------+
 




 [行业>单日涨幅]
+----------+--------+----------+-------+--------+------+---------+---------+
|   行业   |  代码  |   名称   | 市值  |   pe   | 涨幅 | 3日涨幅 | 6日涨幅 |
+----------+--------+----------+-------+--------+------+---------+---------+
| 综合行业 | 000833 | 粤桂股份 | 72.2  |  50.8  | 10.0 |  20.4   |  31.0   |
| 综合行业 | 002591 | 恒大高新 | 16.3  | -149.0 | 9.9  |   9.3   |  10.4   |
| 综合行业 | 002758 | 浙农股份 | 74.8  |  13.4  | 4.8  |   5.1   |   3.8   |
| 综合行业 | 000839 |  ST国安  | 86.2  | -14.7  | 1.4  |  11.7   |  15.2   |
| 综合行业 | 600784 | 鲁银投资 | 46.7  |  20.0  | 0.9  |   2.1   |   0.4   |
| 综合行业 | 000803 | 北清环能 | 56.4  |  34.9  | 0.6  |   5.2   |  10.7   |
| 综合行业 | 600291 | 退市西水 |  9.7  | -68.1  | 0.0  |  -3.3   |   6.0   |
| 综合行业 | 600673 |  东阳光  | 243.2 |  21.1  | -0.6 |   0.0   |  11.0   |
| 综合行业 | 600568 |  ST中珠  | 32.1  | -195.3 | -0.6 |   0.0   |  -1.2   |
| 综合行业 | 000009 | 中国宝安 | 353.4 |  53.5  | -0.9 |   0.4   |  16.7   |
| 综合行业 | 000652 | 泰达股份 | 55.8  | 359.6  | -1.1 |  -1.1   |   0.5   |
| 综合行业 | 600624 | 复旦复华 | 50.5  | 219.4  | -1.1 |   1.8   |   5.9   |
| 综合行业 | 600113 | 浙江东日 | 29.9  |  16.3  | -1.1 |  -3.2   |  -4.1   |
| 综合行业 | 000632 | 三木集团 | 19.2  |  76.1  | -1.2 |  -2.1   |  -2.1   |
| 综合行业 | 000532 | 华金资本 | 38.5  |  68.7  | -1.4 |  -1.9   |  -3.4   |
| 综合行业 | 600051 | 宁波联合 | 20.6  | -92.6  | -1.9 |  -3.1   |  -3.2   |
| 综合行业 | 600805 | 悦达投资 | 43.3  |  12.9  | -1.9 |  -2.1   |   4.1   |
| 综合行业 | 000958 | 电投产融 | 250.9 |  20.6  | -2.1 |  -0.4   |  -0.6   |
| 综合行业 | 000861 | 海印股份 | 72.9  |  17.9  | -2.4 |  -3.0   |  -0.7   |
| 综合行业 | 000409 | 云鼎科技 | 28.6  | 274.2  | -2.4 |  -4.3   |  -2.8   |
| 综合行业 | 000576 | 甘化科工 | 49.6  |  49.2  | -2.6 |  -1.9   |   5.5   |
| 综合行业 | 000158 | 常山北明 | 97.2  | -28.1  | -4.1 |   0.2   |   6.7   |
| 综合行业 | 600770 | 综艺股份 | 98.4  | -16.8  | -5.3 |  -5.8   |  -7.7   |
| 综合行业 | 000909 | 数源科技 | 62.1  | 318.8  | -9.2 |   4.0   |  19.7   |
+----------+--------+----------+-------+--------+------+---------+---------+
