[行业>市值]
+------------+--------+----------+--------+-------+------+---------+---------+
|    行业    |  代码  |   名称   |  市值  |  pe   | 涨幅 | 3日涨幅 | 6日涨幅 |
+------------+--------+----------+--------+-------+------+---------+---------+
| 非金属材料 | 603260 | 合盛硅业 | 1086.0 | 13.2  | 5.0  |   1.3   |  10.3   |
| 非金属材料 | 603688 | 石英股份 | 371.9  | 106.4 | 3.4  |  14.2   |  24.2   |
| 非金属材料 | 300861 | 美畅股份 | 346.8  | 30.5  | -1.4 |   2.9   |   7.9   |
| 非金属材料 | 603826 | 坤彩科技 | 301.9  | 282.8 | -0.8 |  -2.1   |  -1.2   |
| 非金属材料 | 600516 | 方大炭素 | 271.0  | 200.9 | -2.1 |  -3.6   |   0.8   |
| 非金属材料 | 688281 | 华秦科技 | 250.9  | 105.8 | -1.2 |  -6.3   |   8.8   |
| 非金属材料 | 300395 |  菲利华  | 187.6  | 51.9  | -1.5 |  -5.1   |   4.3   |
| 非金属材料 | 300035 | 中科电气 | 185.9  | 36.0  | -5.0 |  -9.7   |   2.5   |
| 非金属材料 | 301071 | 力量钻石 | 172.4  | 42.6  | -0.2 |  -3.1   |   1.5   |
| 非金属材料 | 688733 |  壹石通  | 133.7  | 76.7  | -2.6 |  -3.4   |   8.5   |
| 非金属材料 | 300409 | 道氏技术 | 129.5  | 18.9  | -3.3 |  -6.1   |   1.7   |
| 非金属材料 | 603612 | 索通发展 | 122.0  | 19.3  | 4.7  |   5.8   |  18.5   |
| 非金属材料 | 600172 | 黄河旋风 | 116.8  | 101.7 | -1.0 |  -3.7   |   0.9   |
| 非金属材料 | 688119 |  C洛耐   | 106.4  | 68.4  | -9.1 |  -25.4  |  87.0   |
| 非金属材料 | 600783 | 鲁信创投 |  98.8  | 50.3  | 0.5  |   0.3   |  -1.8   |
| 非金属材料 | 600330 | 天通股份 |  96.4  | 22.0  | -3.6 |  -5.0   |  -1.1   |
| 非金属材料 | 002130 | 沃尔核材 |  69.5  | 16.3  | -2.5 |  -4.0   |  -1.6   |
| 非金属材料 | 688300 | 联瑞新材 |  66.6  | 39.0  | -3.2 |  -6.5   |   2.2   |
| 非金属材料 | 688357 | 建龙微纳 |  65.9  | 37.6  | -3.4 |  -6.5   |   1.5   |
| 非金属材料 | 001296 | 长江材料 |  24.8  | 43.2  | -2.9 |  -3.0   |   0.0   |
| 非金属材料 | 300743 | 天地数码 |  15.3  | 51.9  | -0.8 |  -1.1   |   3.1   |
| 非金属材料 | 300064 |  金刚退  |  8.3   | -1.9  | -8.0 |  -8.0   |  -54.0  |
+------------+--------+----------+--------+-------+------+---------+---------+
 




 [行业>单日涨幅]
+------------+--------+----------+--------+-------+------+---------+---------+
|    行业    |  代码  |   名称   |  市值  |  pe   | 涨幅 | 3日涨幅 | 6日涨幅 |
+------------+--------+----------+--------+-------+------+---------+---------+
| 非金属材料 | 603260 | 合盛硅业 | 1086.0 | 13.2  | 5.0  |   1.3   |  10.3   |
| 非金属材料 | 603612 | 索通发展 | 122.0  | 19.3  | 4.7  |   5.8   |  18.5   |
| 非金属材料 | 603688 | 石英股份 | 371.9  | 106.4 | 3.4  |  14.2   |  24.2   |
| 非金属材料 | 600783 | 鲁信创投 |  98.8  | 50.3  | 0.5  |   0.3   |  -1.8   |
| 非金属材料 | 301071 | 力量钻石 | 172.4  | 42.6  | -0.2 |  -3.1   |   1.5   |
| 非金属材料 | 603826 | 坤彩科技 | 301.9  | 282.8 | -0.8 |  -2.1   |  -1.2   |
| 非金属材料 | 300743 | 天地数码 |  15.3  | 51.9  | -0.8 |  -1.1   |   3.1   |
| 非金属材料 | 600172 | 黄河旋风 | 116.8  | 101.7 | -1.0 |  -3.7   |   0.9   |
| 非金属材料 | 688281 | 华秦科技 | 250.9  | 105.8 | -1.2 |  -6.3   |   8.8   |
| 非金属材料 | 300861 | 美畅股份 | 346.8  | 30.5  | -1.4 |   2.9   |   7.9   |
| 非金属材料 | 300395 |  菲利华  | 187.6  | 51.9  | -1.5 |  -5.1   |   4.3   |
| 非金属材料 | 600516 | 方大炭素 | 271.0  | 200.9 | -2.1 |  -3.6   |   0.8   |
| 非金属材料 | 002130 | 沃尔核材 |  69.5  | 16.3  | -2.5 |  -4.0   |  -1.6   |
| 非金属材料 | 688733 |  壹石通  | 133.7  | 76.7  | -2.6 |  -3.4   |   8.5   |
| 非金属材料 | 001296 | 长江材料 |  24.8  | 43.2  | -2.9 |  -3.0   |   0.0   |
| 非金属材料 | 688300 | 联瑞新材 |  66.6  | 39.0  | -3.2 |  -6.5   |   2.2   |
| 非金属材料 | 300409 | 道氏技术 | 129.5  | 18.9  | -3.3 |  -6.1   |   1.7   |
| 非金属材料 | 688357 | 建龙微纳 |  65.9  | 37.6  | -3.4 |  -6.5   |   1.5   |
| 非金属材料 | 600330 | 天通股份 |  96.4  | 22.0  | -3.6 |  -5.0   |  -1.1   |
| 非金属材料 | 300035 | 中科电气 | 185.9  | 36.0  | -5.0 |  -9.7   |   2.5   |
| 非金属材料 | 300064 |  金刚退  |  8.3   | -1.9  | -8.0 |  -8.0   |  -54.0  |
| 非金属材料 | 688119 |  C洛耐   | 106.4  | 68.4  | -9.1 |  -25.4  |  87.0   |
+------------+--------+----------+--------+-------+------+---------+---------+
