[行业>市值]
+------+--------+----------+--------+------+------+---------+---------+
| 行业 |  代码  |   名称   |  市值  |  pe  | 涨幅 | 3日涨幅 | 6日涨幅 |
+------+--------+----------+--------+------+------+---------+---------+
| 保险 | 601628 | 中国人寿 | 8717.0 | 14.4 | 1.1  |  -0.8   |  -1.9   |
| 保险 | 601318 | 中国平安 | 8520.0 | 10.3 | 0.3  |  -0.2   |  -0.4   |
| 保险 | 601601 | 中国太保 | 2248.0 | 10.3 | 0.1  |  -0.7   |  -0.8   |
| 保险 | 601319 | 中国人保 | 2216.0 | 6.3  | -0.4 |  -1.0   |  -2.3   |
| 保险 | 601336 | 新华保险 | 998.6  | 18.6 | 1.2  |  -0.6   |  -0.9   |
| 保险 | 000627 | 天茂集团 | 169.5  | 28.8 | 1.5  |   0.6   |  -4.5   |
+------+--------+----------+--------+------+------+---------+---------+
 




 [行业>单日涨幅]
+------+--------+----------+--------+------+------+---------+---------+
| 行业 |  代码  |   名称   |  市值  |  pe  | 涨幅 | 3日涨幅 | 6日涨幅 |
+------+--------+----------+--------+------+------+---------+---------+
| 保险 | 000627 | 天茂集团 | 169.5  | 28.8 | 1.5  |   0.6   |  -4.5   |
| 保险 | 601336 | 新华保险 | 998.6  | 18.6 | 1.2  |  -0.6   |  -0.9   |
| 保险 | 601628 | 中国人寿 | 8717.0 | 14.4 | 1.1  |  -0.8   |  -1.9   |
| 保险 | 601318 | 中国平安 | 8520.0 | 10.3 | 0.3  |  -0.2   |  -0.4   |
| 保险 | 601601 | 中国太保 | 2248.0 | 10.3 | 0.1  |  -0.7   |  -0.8   |
| 保险 | 601319 | 中国人保 | 2216.0 | 6.3  | -0.4 |  -1.0   |  -2.3   |
+------+--------+----------+--------+------+------+---------+---------+
