[行业>市值]
+----------+--------+----------+-------+--------+------+---------+---------+
|   行业   |  代码  |   名称   | 市值  |   pe   | 涨幅 | 3日涨幅 | 6日涨幅 |
+----------+--------+----------+-------+--------+------+---------+---------+
| 包装材料 | 002191 | 劲嘉股份 | 143.4 |  11.8  | -1.8 |  -9.1   |  -7.0   |
| 包装材料 | 002701 |  奥瑞金  | 132.5 |  16.1  | -0.8 |  -1.0   |  -2.5   |
| 包装材料 | 600210 | 紫江企业 | 97.8  |  20.1  | -1.8 |   0.9   |  -6.0   |
| 包装材料 | 601968 | 宝钢包装 | 87.1  |  34.0  | -0.3 |  -1.0   |   3.0   |
| 包装材料 | 601515 | 东风股份 | 86.2  |  17.8  | 0.7  |   1.5   |  -2.5   |
| 包装材料 | 002303 |  美盈森  | 51.8  |  31.4  | -0.9 |  -2.0   |  -2.3   |
| 包装材料 | 002565 | 顺灏股份 | 50.5  | -436.4 | -4.0 |  -2.5   |  -4.4   |
| 包装材料 | 301062 | 上海艾录 | 50.2  |  39.5  | 1.2  |   7.5   |   7.2   |
| 包装材料 | 002735 | 王子新材 | 49.4  |  30.3  | 10.0 |   9.2   |  12.2   |
| 包装材料 | 002752 | 昇兴股份 | 47.2  |  25.1  | -0.4 |  -2.2   |   2.5   |
| 包装材料 | 600836 | 上海易连 | 44.9  | 515.3  | -1.2 |  -1.8   |  -1.0   |
| 包装材料 | 000812 | 陕西金叶 | 44.6  | 171.4  | -1.5 |   0.2   |  -5.5   |
| 包装材料 | 002228 | 合兴包装 | 44.3  |  21.2  | -0.3 |  -1.1   |   3.2   |
| 包装材料 | 000659 | 珠海中富 | 42.7  | -54.8  | -2.4 |   6.4   |   7.1   |
| 包装材料 | 603687 |  大胜达  | 42.2  |  43.2  | 1.9  |   8.2   |   9.9   |
| 包装材料 | 002014 | 永新股份 | 40.9  |  15.7  | -0.6 |  -0.9   |  -0.1   |
| 包装材料 | 002969 | 嘉美包装 | 39.5  | 168.6  | -1.0 |   0.7   |   1.5   |
| 包装材料 | 002951 | 金时科技 | 36.3  | 947.2  | -2.7 |  -7.4   |   4.7   |
| 包装材料 | 300501 | 海顺新材 | 28.6  |  28.0  | -1.5 |  -1.3   |  -2.3   |
| 包装材料 | 002799 | 环球印务 | 28.2  |  25.8  | -2.2 |  -0.3   |  -0.4   |
| 包装材料 | 002599 | 盛通股份 | 26.1  | -26.3  | -2.6 |  -2.8   |  -4.9   |
| 包装材料 | 002846 | 英联股份 | 20.2  | -95.0  | -1.2 |   0.0   |  -2.8   |
| 包装材料 | 002787 | 华源控股 | 18.2  | 142.2  | -0.5 |  -1.0   |   0.2   |
| 包装材料 | 603022 |  新通联  | 18.2  |  56.9  | -1.6 |  -0.3   |   3.2   |
| 包装材料 | 003003 | 天元股份 | 15.8  | 1359.2 | -2.0 |  -2.3   |  -1.8   |
+----------+--------+----------+-------+--------+------+---------+---------+
 




 [行业>单日涨幅]
+----------+--------+----------+-------+--------+------+---------+---------+
|   行业   |  代码  |   名称   | 市值  |   pe   | 涨幅 | 3日涨幅 | 6日涨幅 |
+----------+--------+----------+-------+--------+------+---------+---------+
| 包装材料 | 002735 | 王子新材 | 49.4  |  30.3  | 10.0 |   9.2   |  12.2   |
| 包装材料 | 603687 |  大胜达  | 42.2  |  43.2  | 1.9  |   8.2   |   9.9   |
| 包装材料 | 301062 | 上海艾录 | 50.2  |  39.5  | 1.2  |   7.5   |   7.2   |
| 包装材料 | 601515 | 东风股份 | 86.2  |  17.8  | 0.7  |   1.5   |  -2.5   |
| 包装材料 | 601968 | 宝钢包装 | 87.1  |  34.0  | -0.3 |  -1.0   |   3.0   |
| 包装材料 | 002228 | 合兴包装 | 44.3  |  21.2  | -0.3 |  -1.1   |   3.2   |
| 包装材料 | 002752 | 昇兴股份 | 47.2  |  25.1  | -0.4 |  -2.2   |   2.5   |
| 包装材料 | 002787 | 华源控股 | 18.2  | 142.2  | -0.5 |  -1.0   |   0.2   |
| 包装材料 | 002014 | 永新股份 | 40.9  |  15.7  | -0.6 |  -0.9   |  -0.1   |
| 包装材料 | 002701 |  奥瑞金  | 132.5 |  16.1  | -0.8 |  -1.0   |  -2.5   |
| 包装材料 | 002303 |  美盈森  | 51.8  |  31.4  | -0.9 |  -2.0   |  -2.3   |
| 包装材料 | 002969 | 嘉美包装 | 39.5  | 168.6  | -1.0 |   0.7   |   1.5   |
| 包装材料 | 600836 | 上海易连 | 44.9  | 515.3  | -1.2 |  -1.8   |  -1.0   |
| 包装材料 | 002846 | 英联股份 | 20.2  | -95.0  | -1.2 |   0.0   |  -2.8   |
| 包装材料 | 300501 | 海顺新材 | 28.6  |  28.0  | -1.5 |  -1.3   |  -2.3   |
| 包装材料 | 000812 | 陕西金叶 | 44.6  | 171.4  | -1.5 |   0.2   |  -5.5   |
| 包装材料 | 603022 |  新通联  | 18.2  |  56.9  | -1.6 |  -0.3   |   3.2   |
| 包装材料 | 002191 | 劲嘉股份 | 143.4 |  11.8  | -1.8 |  -9.1   |  -7.0   |
| 包装材料 | 600210 | 紫江企业 | 97.8  |  20.1  | -1.8 |   0.9   |  -6.0   |
| 包装材料 | 003003 | 天元股份 | 15.8  | 1359.2 | -2.0 |  -2.3   |  -1.8   |
| 包装材料 | 002799 | 环球印务 | 28.2  |  25.8  | -2.2 |  -0.3   |  -0.4   |
| 包装材料 | 000659 | 珠海中富 | 42.7  | -54.8  | -2.4 |   6.4   |   7.1   |
| 包装材料 | 002599 | 盛通股份 | 26.1  | -26.3  | -2.6 |  -2.8   |  -4.9   |
| 包装材料 | 002951 | 金时科技 | 36.3  | 947.2  | -2.7 |  -7.4   |   4.7   |
| 包装材料 | 002565 | 顺灏股份 | 50.5  | -436.4 | -4.0 |  -2.5   |  -4.4   |
+----------+--------+----------+-------+--------+------+---------+---------+
