[行业>市值]
+----------+--------+----------+--------+-------+------+---------+---------+
|   行业   |  代码  |   名称   |  市值  |  pe   | 涨幅 | 3日涨幅 | 6日涨幅 |
+----------+--------+----------+--------+-------+------+---------+---------+
| 化纤行业 | 600346 | 恒力石化 | 1545.0 |  9.2  | -0.3 |  -1.3   |  -1.2   |
| 化纤行业 | 002493 | 荣盛石化 | 1542.0 | 12.4  | -0.8 |  -1.0   |  -1.0   |
| 化纤行业 | 000301 | 东方盛虹 | 1010.0 | 36.7  | -3.2 |   0.5   |  -9.1   |
| 化纤行业 | 002064 | 华峰化学 | 426.8  |  7.8  | 0.7  |   1.9   |   6.0   |
| 化纤行业 | 601233 | 桐昆股份 | 392.0  |  6.5  | 0.8  |   2.4   |   1.1   |
| 化纤行业 | 000703 | 恒逸石化 | 389.0  | 13.3  | 1.8  |   0.9   |  -1.3   |
| 化纤行业 | 688295 | 中复神鹰 | 348.4  | 73.9  | -0.9 |   3.2   |   1.6   |
| 化纤行业 | 300777 | 中简科技 | 225.1  | 62.1  | 3.1  |   6.2   |   6.4   |
| 化纤行业 | 603225 |  新凤鸣  | 176.8  | 15.5  | 2.9  |   0.2   |   2.2   |
| 化纤行业 | 600063 | 皖维高新 | 151.6  |  9.1  | 0.8  |   3.8   |   4.1   |
| 化纤行业 | 002254 | 泰和新材 | 117.0  | 20.1  | 2.0  |   2.1   |   4.3   |
| 化纤行业 | 000420 | 吉林化纤 | 103.6  | -52.9 | 0.8  |   0.2   |  -3.0   |
| 化纤行业 | 600810 | 神马股份 |  98.3  |  6.7  | 4.4  |   4.6   |   3.1   |
| 化纤行业 | 002206 |  海利得  |  74.8  | 15.3  | 1.0  |  -3.2   |  -6.6   |
| 化纤行业 | 000949 | 新乡化纤 |  54.6  | 33.3  | 1.6  |   2.2   |   1.4   |
| 化纤行业 | 601113 | 华鼎股份 |  48.5  | -15.9 | 1.4  |  -2.3   |  -8.4   |
| 化纤行业 | 000936 | 华西股份 |  47.0  | 60.9  | -0.8 |  -1.9   |  -2.9   |
| 化纤行业 | 600527 | 江南高纤 |  40.5  | 63.4  | 0.9  |   5.9   |   7.8   |
| 化纤行业 | 002427 | *ST尤夫  |  40.3  | -5.7  | 5.0  |   8.7   |  13.7   |
| 化纤行业 | 688722 |  同益中  |  39.3  | 32.2  | 0.9  |   4.5   |   0.3   |
| 化纤行业 | 603332 | 苏州龙杰 |  38.7  | -72.0 | -0.0 |   1.4   |   6.3   |
| 化纤行业 | 301057 | 汇隆新材 |  28.4  | 57.3  | 0.3  |   7.0   |   6.3   |
| 化纤行业 | 002172 | 澳洋健康 |  27.6  | 21.3  | -0.3 |  -3.0   |   3.2   |
| 化纤行业 | 000677 | 恒天海龙 |  26.9  | 43.3  | 2.0  |   2.0   |   2.3   |
| 化纤行业 | 000782 | 美达股份 |  24.8  | 31.2  | 0.2  |   1.1   |   2.8   |
| 化纤行业 | 002998 | 优彩资源 |  23.0  | 19.3  | -0.6 |  -0.7   |  -0.8   |
| 化纤行业 | 300876 | 蒙泰高新 |  21.2  | 35.0  | -1.3 |  -1.1   |  -1.0   |
| 化纤行业 | 600889 | 南京化纤 |  18.1  | -14.3 | -2.4 |   3.4   |   2.1   |
+----------+--------+----------+--------+-------+------+---------+---------+
 




 [行业>单日涨幅]
+----------+--------+----------+--------+-------+------+---------+---------+
|   行业   |  代码  |   名称   |  市值  |  pe   | 涨幅 | 3日涨幅 | 6日涨幅 |
+----------+--------+----------+--------+-------+------+---------+---------+
| 化纤行业 | 002427 | *ST尤夫  |  40.3  | -5.7  | 5.0  |   8.7   |  13.7   |
| 化纤行业 | 600810 | 神马股份 |  98.3  |  6.7  | 4.4  |   4.6   |   3.1   |
| 化纤行业 | 300777 | 中简科技 | 225.1  | 62.1  | 3.1  |   6.2   |   6.4   |
| 化纤行业 | 603225 |  新凤鸣  | 176.8  | 15.5  | 2.9  |   0.2   |   2.2   |
| 化纤行业 | 002254 | 泰和新材 | 117.0  | 20.1  | 2.0  |   2.1   |   4.3   |
| 化纤行业 | 000677 | 恒天海龙 |  26.9  | 43.3  | 2.0  |   2.0   |   2.3   |
| 化纤行业 | 000703 | 恒逸石化 | 389.0  | 13.3  | 1.8  |   0.9   |  -1.3   |
| 化纤行业 | 000949 | 新乡化纤 |  54.6  | 33.3  | 1.6  |   2.2   |   1.4   |
| 化纤行业 | 601113 | 华鼎股份 |  48.5  | -15.9 | 1.4  |  -2.3   |  -8.4   |
| 化纤行业 | 002206 |  海利得  |  74.8  | 15.3  | 1.0  |  -3.2   |  -6.6   |
| 化纤行业 | 600527 | 江南高纤 |  40.5  | 63.4  | 0.9  |   5.9   |   7.8   |
| 化纤行业 | 688722 |  同益中  |  39.3  | 32.2  | 0.9  |   4.5   |   0.3   |
| 化纤行业 | 000420 | 吉林化纤 | 103.6  | -52.9 | 0.8  |   0.2   |  -3.0   |
| 化纤行业 | 601233 | 桐昆股份 | 392.0  |  6.5  | 0.8  |   2.4   |   1.1   |
| 化纤行业 | 600063 | 皖维高新 | 151.6  |  9.1  | 0.8  |   3.8   |   4.1   |
| 化纤行业 | 002064 | 华峰化学 | 426.8  |  7.8  | 0.7  |   1.9   |   6.0   |
| 化纤行业 | 301057 | 汇隆新材 |  28.4  | 57.3  | 0.3  |   7.0   |   6.3   |
| 化纤行业 | 000782 | 美达股份 |  24.8  | 31.2  | 0.2  |   1.1   |   2.8   |
| 化纤行业 | 603332 | 苏州龙杰 |  38.7  | -72.0 | -0.0 |   1.4   |   6.3   |
| 化纤行业 | 600346 | 恒力石化 | 1545.0 |  9.2  | -0.3 |  -1.3   |  -1.2   |
| 化纤行业 | 002172 | 澳洋健康 |  27.6  | 21.3  | -0.3 |  -3.0   |   3.2   |
| 化纤行业 | 002998 | 优彩资源 |  23.0  | 19.3  | -0.6 |  -0.7   |  -0.8   |
| 化纤行业 | 000936 | 华西股份 |  47.0  | 60.9  | -0.8 |  -1.9   |  -2.9   |
| 化纤行业 | 002493 | 荣盛石化 | 1542.0 | 12.4  | -0.8 |  -1.0   |  -1.0   |
| 化纤行业 | 688295 | 中复神鹰 | 348.4  | 73.9  | -0.9 |   3.2   |   1.6   |
| 化纤行业 | 300876 | 蒙泰高新 |  21.2  | 35.0  | -1.3 |  -1.1   |  -1.0   |
| 化纤行业 | 600889 | 南京化纤 |  18.1  | -14.3 | -2.4 |   3.4   |   2.1   |
| 化纤行业 | 000301 | 东方盛虹 | 1010.0 | 36.7  | -3.2 |   0.5   |  -9.1   |
+----------+--------+----------+--------+-------+------+---------+---------+
