[行业>市值]
+----------+--------+----------+--------+-------+------+---------+---------+
|   行业   |  代码  |   名称   |  市值  |  pe   | 涨幅 | 3日涨幅 | 6日涨幅 |
+----------+--------+----------+--------+-------+------+---------+---------+
| 化肥行业 | 000792 | 盐湖股份 | 1749.0 | 12.5  | 1.7  |   7.5   |   7.4   |
| 化肥行业 | 600096 |  云天化  | 661.8  | 10.1  | 7.9  |  14.5   |  19.9   |
| 化肥行业 | 000408 | 藏格矿业 | 590.5  | 18.1  | 1.9  |  13.4   |  12.3   |
| 化肥行业 | 600141 | 兴发集团 | 522.5  |  7.6  | 3.2  |   6.8   |  13.8   |
| 化肥行业 | 002312 | 川发龙蟒 | 307.8  | 28.2  | 0.8  |   0.9   |   1.9   |
| 化肥行业 | 000893 | 亚钾国际 | 280.1  | 25.0  | 0.7  |   7.5   |   6.8   |
| 化肥行业 | 000902 |  新洋丰  | 252.7  | 15.5  | 10.0 |  14.7   |  12.7   |
| 化肥行业 | 002895 | 川恒股份 | 196.2  | 47.1  | 6.7  |  15.8   |  19.6   |
| 化肥行业 | 002539 | 云图控股 | 179.3  |  9.6  | 3.1  |  11.0   |  11.6   |
| 化肥行业 | 603938 | 三孚股份 | 148.0  | 24.6  | -1.9 |   9.6   |   7.9   |
| 化肥行业 | 002556 | 辉隆股份 | 112.2  | 13.4  | 1.8  |   0.5   |   3.2   |
| 化肥行业 | 002538 |  司尔特  | 106.5  | 17.3  | 6.7  |  11.8   |  19.6   |
| 化肥行业 | 600691 | 阳煤化工 | 100.7  | 27.2  | 4.4  |   5.0   |   2.7   |
| 化肥行业 | 002274 | 华昌化工 |  95.7  |  9.8  | 3.0  |   3.2   |   0.1   |
| 化肥行业 | 002588 |  史丹利  |  87.9  | 14.7  | 3.3  |  10.9   |  18.9   |
| 化肥行业 | 000912 |  泸天化  |  87.2  | 15.6  | 3.0  |   5.9   |   3.9   |
| 化肥行业 | 600078 | *ST澄星  |  81.5  | 30.2  | -0.2 |  10.0   |   8.2   |
| 化肥行业 | 002470 |  ST金正  |  78.5  | -75.3 | 3.0  |  13.8   |  11.2   |
| 化肥行业 | 300505 |  川金诺  |  78.3  | 32.7  | 4.7  |  12.5   |  26.9   |
| 化肥行业 | 002170 | 芭田股份 |  62.4  | 71.9  | 1.6  |   9.8   |  11.0   |
| 化肥行业 | 000731 | 四川美丰 |  57.5  |  8.1  | 3.6  |   7.9   |   7.0   |
| 化肥行业 | 600470 | 六国化工 |  45.1  | 16.9  | 10.1 |  16.8   |  13.5   |
| 化肥行业 | 002999 | 天禾股份 |  26.0  | 46.5  | 0.8  |   2.0   |   1.6   |
| 化肥行业 | 300387 | 富邦股份 |  21.3  | 39.5  | 3.8  |   7.0   |   6.8   |
+----------+--------+----------+--------+-------+------+---------+---------+
 




 [行业>单日涨幅]
+----------+--------+----------+--------+-------+------+---------+---------+
|   行业   |  代码  |   名称   |  市值  |  pe   | 涨幅 | 3日涨幅 | 6日涨幅 |
+----------+--------+----------+--------+-------+------+---------+---------+
| 化肥行业 | 600470 | 六国化工 |  45.1  | 16.9  | 10.1 |  16.8   |  13.5   |
| 化肥行业 | 000902 |  新洋丰  | 252.7  | 15.5  | 10.0 |  14.7   |  12.7   |
| 化肥行业 | 600096 |  云天化  | 661.8  | 10.1  | 7.9  |  14.5   |  19.9   |
| 化肥行业 | 002895 | 川恒股份 | 196.2  | 47.1  | 6.7  |  15.8   |  19.6   |
| 化肥行业 | 002538 |  司尔特  | 106.5  | 17.3  | 6.7  |  11.8   |  19.6   |
| 化肥行业 | 300505 |  川金诺  |  78.3  | 32.7  | 4.7  |  12.5   |  26.9   |
| 化肥行业 | 600691 | 阳煤化工 | 100.7  | 27.2  | 4.4  |   5.0   |   2.7   |
| 化肥行业 | 300387 | 富邦股份 |  21.3  | 39.5  | 3.8  |   7.0   |   6.8   |
| 化肥行业 | 000731 | 四川美丰 |  57.5  |  8.1  | 3.6  |   7.9   |   7.0   |
| 化肥行业 | 002588 |  史丹利  |  87.9  | 14.7  | 3.3  |  10.9   |  18.9   |
| 化肥行业 | 600141 | 兴发集团 | 522.5  |  7.6  | 3.2  |   6.8   |  13.8   |
| 化肥行业 | 002539 | 云图控股 | 179.3  |  9.6  | 3.1  |  11.0   |  11.6   |
| 化肥行业 | 002470 |  ST金正  |  78.5  | -75.3 | 3.0  |  13.8   |  11.2   |
| 化肥行业 | 002274 | 华昌化工 |  95.7  |  9.8  | 3.0  |   3.2   |   0.1   |
| 化肥行业 | 000912 |  泸天化  |  87.2  | 15.6  | 3.0  |   5.9   |   3.9   |
| 化肥行业 | 000408 | 藏格矿业 | 590.5  | 18.1  | 1.9  |  13.4   |  12.3   |
| 化肥行业 | 002556 | 辉隆股份 | 112.2  | 13.4  | 1.8  |   0.5   |   3.2   |
| 化肥行业 | 000792 | 盐湖股份 | 1749.0 | 12.5  | 1.7  |   7.5   |   7.4   |
| 化肥行业 | 002170 | 芭田股份 |  62.4  | 71.9  | 1.6  |   9.8   |  11.0   |
| 化肥行业 | 002999 | 天禾股份 |  26.0  | 46.5  | 0.8  |   2.0   |   1.6   |
| 化肥行业 | 002312 | 川发龙蟒 | 307.8  | 28.2  | 0.8  |   0.9   |   1.9   |
| 化肥行业 | 000893 | 亚钾国际 | 280.1  | 25.0  | 0.7  |   7.5   |   6.8   |
| 化肥行业 | 600078 | *ST澄星  |  81.5  | 30.2  | -0.2 |  10.0   |   8.2   |
| 化肥行业 | 603938 | 三孚股份 | 148.0  | 24.6  | -1.9 |   9.6   |   7.9   |
+----------+--------+----------+--------+-------+------+---------+---------+
