[行业>市值]
+----------+--------+----------+-------+--------+------+---------+---------+
|   行业   |  代码  |   名称   | 市值  |   pe   | 涨幅 | 3日涨幅 | 6日涨幅 |
+----------+--------+----------+-------+--------+------+---------+---------+
| 多元金融 | 000617 | 中油资本 | 598.0 |  8.7   | -1.1 |  -1.7   |  -1.9   |
| 多元金融 | 000987 | 越秀金控 | 336.6 |  14.4  | -1.3 |  -4.5   |  -2.2   |
| 多元金融 | 600705 | 中航产融 | 307.7 | 671.7  | -0.9 |  -0.3   |  -0.6   |
| 多元金融 | 600927 | 永安期货 | 285.0 | 218.6  | -1.7 |  -2.9   |  -5.3   |
| 多元金融 | 600816 |  ST安信  | 230.3 | -12.1  | 1.9  |  -0.5   |   2.4   |
| 多元金融 | 600390 | 五矿资本 | 219.1 |  7.8   | -1.4 |  -0.4   |  -1.2   |
| 多元金融 | 600901 | 江苏租赁 | 153.8 |  6.2   | -0.4 |   0.4   |   1.0   |
| 多元金融 | 002423 | 中粮资本 | 153.5 | -11.2  | 0.3  |  -0.8   |  -1.9   |
| 多元金融 | 000567 | 海德股份 | 142.6 |  28.0  | 0.9  |   3.6   |   0.4   |
| 多元金融 | 000415 | 渤海租赁 | 137.3 |  -4.7  | -0.5 |   2.3   |   1.8   |
| 多元金融 | 000563 | 陕国投Ａ  | 121.7 |  17.3  | -1.0 |  -1.6   |  -1.9   |
| 多元金融 | 600120 | 浙江东方 | 113.2 |  70.9  | -0.5 |  -2.5   |  -0.8   |
| 多元金融 | 600643 | 爱建集团 | 94.7  |  8.0   | -1.0 |  -1.5   |  -1.2   |
| 多元金融 | 000046 | 泛海控股 | 76.9  |  -2.4  | -0.7 |  -2.6   |  -1.3   |
| 多元金融 | 002961 | 瑞达期货 | 75.9  |  19.9  | -1.4 |  -5.4   |  -4.3   |
| 多元金融 | 600053 | 九鼎投资 | 69.8  |  39.3  | -1.6 |  -1.3   |  -4.8   |
| 多元金融 | 603093 | 南华期货 | 62.1  |  55.2  | -1.6 |  -3.9   |  -4.2   |
| 多元金融 | 000666 | 经纬纺机 | 61.7  |  11.3  | -0.6 |  -2.5   |  -0.9   |
| 多元金融 | 002647 | 仁东控股 | 37.6  | -45.6  | 0.8  |  -0.1   |  -2.2   |
| 多元金融 | 600318 | 新力金融 | 37.3  | 406.0  | -1.1 |  -2.5   |  -5.7   |
| 多元金融 | 600830 | 香溢融通 | 25.0  |  52.0  | -1.4 |  -2.8   |  -2.6   |
| 多元金融 | 000416 | 民生控股 | 20.1  | -108.1 | -1.8 |  -2.6   |  -2.6   |
| 多元金融 | 001236 | 弘业期货 | 16.9  |  59.8  | 0.0  |   0.0   |   0.0   |
| 多元金融 | 600599 |  ST熊猫  | 15.3  |  10.6  | -1.3 |  -1.4   |  -3.6   |
| 多元金融 | 600139 | *ST西源  | 15.0  | -10.2  | -2.2 |   4.6   |  -6.6   |
| 多元金融 | 300309 | *ST吉艾  | 14.8  |  -3.3  | 0.0  |   3.7   |  -4.0   |
+----------+--------+----------+-------+--------+------+---------+---------+
 




 [行业>单日涨幅]
+----------+--------+----------+-------+--------+------+---------+---------+
|   行业   |  代码  |   名称   | 市值  |   pe   | 涨幅 | 3日涨幅 | 6日涨幅 |
+----------+--------+----------+-------+--------+------+---------+---------+
| 多元金融 | 600816 |  ST安信  | 230.3 | -12.1  | 1.9  |  -0.5   |   2.4   |
| 多元金融 | 000567 | 海德股份 | 142.6 |  28.0  | 0.9  |   3.6   |   0.4   |
| 多元金融 | 002647 | 仁东控股 | 37.6  | -45.6  | 0.8  |  -0.1   |  -2.2   |
| 多元金融 | 002423 | 中粮资本 | 153.5 | -11.2  | 0.3  |  -0.8   |  -1.9   |
| 多元金融 | 001236 | 弘业期货 | 16.9  |  59.8  | 0.0  |   0.0   |   0.0   |
| 多元金融 | 300309 | *ST吉艾  | 14.8  |  -3.3  | 0.0  |   3.7   |  -4.0   |
| 多元金融 | 600901 | 江苏租赁 | 153.8 |  6.2   | -0.4 |   0.4   |   1.0   |
| 多元金融 | 000415 | 渤海租赁 | 137.3 |  -4.7  | -0.5 |   2.3   |   1.8   |
| 多元金融 | 600120 | 浙江东方 | 113.2 |  70.9  | -0.5 |  -2.5   |  -0.8   |
| 多元金融 | 000666 | 经纬纺机 | 61.7  |  11.3  | -0.6 |  -2.5   |  -0.9   |
| 多元金融 | 000046 | 泛海控股 | 76.9  |  -2.4  | -0.7 |  -2.6   |  -1.3   |
| 多元金融 | 600705 | 中航产融 | 307.7 | 671.7  | -0.9 |  -0.3   |  -0.6   |
| 多元金融 | 000563 | 陕国投Ａ  | 121.7 |  17.3  | -1.0 |  -1.6   |  -1.9   |
| 多元金融 | 600643 | 爱建集团 | 94.7  |  8.0   | -1.0 |  -1.5   |  -1.2   |
| 多元金融 | 000617 | 中油资本 | 598.0 |  8.7   | -1.1 |  -1.7   |  -1.9   |
| 多元金融 | 600318 | 新力金融 | 37.3  | 406.0  | -1.1 |  -2.5   |  -5.7   |
| 多元金融 | 600599 |  ST熊猫  | 15.3  |  10.6  | -1.3 |  -1.4   |  -3.6   |
| 多元金融 | 000987 | 越秀金控 | 336.6 |  14.4  | -1.3 |  -4.5   |  -2.2   |
| 多元金融 | 002961 | 瑞达期货 | 75.9  |  19.9  | -1.4 |  -5.4   |  -4.3   |
| 多元金融 | 600390 | 五矿资本 | 219.1 |  7.8   | -1.4 |  -0.4   |  -1.2   |
| 多元金融 | 600830 | 香溢融通 | 25.0  |  52.0  | -1.4 |  -2.8   |  -2.6   |
| 多元金融 | 603093 | 南华期货 | 62.1  |  55.2  | -1.6 |  -3.9   |  -4.2   |
| 多元金融 | 600053 | 九鼎投资 | 69.8  |  39.3  | -1.6 |  -1.3   |  -4.8   |
| 多元金融 | 600927 | 永安期货 | 285.0 | 218.6  | -1.7 |  -2.9   |  -5.3   |
| 多元金融 | 000416 | 民生控股 | 20.1  | -108.1 | -1.8 |  -2.6   |  -2.6   |
| 多元金融 | 600139 | *ST西源  | 15.0  | -10.2  | -2.2 |   4.6   |  -6.6   |
+----------+--------+----------+-------+--------+------+---------+---------+
