[行业>市值]
+----------+--------+----------+--------+--------+------+---------+---------+
|   行业   |  代码  |   名称   |  市值  |   pe   | 涨幅 | 3日涨幅 | 6日涨幅 |
+----------+--------+----------+--------+--------+------+---------+---------+
| 工程机械 | 600031 | 三一重工 | 1648.0 |  25.9  | -2.2 |   1.8   |   4.5   |
| 工程机械 | 601100 | 恒立液压 | 775.4  |  36.7  | -5.7 |  -3.8   |  -0.9   |
| 工程机械 | 000157 | 中联重科 | 550.2  |  15.2  | -1.7 |   2.9   |   4.1   |
| 工程机械 | 000425 | 徐工机械 | 430.1  |  7.7   | -0.4 |   1.9   |   2.4   |
| 工程机械 | 603338 | 浙江鼎力 | 243.4  |  31.1  | -6.0 |  -5.2   |  -3.0   |
| 工程机械 | 688425 | 铁建重工 | 217.6  |  14.4  | -1.0 |   0.2   |  -0.5   |
| 工程机械 | 603638 | 艾迪精密 | 178.5  |  61.7  | -6.2 |   3.6   |   3.0   |
| 工程机械 | 603298 | 杭叉集团 | 134.1  |  17.6  | -2.6 |   0.3   |   0.7   |
| 工程机械 | 000528 |   柳工   | 128.4  |  12.6  | -1.9 |   0.9   |   0.8   |
| 工程机械 | 002204 | 大连重工 | 112.4  |  40.2  | 10.0 |  33.2   |  27.1   |
| 工程机械 | 600761 | 安徽合力 |  88.0  |  11.4  | -2.8 |  -0.1   |   5.7   |
| 工程机械 | 000680 | 山推股份 |  83.0  |  5.7   | -3.3 |   6.3   |   9.9   |
| 工程机械 | 600984 | 建设机械 |  80.0  | -37.1  | -3.0 |  -1.9   |   4.1   |
| 工程机械 | 002097 | 山河智能 |  74.4  | -38.0  | -1.4 |   0.7   |   1.2   |
| 工程机械 | 605305 | 中际联合 |  74.3  |  42.1  | 0.1  |   1.1   |  -7.5   |
| 工程机械 | 601226 | 华电重工 |  58.7  | -13.5  | 1.2  |   1.4   |  -0.6   |
| 工程机械 | 600375 | 汉马科技 |  58.6  |  -9.0  | -1.2 |  -3.5   |  -10.3  |
| 工程机械 | 600817 | 宇通重工 |  55.6  |  16.4  | -3.8 |   7.2   |   4.1   |
| 工程机械 | 300718 | 长盛轴承 |  54.0  |  44.6  | 4.1  |   9.3   |  22.6   |
| 工程机械 | 600815 | 厦工股份 |  53.4  | -698.3 | -2.6 |   7.9   |   6.4   |
| 工程机械 | 603611 | 诺力股份 |  45.5  |  15.8  | -2.6 |  -2.1   |  -1.5   |
| 工程机械 | 605389 | 长龄液压 |  36.9  |  21.8  | -2.2 |   0.9   |   0.1   |
| 工程机械 | 301040 | 中环海陆 |  28.6  |  41.9  | -3.5 |  -6.5   |  -9.6   |
| 工程机械 | 001288 | 运机集团 |  24.7  |  29.3  | -2.5 |  -1.0   |   2.6   |
| 工程机械 | 002272 | 川润股份 |  24.6  |  63.4  | -3.8 |  -5.7   |  -0.5   |
| 工程机械 | 300201 | *ST海伦  |  20.9  |  16.0  | -2.9 |   0.5   |   0.0   |
| 工程机械 | 300022 | 吉峰科技 |  17.7  | -212.1 | -1.9 |  -1.1   |  -3.3   |
+----------+--------+----------+--------+--------+------+---------+---------+
 




 [行业>单日涨幅]
+----------+--------+----------+--------+--------+------+---------+---------+
|   行业   |  代码  |   名称   |  市值  |   pe   | 涨幅 | 3日涨幅 | 6日涨幅 |
+----------+--------+----------+--------+--------+------+---------+---------+
| 工程机械 | 002204 | 大连重工 | 112.4  |  40.2  | 10.0 |  33.2   |  27.1   |
| 工程机械 | 300718 | 长盛轴承 |  54.0  |  44.6  | 4.1  |   9.3   |  22.6   |
| 工程机械 | 601226 | 华电重工 |  58.7  | -13.5  | 1.2  |   1.4   |  -0.6   |
| 工程机械 | 605305 | 中际联合 |  74.3  |  42.1  | 0.1  |   1.1   |  -7.5   |
| 工程机械 | 000425 | 徐工机械 | 430.1  |  7.7   | -0.4 |   1.9   |   2.4   |
| 工程机械 | 688425 | 铁建重工 | 217.6  |  14.4  | -1.0 |   0.2   |  -0.5   |
| 工程机械 | 600375 | 汉马科技 |  58.6  |  -9.0  | -1.2 |  -3.5   |  -10.3  |
| 工程机械 | 002097 | 山河智能 |  74.4  | -38.0  | -1.4 |   0.7   |   1.2   |
| 工程机械 | 000157 | 中联重科 | 550.2  |  15.2  | -1.7 |   2.9   |   4.1   |
| 工程机械 | 300022 | 吉峰科技 |  17.7  | -212.1 | -1.9 |  -1.1   |  -3.3   |
| 工程机械 | 000528 |   柳工   | 128.4  |  12.6  | -1.9 |   0.9   |   0.8   |
| 工程机械 | 600031 | 三一重工 | 1648.0 |  25.9  | -2.2 |   1.8   |   4.5   |
| 工程机械 | 605389 | 长龄液压 |  36.9  |  21.8  | -2.2 |   0.9   |   0.1   |
| 工程机械 | 001288 | 运机集团 |  24.7  |  29.3  | -2.5 |  -1.0   |   2.6   |
| 工程机械 | 603298 | 杭叉集团 | 134.1  |  17.6  | -2.6 |   0.3   |   0.7   |
| 工程机械 | 600815 | 厦工股份 |  53.4  | -698.3 | -2.6 |   7.9   |   6.4   |
| 工程机械 | 603611 | 诺力股份 |  45.5  |  15.8  | -2.6 |  -2.1   |  -1.5   |
| 工程机械 | 600761 | 安徽合力 |  88.0  |  11.4  | -2.8 |  -0.1   |   5.7   |
| 工程机械 | 300201 | *ST海伦  |  20.9  |  16.0  | -2.9 |   0.5   |   0.0   |
| 工程机械 | 600984 | 建设机械 |  80.0  | -37.1  | -3.0 |  -1.9   |   4.1   |
| 工程机械 | 000680 | 山推股份 |  83.0  |  5.7   | -3.3 |   6.3   |   9.9   |
| 工程机械 | 301040 | 中环海陆 |  28.6  |  41.9  | -3.5 |  -6.5   |  -9.6   |
| 工程机械 | 002272 | 川润股份 |  24.6  |  63.4  | -3.8 |  -5.7   |  -0.5   |
| 工程机械 | 600817 | 宇通重工 |  55.6  |  16.4  | -3.8 |   7.2   |   4.1   |
| 工程机械 | 601100 | 恒立液压 | 775.4  |  36.7  | -5.7 |  -3.8   |  -0.9   |
| 工程机械 | 603338 | 浙江鼎力 | 243.4  |  31.1  | -6.0 |  -5.2   |  -3.0   |
| 工程机械 | 603638 | 艾迪精密 | 178.5  |  61.7  | -6.2 |   3.6   |   3.0   |
+----------+--------+----------+--------+--------+------+---------+---------+
