[行业>市值]
+----------+--------+----------+--------+-------+------+---------+---------+
|   行业   |  代码  |   名称   |  市值  |  pe   | 涨幅 | 3日涨幅 | 6日涨幅 |
+----------+--------+----------+--------+-------+------+---------+---------+
| 汽车整车 | 002594 |  比亚迪  | 9720.0 | 300.6 | -0.7 |   0.1   |  -4.5   |
| 汽车整车 | 601633 | 长城汽车 | 3256.0 | 49.8  | -2.8 |  -5.2   |  -14.2  |
| 汽车整车 | 600104 | 上汽集团 | 2022.0 |  9.2  | 0.5  |  -2.8   |  -6.0   |
| 汽车整车 | 000625 | 长安汽车 | 1704.0 |  9.4  | -4.0 |  -0.9   |  -7.2   |
| 汽车整车 | 601238 | 广汽集团 | 1603.0 | 13.3  | -1.7 |   0.5   |  -13.8  |
| 汽车整车 | 601127 | 小康股份 | 1074.0 | -32.0 | -4.9 |  -2.6   |  -4.1   |
| 汽车整车 | 000800 | 一汽解放 | 423.1  | 23.4  | -1.4 |  -2.7   |  -5.5   |
| 汽车整车 | 600733 | 北汽蓝谷 | 404.3  | -10.6 | 3.3  |   1.7   |  -5.8   |
| 汽车整车 | 600418 | 江淮汽车 | 380.7  | -32.8 | 1.2  |   1.6   |  17.6   |
| 汽车整车 | 601777 | 力帆科技 | 237.1  | 116.6 | 0.4  |  -5.0   |  -8.2   |
| 汽车整车 | 301039 | 中集车辆 | 212.3  | 42.6  | -1.8 |  -2.9   |  -12.8  |
| 汽车整车 | 600066 | 宇通客车 | 185.7  | -40.1 | -1.4 |  -3.0   |  -6.9   |
| 汽车整车 | 600166 | 福田汽车 | 180.2  | 33.3  | -0.4 |  -3.2   |  -7.4   |
| 汽车整车 | 000980 |  ST众泰  | 177.9  | -28.4 | -1.4 |  -0.3   |  -2.5   |
| 汽车整车 | 000951 | 中国重汽 | 161.3  | 32.5  | -0.7 |   5.7   |   3.4   |
| 汽车整车 | 000550 | 江铃汽车 | 146.7  | 18.9  | -3.9 |   5.7   |  -3.3   |
| 汽车整车 | 600006 | 东风汽车 | 144.4  | 30.4  | -0.8 |  -4.4   |  -9.5   |
| 汽车整车 | 000957 | 中通客车 | 126.4  | -89.6 | 0.0  |   0.0   |   0.0   |
| 汽车整车 | 000572 | 海马汽车 |  97.5  | -40.0 | 0.5  |  -2.6   |  -8.8   |
| 汽车整车 | 600686 | 金龙汽车 |  53.4  | 344.5 | 10.0 |   7.0   |  -2.0   |
| 汽车整车 | 000868 | 安凯客车 |  46.7  | -29.2 | 1.1  |  -3.6   |  -14.0  |
| 汽车整车 | 600213 | 亚星客车 |  30.3  | -17.3 | 1.7  |  -5.3   |   1.3   |
| 汽车整车 | 600303 |  ST曙光  |  22.1  | -16.9 | 0.3  |  -6.0   |  -9.7   |
+----------+--------+----------+--------+-------+------+---------+---------+
 




 [行业>单日涨幅]
+----------+--------+----------+--------+-------+------+---------+---------+
|   行业   |  代码  |   名称   |  市值  |  pe   | 涨幅 | 3日涨幅 | 6日涨幅 |
+----------+--------+----------+--------+-------+------+---------+---------+
| 汽车整车 | 600686 | 金龙汽车 |  53.4  | 344.5 | 10.0 |   7.0   |  -2.0   |
| 汽车整车 | 600733 | 北汽蓝谷 | 404.3  | -10.6 | 3.3  |   1.7   |  -5.8   |
| 汽车整车 | 600213 | 亚星客车 |  30.3  | -17.3 | 1.7  |  -5.3   |   1.3   |
| 汽车整车 | 600418 | 江淮汽车 | 380.7  | -32.8 | 1.2  |   1.6   |  17.6   |
| 汽车整车 | 000868 | 安凯客车 |  46.7  | -29.2 | 1.1  |  -3.6   |  -14.0  |
| 汽车整车 | 600104 | 上汽集团 | 2022.0 |  9.2  | 0.5  |  -2.8   |  -6.0   |
| 汽车整车 | 000572 | 海马汽车 |  97.5  | -40.0 | 0.5  |  -2.6   |  -8.8   |
| 汽车整车 | 601777 | 力帆科技 | 237.1  | 116.6 | 0.4  |  -5.0   |  -8.2   |
| 汽车整车 | 600303 |  ST曙光  |  22.1  | -16.9 | 0.3  |  -6.0   |  -9.7   |
| 汽车整车 | 000957 | 中通客车 | 126.4  | -89.6 | 0.0  |   0.0   |   0.0   |
| 汽车整车 | 600166 | 福田汽车 | 180.2  | 33.3  | -0.4 |  -3.2   |  -7.4   |
| 汽车整车 | 002594 |  比亚迪  | 9720.0 | 300.6 | -0.7 |   0.1   |  -4.5   |
| 汽车整车 | 000951 | 中国重汽 | 161.3  | 32.5  | -0.7 |   5.7   |   3.4   |
| 汽车整车 | 600006 | 东风汽车 | 144.4  | 30.4  | -0.8 |  -4.4   |  -9.5   |
| 汽车整车 | 000980 |  ST众泰  | 177.9  | -28.4 | -1.4 |  -0.3   |  -2.5   |
| 汽车整车 | 000800 | 一汽解放 | 423.1  | 23.4  | -1.4 |  -2.7   |  -5.5   |
| 汽车整车 | 600066 | 宇通客车 | 185.7  | -40.1 | -1.4 |  -3.0   |  -6.9   |
| 汽车整车 | 601238 | 广汽集团 | 1603.0 | 13.3  | -1.7 |   0.5   |  -13.8  |
| 汽车整车 | 301039 | 中集车辆 | 212.3  | 42.6  | -1.8 |  -2.9   |  -12.8  |
| 汽车整车 | 601633 | 长城汽车 | 3256.0 | 49.8  | -2.8 |  -5.2   |  -14.2  |
| 汽车整车 | 000550 | 江铃汽车 | 146.7  | 18.9  | -3.9 |   5.7   |  -3.3   |
| 汽车整车 | 000625 | 长安汽车 | 1704.0 |  9.4  | -4.0 |  -0.9   |  -7.2   |
| 汽车整车 | 601127 | 小康股份 | 1074.0 | -32.0 | -4.9 |  -2.6   |  -4.1   |
+----------+--------+----------+--------+-------+------+---------+---------+
