[行业>市值]
+------------+--------+----------+-------+--------+------+---------+---------+
|    行业    |  代码  |   名称   | 市值  |   pe   | 涨幅 | 3日涨幅 | 6日涨幅 |
+------------+--------+----------+-------+--------+------+---------+---------+
| 电子化学品 | 300054 | 鼎龙股份 | 191.8 |  67.2  | -0.3 |  -4.1   |   1.2   |
| 电子化学品 | 300346 | 南大光电 | 186.6 |  57.8  | 1.1  |  -4.6   |   5.8   |
| 电子化学品 | 002643 | 万润股份 | 178.9 |  19.2  | -4.6 |  -7.8   |  -8.1   |
| 电子化学品 | 688019 | 安集科技 | 144.8 |  91.4  | -3.1 |  -8.7   |  -4.8   |
| 电子化学品 | 300398 | 飞凯材料 | 118.2 |  21.3  | -1.5 |  -2.2   |  -2.1   |
| 电子化学品 | 300655 | 晶瑞电材 | 107.3 |  83.9  | -2.4 |  -5.0   |  -2.0   |
| 电子化学品 | 300236 | 上海新阳 | 104.1 | -191.4 | 2.1  |   0.4   |   4.5   |
| 电子化学品 | 688106 | 金宏气体 | 89.7  |  57.7  | -0.2 |  -5.6   |  -6.2   |
| 电子化学品 | 688268 | 华特气体 | 83.0  |  53.0  | 0.8  |  -1.6   |  -7.3   |
| 电子化学品 | 002741 | 光华科技 | 80.0  |  56.7  | 0.5  |   2.1   |   4.0   |
| 电子化学品 | 300481 | 濮阳惠成 | 72.4  |  21.6  | -2.3 |   4.0   |   4.4   |
| 电子化学品 | 603078 |  江化微  | 68.3  |  51.7  | -1.0 |  -6.2   |  -1.1   |
| 电子化学品 | 688550 | 瑞联新材 | 67.3  |  21.1  | -1.6 |   0.0   |  -4.7   |
| 电子化学品 | 300576 | 容大感光 | 56.3  | 136.2  | -1.0 |  -5.5   |  -2.2   |
| 电子化学品 | 002584 | 西陇科学 | 48.5  |  14.5  | -1.3 |   3.9   |   3.0   |
| 电子化学品 | 300429 | 强力新材 | 47.7  |  47.7  | -1.7 |  -2.4   |  -1.4   |
| 电子化学品 | 603931 |  格林达  | 39.2  |  24.8  | -0.4 |  -2.3   |  -0.5   |
| 电子化学品 | 688359 | 三孚新科 | 35.3  | -148.3 | -3.9 |  -9.2   |  -10.5  |
| 电子化学品 | 300446 | 乐凯新材 | 24.1  | 380.5  | 0.0  |  -1.2   |  -3.4   |
| 电子化学品 | 300537 | 广信材料 | 22.7  | -49.4  | -1.8 |  -4.3   |   0.0   |
| 电子化学品 | 300637 | 扬帆新材 | 17.5  |  37.7  | -3.0 |  -0.8   |  -0.3   |
+------------+--------+----------+-------+--------+------+---------+---------+
 




 [行业>单日涨幅]
+------------+--------+----------+-------+--------+------+---------+---------+
|    行业    |  代码  |   名称   | 市值  |   pe   | 涨幅 | 3日涨幅 | 6日涨幅 |
+------------+--------+----------+-------+--------+------+---------+---------+
| 电子化学品 | 300236 | 上海新阳 | 104.1 | -191.4 | 2.1  |   0.4   |   4.5   |
| 电子化学品 | 300346 | 南大光电 | 186.6 |  57.8  | 1.1  |  -4.6   |   5.8   |
| 电子化学品 | 688268 | 华特气体 | 83.0  |  53.0  | 0.8  |  -1.6   |  -7.3   |
| 电子化学品 | 002741 | 光华科技 | 80.0  |  56.7  | 0.5  |   2.1   |   4.0   |
| 电子化学品 | 300446 | 乐凯新材 | 24.1  | 380.5  | 0.0  |  -1.2   |  -3.4   |
| 电子化学品 | 688106 | 金宏气体 | 89.7  |  57.7  | -0.2 |  -5.6   |  -6.2   |
| 电子化学品 | 300054 | 鼎龙股份 | 191.8 |  67.2  | -0.3 |  -4.1   |   1.2   |
| 电子化学品 | 603931 |  格林达  | 39.2  |  24.8  | -0.4 |  -2.3   |  -0.5   |
| 电子化学品 | 603078 |  江化微  | 68.3  |  51.7  | -1.0 |  -6.2   |  -1.1   |
| 电子化学品 | 300576 | 容大感光 | 56.3  | 136.2  | -1.0 |  -5.5   |  -2.2   |
| 电子化学品 | 002584 | 西陇科学 | 48.5  |  14.5  | -1.3 |   3.9   |   3.0   |
| 电子化学品 | 300398 | 飞凯材料 | 118.2 |  21.3  | -1.5 |  -2.2   |  -2.1   |
| 电子化学品 | 688550 | 瑞联新材 | 67.3  |  21.1  | -1.6 |   0.0   |  -4.7   |
| 电子化学品 | 300429 | 强力新材 | 47.7  |  47.7  | -1.7 |  -2.4   |  -1.4   |
| 电子化学品 | 300537 | 广信材料 | 22.7  | -49.4  | -1.8 |  -4.3   |   0.0   |
| 电子化学品 | 300481 | 濮阳惠成 | 72.4  |  21.6  | -2.3 |   4.0   |   4.4   |
| 电子化学品 | 300655 | 晶瑞电材 | 107.3 |  83.9  | -2.4 |  -5.0   |  -2.0   |
| 电子化学品 | 300637 | 扬帆新材 | 17.5  |  37.7  | -3.0 |  -0.8   |  -0.3   |
| 电子化学品 | 688019 | 安集科技 | 144.8 |  91.4  | -3.1 |  -8.7   |  -4.8   |
| 电子化学品 | 688359 | 三孚新科 | 35.3  | -148.3 | -3.9 |  -9.2   |  -10.5  |
| 电子化学品 | 002643 | 万润股份 | 178.9 |  19.2  | -4.6 |  -7.8   |  -8.1   |
+------------+--------+----------+-------+--------+------+---------+---------+
