[行业>市值]
+----------+--------+----------+-------+--------+------+---------+---------+
|   行业   |  代码  |   名称   | 市值  |   pe   | 涨幅 | 3日涨幅 | 6日涨幅 |
+----------+--------+----------+-------+--------+------+---------+---------+
| 电源设备 | 601727 | 上海电气 | 716.7 | 1417.5 | 10.1 |  11.9   |  12.2   |
| 电源设备 | 600875 | 东方电气 | 525.2 |  14.2  | 3.3  |   2.4   |   2.3   |
| 电源设备 | 300376 |  易事特  | 182.3 |  46.2  | -2.7 |  -3.3   |  -1.5   |
| 电源设备 | 002518 |  科士达  | 179.4 |  82.6  | -4.1 |   0.7   |   4.4   |
| 电源设备 | 300593 |  新雷能  | 154.3 |  44.4  | -3.3 |  -0.2   |  -4.0   |
| 电源设备 | 002335 | 科华数据 | 148.9 |  38.0  | -0.1 |   4.6   |   5.9   |
| 电源设备 | 002851 | 麦格米特 | 140.1 |  47.7  | 8.3  |   7.2   |   6.7   |
| 电源设备 | 002534 | 西子洁能 | 134.7 |  83.8  | 8.6  |  11.8   |   2.9   |
| 电源设备 | 300820 | 英杰电气 | 92.3  |  42.8  | 1.6  |  -0.4   |  -4.9   |
| 电源设备 | 600475 | 华光环能 | 80.8  |  9.8   | 4.3  |   6.0   |   5.8   |
| 电源设备 | 002665 | 首航高科 | 78.5  | -36.4  | 0.0  |  -1.0   |  -3.4   |
| 电源设备 | 300693 | 盛弘股份 | 58.7  |  63.9  | -3.3 |  -2.0   |  -0.6   |
| 电源设备 | 002255 | 海陆重工 | 49.0  |  37.5  | -0.7 |   3.0   |  -3.6   |
| 电源设备 | 002364 | 中恒电气 | 43.9  | 193.1  | -1.5 |   1.3   |  -7.0   |
| 电源设备 | 300870 |  欧陆通  | 43.5  | -37.0  | -0.8 |  -7.3   |  -6.5   |
| 电源设备 | 002227 |  奥特迅  | 35.8  | -103.4 | -0.8 |   0.0   |  -3.9   |
| 电源设备 | 002630 | 华西能源 | 35.2  |  -5.7  | -2.9 |  -6.3   |   2.4   |
| 电源设备 | 002366 | *ST海核  | 33.5  | -27.1  | -1.3 |  -1.8   |  -2.0   |
| 电源设备 | 600405 |  动力源  | 32.2  | -42.0  | -1.2 |  -4.6   |  -6.0   |
| 电源设备 | 300105 | 龙源技术 | 30.7  | -105.1 | -1.0 |   2.6   |   0.3   |
| 电源设备 | 688551 |  科威尔  | 29.5  |  98.7  | -2.7 |  -6.5   |  -10.9  |
| 电源设备 | 300153 | 科泰电源 | 27.4  | 145.8  | -0.5 |   0.3   |  -1.7   |
| 电源设备 | 300491 | 通合科技 | 25.8  | -78.2  | 0.2  |   1.6   |  -1.5   |
| 电源设备 | 300713 |  英可瑞  | 23.5  | 353.1  | 0.9  |  -2.6   |  -1.6   |
| 电源设备 | 600202 |  哈空调  | 20.3  |  86.0  | 0.9  |   0.9   |  -0.6   |
+----------+--------+----------+-------+--------+------+---------+---------+
 




 [行业>单日涨幅]
+----------+--------+----------+-------+--------+------+---------+---------+
|   行业   |  代码  |   名称   | 市值  |   pe   | 涨幅 | 3日涨幅 | 6日涨幅 |
+----------+--------+----------+-------+--------+------+---------+---------+
| 电源设备 | 601727 | 上海电气 | 716.7 | 1417.5 | 10.1 |  11.9   |  12.2   |
| 电源设备 | 002534 | 西子洁能 | 134.7 |  83.8  | 8.6  |  11.8   |   2.9   |
| 电源设备 | 002851 | 麦格米特 | 140.1 |  47.7  | 8.3  |   7.2   |   6.7   |
| 电源设备 | 600475 | 华光环能 | 80.8  |  9.8   | 4.3  |   6.0   |   5.8   |
| 电源设备 | 600875 | 东方电气 | 525.2 |  14.2  | 3.3  |   2.4   |   2.3   |
| 电源设备 | 300820 | 英杰电气 | 92.3  |  42.8  | 1.6  |  -0.4   |  -4.9   |
| 电源设备 | 600202 |  哈空调  | 20.3  |  86.0  | 0.9  |   0.9   |  -0.6   |
| 电源设备 | 300713 |  英可瑞  | 23.5  | 353.1  | 0.9  |  -2.6   |  -1.6   |
| 电源设备 | 300491 | 通合科技 | 25.8  | -78.2  | 0.2  |   1.6   |  -1.5   |
| 电源设备 | 002665 | 首航高科 | 78.5  | -36.4  | 0.0  |  -1.0   |  -3.4   |
| 电源设备 | 002335 | 科华数据 | 148.9 |  38.0  | -0.1 |   4.6   |   5.9   |
| 电源设备 | 300153 | 科泰电源 | 27.4  | 145.8  | -0.5 |   0.3   |  -1.7   |
| 电源设备 | 002255 | 海陆重工 | 49.0  |  37.5  | -0.7 |   3.0   |  -3.6   |
| 电源设备 | 300870 |  欧陆通  | 43.5  | -37.0  | -0.8 |  -7.3   |  -6.5   |
| 电源设备 | 002227 |  奥特迅  | 35.8  | -103.4 | -0.8 |   0.0   |  -3.9   |
| 电源设备 | 300105 | 龙源技术 | 30.7  | -105.1 | -1.0 |   2.6   |   0.3   |
| 电源设备 | 600405 |  动力源  | 32.2  | -42.0  | -1.2 |  -4.6   |  -6.0   |
| 电源设备 | 002366 | *ST海核  | 33.5  | -27.1  | -1.3 |  -1.8   |  -2.0   |
| 电源设备 | 002364 | 中恒电气 | 43.9  | 193.1  | -1.5 |   1.3   |  -7.0   |
| 电源设备 | 688551 |  科威尔  | 29.5  |  98.7  | -2.7 |  -6.5   |  -10.9  |
| 电源设备 | 300376 |  易事特  | 182.3 |  46.2  | -2.7 |  -3.3   |  -1.5   |
| 电源设备 | 002630 | 华西能源 | 35.2  |  -5.7  | -2.9 |  -6.3   |   2.4   |
| 电源设备 | 300693 | 盛弘股份 | 58.7  |  63.9  | -3.3 |  -2.0   |  -0.6   |
| 电源设备 | 300593 |  新雷能  | 154.3 |  44.4  | -3.3 |  -0.2   |  -4.0   |
| 电源设备 | 002518 |  科士达  | 179.4 |  82.6  | -4.1 |   0.7   |   4.4   |
+----------+--------+----------+-------+--------+------+---------+---------+
