[行业>市值]
+----------+--------+----------+-------+--------+------+---------+---------+
|   行业   |  代码  |   名称   | 市值  |   pe   | 涨幅 | 3日涨幅 | 6日涨幅 |
+----------+--------+----------+-------+--------+------+---------+---------+
| 综合行业 | 000009 | 中国宝安 | 354.4 |  53.6  | -0.7 |   1.9   |  -1.0   |
| 综合行业 | 600673 |  东阳光  | 293.0 |  25.4  | 4.2  |   8.1   |   9.2   |
| 综合行业 | 000958 | 电投产融 | 251.4 |  20.6  | 1.1  |   2.9   |   0.2   |
| 综合行业 | 600770 | 综艺股份 | 114.5 | -19.5  | 0.6  |   0.7   |  11.1   |
| 综合行业 | 000158 | 常山北明 | 95.6  | -27.6  | -1.3 |  -0.3   |  -1.0   |
| 综合行业 | 000839 |  ST国安  | 81.5  | -13.9  | -0.9 |  -0.5   |  -2.8   |
| 综合行业 | 000833 | 粤桂股份 | 68.8  |  48.3  | 3.6  |  13.8   |  15.8   |
| 综合行业 | 000861 | 海印股份 | 67.8  |  16.7  | -0.7 |  -2.2   |  -3.6   |
| 综合行业 | 002758 | 浙农股份 | 66.5  |  11.9  | 0.1  |   0.5   |  -2.2   |
| 综合行业 | 000652 | 泰达股份 | 59.2  | 381.4  | -1.2 |   0.5   |  -0.5   |
| 综合行业 | 000803 | 北清环能 | 56.6  |  35.1  | 0.2  |   3.8   |   2.7   |
| 综合行业 | 600784 | 鲁银投资 | 48.9  |  20.9  | 0.3  |  -0.1   |   2.4   |
| 综合行业 | 000576 | 甘化科工 | 45.9  |  45.5  | -1.9 |  -4.4   |  -8.7   |
| 综合行业 | 600624 | 复旦复华 | 44.9  | 195.0  | -1.6 |  -3.0   |  -6.3   |
| 综合行业 | 000909 | 数源科技 | 41.3  | 211.9  | -3.4 |  -2.4   |  -6.8   |
| 综合行业 | 600805 | 悦达投资 | 41.1  |  12.3  | 0.8  |  -1.2   |  -4.0   |
| 综合行业 | 000532 | 华金资本 | 39.5  |  70.5  | -1.0 |  -7.7   |  -5.4   |
| 综合行业 | 600568 |  ST中珠  | 31.9  | -194.1 | -0.6 |  -0.6   |   0.0   |
| 综合行业 | 600113 | 浙江东日 | 30.2  |  16.5  | -1.2 |  -1.3   |   1.7   |
| 综合行业 | 000409 | 云鼎科技 | 27.2  | 261.5  | 0.0  |  -1.8   |  -2.7   |
| 综合行业 | 000632 | 三木集团 | 21.0  |  83.2  | -1.7 |  -4.0   |   6.9   |
| 综合行业 | 600051 | 宁波联合 | 20.9  | -93.7  | -0.1 |  -1.8   |   0.0   |
| 综合行业 | 002591 | 恒大高新 | 15.1  | -138.3 | -1.2 |  -0.8   |  -0.6   |
+----------+--------+----------+-------+--------+------+---------+---------+
 




 [行业>单日涨幅]
+----------+--------+----------+-------+--------+------+---------+---------+
|   行业   |  代码  |   名称   | 市值  |   pe   | 涨幅 | 3日涨幅 | 6日涨幅 |
+----------+--------+----------+-------+--------+------+---------+---------+
| 综合行业 | 600673 |  东阳光  | 293.0 |  25.4  | 4.2  |   8.1   |   9.2   |
| 综合行业 | 000833 | 粤桂股份 | 68.8  |  48.3  | 3.6  |  13.8   |  15.8   |
| 综合行业 | 000958 | 电投产融 | 251.4 |  20.6  | 1.1  |   2.9   |   0.2   |
| 综合行业 | 600805 | 悦达投资 | 41.1  |  12.3  | 0.8  |  -1.2   |  -4.0   |
| 综合行业 | 600770 | 综艺股份 | 114.5 | -19.5  | 0.6  |   0.7   |  11.1   |
| 综合行业 | 600784 | 鲁银投资 | 48.9  |  20.9  | 0.3  |  -0.1   |   2.4   |
| 综合行业 | 000803 | 北清环能 | 56.6  |  35.1  | 0.2  |   3.8   |   2.7   |
| 综合行业 | 002758 | 浙农股份 | 66.5  |  11.9  | 0.1  |   0.5   |  -2.2   |
| 综合行业 | 000409 | 云鼎科技 | 27.2  | 261.5  | 0.0  |  -1.8   |  -2.7   |
| 综合行业 | 600051 | 宁波联合 | 20.9  | -93.7  | -0.1 |  -1.8   |   0.0   |
| 综合行业 | 600568 |  ST中珠  | 31.9  | -194.1 | -0.6 |  -0.6   |   0.0   |
| 综合行业 | 000009 | 中国宝安 | 354.4 |  53.6  | -0.7 |   1.9   |  -1.0   |
| 综合行业 | 000861 | 海印股份 | 67.8  |  16.7  | -0.7 |  -2.2   |  -3.6   |
| 综合行业 | 000839 |  ST国安  | 81.5  | -13.9  | -0.9 |  -0.5   |  -2.8   |
| 综合行业 | 000532 | 华金资本 | 39.5  |  70.5  | -1.0 |  -7.7   |  -5.4   |
| 综合行业 | 002591 | 恒大高新 | 15.1  | -138.3 | -1.2 |  -0.8   |  -0.6   |
| 综合行业 | 600113 | 浙江东日 | 30.2  |  16.5  | -1.2 |  -1.3   |   1.7   |
| 综合行业 | 000652 | 泰达股份 | 59.2  | 381.4  | -1.2 |   0.5   |  -0.5   |
| 综合行业 | 000158 | 常山北明 | 95.6  | -27.6  | -1.3 |  -0.3   |  -1.0   |
| 综合行业 | 600624 | 复旦复华 | 44.9  | 195.0  | -1.6 |  -3.0   |  -6.3   |
| 综合行业 | 000632 | 三木集团 | 21.0  |  83.2  | -1.7 |  -4.0   |   6.9   |
| 综合行业 | 000576 | 甘化科工 | 45.9  |  45.5  | -1.9 |  -4.4   |  -8.7   |
| 综合行业 | 000909 | 数源科技 | 41.3  | 211.9  | -3.4 |  -2.4   |  -6.8   |
+----------+--------+----------+-------+--------+------+---------+---------+
