[行业>市值]
+----------+--------+----------+--------+----------+------+---------+---------+
|   行业   |  代码  |   名称   |  市值  |    pe    | 涨幅 | 3日涨幅 | 6日涨幅 |
+----------+--------+----------+--------+----------+------+---------+---------+
| 美容护理 | 300896 |  爱美客  | 1308.0 |  116.8   | 0.3  |   0.8   |   3.4   |
| 美容护理 | 300957 |  贝泰妮  | 910.7  |  156.0   | -1.9 |  -1.2   |  -3.5   |
| 美容护理 | 688363 | 华熙生物 | 659.3  |   82.5   | -2.6 |  -3.6   |  -2.8   |
| 美容护理 | 603605 |  珀莱雅  | 455.9  |   71.9   | -3.2 |  -1.9   |   1.2   |
| 美容护理 | 300888 | 稳健医疗 | 309.9  |   21.7   | 4.8  |   9.3   |  11.8   |
| 美容护理 | 600315 | 上海家化 | 256.2  |   32.1   | -7.6 |  -11.8  |   0.6   |
| 美容护理 | 002511 | 中顺洁柔 | 162.9  |   30.6   | -2.4 |  -0.9   |   1.9   |
| 美容护理 | 002243 | 力合科创 | 111.0  |   79.7   | -4.1 |  -5.0   |  -13.5  |
| 美容护理 | 603983 | 丸美股份 | 103.6  |   39.6   | -1.8 |  -3.8   |  -4.5   |
| 美容护理 | 300856 | 科思股份 |  72.2  |   31.1   | 0.4  |  -1.8   |  12.8   |
| 美容护理 | 000523 | 广州浪奇 |  61.6  |  -119.9  | 1.9  |  -0.8   |  -0.8   |
| 美容护理 | 605009 | 豪悦护理 |  59.5  |   27.1   | -1.9 |  -1.9   |  -0.4   |
| 美容护理 | 000615 | 奥园美谷 |  56.2  |  -36.3   | -1.4 |  -5.4   |   1.0   |
| 美容护理 | 300740 | 水羊股份 |  54.7  |   32.9   | -1.8 |  -3.3   |   2.8   |
| 美容护理 | 003006 | 百亚股份 |  51.0  |   23.0   | -2.0 |  -4.0   |  -2.0   |
| 美容护理 | 300132 | 青松股份 |  35.4  |  -14.5   | -1.9 |  -2.0   |   0.1   |
| 美容护理 | 301009 | 可靠股份 |  32.8  |  419.1   | -2.5 |  -3.3   |  -4.1   |
| 美容护理 | 603630 | 拉芳家化 |  31.6  |  -309.4  | -1.4 |  -0.3   |   0.1   |
| 美容护理 | 002919 | 名臣健康 |  31.3  |  477.5   | -1.0 |  -7.6   |  -0.3   |
| 美容护理 | 001206 | 依依股份 |  30.7  |   42.0   | -1.4 |  -1.7   |   6.2   |
| 美容护理 | 600249 |  两面针  |  28.3  |  -24.0   | -1.7 |   0.0   |   2.0   |
| 美容护理 | 002094 | 青岛金王 |  25.1  |   47.6   | -1.4 |   0.3   |  -3.5   |
| 美容护理 | 300955 | 嘉亨家化 |  23.9  |   35.7   | -2.0 |  -3.3   |  -1.2   |
| 美容护理 | 300886 | 华业香料 |  23.1  |   83.2   | 0.0  |  -0.3   |  -2.9   |
| 美容护理 | 300658 | 延江股份 |  21.9  |   81.7   | 5.3  |   4.9   |   8.0   |
| 美容护理 | 603238 | XD诺邦股 |  18.8  |   61.8   | -2.6 |  -0.4   |   0.9   |
| 美容护理 | 603059 |  倍加洁  |  18.6  | -12331.7 | -1.3 |  -1.0   |  -0.1   |
| 美容护理 | 300849 | 锦盛新材 |  18.2  |  205.5   | -0.2 |   0.3   |   2.3   |
+----------+--------+----------+--------+----------+------+---------+---------+
 




 [行业>单日涨幅]
+----------+--------+----------+--------+----------+------+---------+---------+
|   行业   |  代码  |   名称   |  市值  |    pe    | 涨幅 | 3日涨幅 | 6日涨幅 |
+----------+--------+----------+--------+----------+------+---------+---------+
| 美容护理 | 300658 | 延江股份 |  21.9  |   81.7   | 5.3  |   4.9   |   8.0   |
| 美容护理 | 300888 | 稳健医疗 | 309.9  |   21.7   | 4.8  |   9.3   |  11.8   |
| 美容护理 | 000523 | 广州浪奇 |  61.6  |  -119.9  | 1.9  |  -0.8   |  -0.8   |
| 美容护理 | 300856 | 科思股份 |  72.2  |   31.1   | 0.4  |  -1.8   |  12.8   |
| 美容护理 | 300896 |  爱美客  | 1308.0 |  116.8   | 0.3  |   0.8   |   3.4   |
| 美容护理 | 300886 | 华业香料 |  23.1  |   83.2   | 0.0  |  -0.3   |  -2.9   |
| 美容护理 | 300849 | 锦盛新材 |  18.2  |  205.5   | -0.2 |   0.3   |   2.3   |
| 美容护理 | 002919 | 名臣健康 |  31.3  |  477.5   | -1.0 |  -7.6   |  -0.3   |
| 美容护理 | 603059 |  倍加洁  |  18.6  | -12331.7 | -1.3 |  -1.0   |  -0.1   |
| 美容护理 | 002094 | 青岛金王 |  25.1  |   47.6   | -1.4 |   0.3   |  -3.5   |
| 美容护理 | 000615 | 奥园美谷 |  56.2  |  -36.3   | -1.4 |  -5.4   |   1.0   |
| 美容护理 | 001206 | 依依股份 |  30.7  |   42.0   | -1.4 |  -1.7   |   6.2   |
| 美容护理 | 603630 | 拉芳家化 |  31.6  |  -309.4  | -1.4 |  -0.3   |   0.1   |
| 美容护理 | 600249 |  两面针  |  28.3  |  -24.0   | -1.7 |   0.0   |   2.0   |
| 美容护理 | 300740 | 水羊股份 |  54.7  |   32.9   | -1.8 |  -3.3   |   2.8   |
| 美容护理 | 603983 | 丸美股份 | 103.6  |   39.6   | -1.8 |  -3.8   |  -4.5   |
| 美容护理 | 605009 | 豪悦护理 |  59.5  |   27.1   | -1.9 |  -1.9   |  -0.4   |
| 美容护理 | 300957 |  贝泰妮  | 910.7  |  156.0   | -1.9 |  -1.2   |  -3.5   |
| 美容护理 | 300132 | 青松股份 |  35.4  |  -14.5   | -1.9 |  -2.0   |   0.1   |
| 美容护理 | 003006 | 百亚股份 |  51.0  |   23.0   | -2.0 |  -4.0   |  -2.0   |
| 美容护理 | 300955 | 嘉亨家化 |  23.9  |   35.7   | -2.0 |  -3.3   |  -1.2   |
| 美容护理 | 002511 | 中顺洁柔 | 162.9  |   30.6   | -2.4 |  -0.9   |   1.9   |
| 美容护理 | 301009 | 可靠股份 |  32.8  |  419.1   | -2.5 |  -3.3   |  -4.1   |
| 美容护理 | 603238 | XD诺邦股 |  18.8  |   61.8   | -2.6 |  -0.4   |   0.9   |
| 美容护理 | 688363 | 华熙生物 | 659.3  |   82.5   | -2.6 |  -3.6   |  -2.8   |
| 美容护理 | 603605 |  珀莱雅  | 455.9  |   71.9   | -3.2 |  -1.9   |   1.2   |
| 美容护理 | 002243 | 力合科创 | 111.0  |   79.7   | -4.1 |  -5.0   |  -13.5  |
| 美容护理 | 600315 | 上海家化 | 256.2  |   32.1   | -7.6 |  -11.8  |   0.6   |
+----------+--------+----------+--------+----------+------+---------+---------+
