[行业>市值]
+----------+--------+----------+-------+--------+------+---------+---------+
|   行业   |  代码  |   名称   | 市值  |   pe   | 涨幅 | 3日涨幅 | 6日涨幅 |
+----------+--------+----------+-------+--------+------+---------+---------+
| 铁路公路 | 001965 | 招商公路 | 459.7 |  10.5  | -1.9 |   2.1   |   4.4   |
| 铁路公路 | 600377 | 宁沪高速 | 423.7 |  13.3  | -0.1 |  -1.9   |   0.1   |
| 铁路公路 | 600350 | 山东高速 | 254.0 |  8.8   | 0.0  |   0.6   |   0.4   |
| 铁路公路 | 600548 |  深高速  | 207.4 |  12.6  | 0.0  |  -0.3   |   0.7   |
| 铁路公路 | 000429 | 粤高速Ａ  | 173.1 |  10.0  | 0.5  |   2.9   |   1.9   |
| 铁路公路 | 600662 | 外服控股 | 145.9 |  21.1  | -0.9 |  -5.3   |  -3.8   |
| 铁路公路 | 603032 | 德新交运 | 131.5 |  63.4  | -7.3 |  -0.5   |  -10.0  |
| 铁路公路 | 600012 | 皖通高速 | 123.1 |  7.6   | -0.4 |  -0.7   |   1.5   |
| 铁路公路 | 601107 | 四川成渝 | 122.0 |  12.1  | -1.7 |   0.8   |   0.2   |
| 铁路公路 | 000828 | 东莞控股 | 104.3 |  15.3  | -1.7 |  -2.1   |  -0.9   |
| 铁路公路 | 603069 | 海汽集团 | 100.8 | -154.6 | -9.8 |  -26.9  |  -23.4  |
| 铁路公路 | 600269 | 赣粤高速 | 81.3  |  6.1   | 0.3  |   0.3   |   0.6   |
| 铁路公路 | 600033 | 福建高速 | 76.0  |  8.4   | 0.4  |   0.0   |   0.0   |
| 铁路公路 | 600611 | 大众交通 | 75.7  |  -7.3  | -0.9 |  -1.5   |   0.6   |
| 铁路公路 | 600620 | 天宸股份 | 74.5  | -76.9  | 0.2  |  -3.4   |   6.3   |
| 铁路公路 | 600020 | 中原高速 | 69.7  |  12.3  | 0.3  |  -0.6   |   0.0   |
| 铁路公路 | 600650 | 锦江在线 | 67.1  |  3.0   | -2.4 |  -8.0   |  -2.4   |
| 铁路公路 | 000900 | 现代投资 | 61.8  |  9.6   | -0.7 |  -1.2   |  -2.9   |
| 铁路公路 | 000885 | 城发环境 | 60.0  |  6.7   | 0.0  |   0.4   |   2.6   |
| 铁路公路 | 000755 | 山西路桥 | 59.7  |  15.5  | -0.7 |  -2.6   |   4.6   |
| 铁路公路 | 600106 | 重庆路桥 | 56.0  |  92.7  | -0.7 |  -1.4   |   1.4   |
| 铁路公路 | 600035 | 楚天高速 | 53.0  |  5.3   | 0.9  |   0.6   |   1.2   |
| 铁路公路 | 600834 | 申通地铁 | 45.1  |  62.0  | -1.9 |  -5.6   |   5.1   |
| 铁路公路 | 600368 | 五洲交通 | 43.2  |  6.0   | 0.3  |   0.0   |   0.8   |
| 铁路公路 | 002627 | 三峡旅游 | 42.4  |  74.5  | -1.7 |  -8.9   |  -3.5   |
| 铁路公路 | 601188 | 龙江交通 | 41.5  |  17.6  | -0.6 |  -2.5   |   1.6   |
| 铁路公路 | 601518 | 吉林高速 | 35.4  |  10.4  | -0.8 |  -1.9   |   0.8   |
| 铁路公路 | 000548 | 湖南投资 | 22.5  |  68.3  | -1.5 |  -2.2   |   0.7   |
| 铁路公路 | 002357 | 富临运业 | 18.2  |  9.9   | 0.7  |  -4.3   |   3.0   |
| 铁路公路 | 600561 | 江西长运 | 15.0  | -23.3  | -0.9 |  -3.5   |  -0.9   |
+----------+--------+----------+-------+--------+------+---------+---------+
 




 [行业>单日涨幅]
+----------+--------+----------+-------+--------+------+---------+---------+
|   行业   |  代码  |   名称   | 市值  |   pe   | 涨幅 | 3日涨幅 | 6日涨幅 |
+----------+--------+----------+-------+--------+------+---------+---------+
| 铁路公路 | 600035 | 楚天高速 | 53.0  |  5.3   | 0.9  |   0.6   |   1.2   |
| 铁路公路 | 002357 | 富临运业 | 18.2  |  9.9   | 0.7  |  -4.3   |   3.0   |
| 铁路公路 | 000429 | 粤高速Ａ  | 173.1 |  10.0  | 0.5  |   2.9   |   1.9   |
| 铁路公路 | 600033 | 福建高速 | 76.0  |  8.4   | 0.4  |   0.0   |   0.0   |
| 铁路公路 | 600020 | 中原高速 | 69.7  |  12.3  | 0.3  |  -0.6   |   0.0   |
| 铁路公路 | 600269 | 赣粤高速 | 81.3  |  6.1   | 0.3  |   0.3   |   0.6   |
| 铁路公路 | 600368 | 五洲交通 | 43.2  |  6.0   | 0.3  |   0.0   |   0.8   |
| 铁路公路 | 600620 | 天宸股份 | 74.5  | -76.9  | 0.2  |  -3.4   |   6.3   |
| 铁路公路 | 600350 | 山东高速 | 254.0 |  8.8   | 0.0  |   0.6   |   0.4   |
| 铁路公路 | 600548 |  深高速  | 207.4 |  12.6  | 0.0  |  -0.3   |   0.7   |
| 铁路公路 | 000885 | 城发环境 | 60.0  |  6.7   | 0.0  |   0.4   |   2.6   |
| 铁路公路 | 600377 | 宁沪高速 | 423.7 |  13.3  | -0.1 |  -1.9   |   0.1   |
| 铁路公路 | 600012 | 皖通高速 | 123.1 |  7.6   | -0.4 |  -0.7   |   1.5   |
| 铁路公路 | 601188 | 龙江交通 | 41.5  |  17.6  | -0.6 |  -2.5   |   1.6   |
| 铁路公路 | 600106 | 重庆路桥 | 56.0  |  92.7  | -0.7 |  -1.4   |   1.4   |
| 铁路公路 | 000900 | 现代投资 | 61.8  |  9.6   | -0.7 |  -1.2   |  -2.9   |
| 铁路公路 | 000755 | 山西路桥 | 59.7  |  15.5  | -0.7 |  -2.6   |   4.6   |
| 铁路公路 | 601518 | 吉林高速 | 35.4  |  10.4  | -0.8 |  -1.9   |   0.8   |
| 铁路公路 | 600662 | 外服控股 | 145.9 |  21.1  | -0.9 |  -5.3   |  -3.8   |
| 铁路公路 | 600611 | 大众交通 | 75.7  |  -7.3  | -0.9 |  -1.5   |   0.6   |
| 铁路公路 | 600561 | 江西长运 | 15.0  | -23.3  | -0.9 |  -3.5   |  -0.9   |
| 铁路公路 | 000548 | 湖南投资 | 22.5  |  68.3  | -1.5 |  -2.2   |   0.7   |
| 铁路公路 | 000828 | 东莞控股 | 104.3 |  15.3  | -1.7 |  -2.1   |  -0.9   |
| 铁路公路 | 002627 | 三峡旅游 | 42.4  |  74.5  | -1.7 |  -8.9   |  -3.5   |
| 铁路公路 | 601107 | 四川成渝 | 122.0 |  12.1  | -1.7 |   0.8   |   0.2   |
| 铁路公路 | 001965 | 招商公路 | 459.7 |  10.5  | -1.9 |   2.1   |   4.4   |
| 铁路公路 | 600834 | 申通地铁 | 45.1  |  62.0  | -1.9 |  -5.6   |   5.1   |
| 铁路公路 | 600650 | 锦江在线 | 67.1  |  3.0   | -2.4 |  -8.0   |  -2.4   |
| 铁路公路 | 603032 | 德新交运 | 131.5 |  63.4  | -7.3 |  -0.5   |  -10.0  |
| 铁路公路 | 603069 | 海汽集团 | 100.8 | -154.6 | -9.8 |  -26.9  |  -23.4  |
+----------+--------+----------+-------+--------+------+---------+---------+
