[行业>市值]
+------------+--------+----------+--------+-------+------+---------+---------+
|    行业    |  代码  |   名称   |  市值  |  pe   | 涨幅 | 3日涨幅 | 6日涨幅 |
+------------+--------+----------+--------+-------+------+---------+---------+
| 非金属材料 | 603260 | 合盛硅业 | 1311.0 | 16.0  | -2.0 |   3.5   |   1.3   |
| 非金属材料 | 603688 | 石英股份 | 541.8  | 155.0 | 2.1  |  14.6   |  10.1   |
| 非金属材料 | 300861 | 美畅股份 | 367.5  | 32.3  | -2.6 |  -0.9   |  -5.0   |
| 非金属材料 | 600516 | 方大炭素 | 293.1  | 217.3 | 0.8  |   1.3   |   2.1   |
| 非金属材料 | 603826 | 坤彩科技 | 278.8  | 261.2 | 1.1  |   1.2   |   4.8   |
| 非金属材料 | 688281 | 华秦科技 | 273.5  | 115.3 | 0.7  |  11.4   |  15.3   |
| 非金属材料 | 300395 |  菲利华  | 248.0  | 68.6  | -0.4 |   8.7   |   5.8   |
| 非金属材料 | 300035 | 中科电气 | 193.6  | 37.5  | -4.1 |  -4.3   |  -7.4   |
| 非金属材料 | 301071 | 力量钻石 | 193.4  | 47.8  | -8.0 |   3.2   |  -4.4   |
| 非金属材料 | 603612 | 索通发展 | 171.1  | 27.1  | -1.2 |   1.0   |   0.4   |
| 非金属材料 | 300409 | 道氏技术 | 152.9  | 22.3  | 1.0  |   1.6   |  -2.9   |
| 非金属材料 | 688733 |  壹石通  | 149.2  | 85.6  | -2.8 |  11.6   |   2.4   |
| 非金属材料 | 600172 | 黄河旋风 | 130.5  | 113.6 | -4.2 |   3.8   |  -1.2   |
| 非金属材料 | 600330 | 天通股份 | 128.7  | 29.4  | 3.9  |   8.4   |  -0.5   |
| 非金属材料 | 600783 | 鲁信创投 |  98.9  | 50.3  | -0.8 |   0.2   |  -2.5   |
| 非金属材料 | 688119 | 中钢洛耐 |  96.0  | 61.7  | -1.5 |  -3.3   |  -5.8   |
| 非金属材料 | 002130 | 沃尔核材 |  78.9  | 18.4  | 1.5  |   1.9   |   4.0   |
| 非金属材料 | 688357 | 建龙微纳 |  62.0  | 35.4  | -3.9 |  -6.9   |  -12.1  |
| 非金属材料 | 688300 | 联瑞新材 |  60.5  | 35.5  | -4.0 |  -9.3   |  -12.3  |
| 非金属材料 | 001296 | 长江材料 |  25.2  | 44.0  | -2.7 |  -4.0   |  -7.1   |
| 非金属材料 | 300743 | 天地数码 |  15.8  | 53.4  | -1.5 |  -1.1   |   0.3   |
+------------+--------+----------+--------+-------+------+---------+---------+
 




 [行业>单日涨幅]
+------------+--------+----------+--------+-------+------+---------+---------+
|    行业    |  代码  |   名称   |  市值  |  pe   | 涨幅 | 3日涨幅 | 6日涨幅 |
+------------+--------+----------+--------+-------+------+---------+---------+
| 非金属材料 | 600330 | 天通股份 | 128.7  | 29.4  | 3.9  |   8.4   |  -0.5   |
| 非金属材料 | 603688 | 石英股份 | 541.8  | 155.0 | 2.1  |  14.6   |  10.1   |
| 非金属材料 | 002130 | 沃尔核材 |  78.9  | 18.4  | 1.5  |   1.9   |   4.0   |
| 非金属材料 | 603826 | 坤彩科技 | 278.8  | 261.2 | 1.1  |   1.2   |   4.8   |
| 非金属材料 | 300409 | 道氏技术 | 152.9  | 22.3  | 1.0  |   1.6   |  -2.9   |
| 非金属材料 | 600516 | 方大炭素 | 293.1  | 217.3 | 0.8  |   1.3   |   2.1   |
| 非金属材料 | 688281 | 华秦科技 | 273.5  | 115.3 | 0.7  |  11.4   |  15.3   |
| 非金属材料 | 300395 |  菲利华  | 248.0  | 68.6  | -0.4 |   8.7   |   5.8   |
| 非金属材料 | 600783 | 鲁信创投 |  98.9  | 50.3  | -0.8 |   0.2   |  -2.5   |
| 非金属材料 | 603612 | 索通发展 | 171.1  | 27.1  | -1.2 |   1.0   |   0.4   |
| 非金属材料 | 300743 | 天地数码 |  15.8  | 53.4  | -1.5 |  -1.1   |   0.3   |
| 非金属材料 | 688119 | 中钢洛耐 |  96.0  | 61.7  | -1.5 |  -3.3   |  -5.8   |
| 非金属材料 | 603260 | 合盛硅业 | 1311.0 | 16.0  | -2.0 |   3.5   |   1.3   |
| 非金属材料 | 300861 | 美畅股份 | 367.5  | 32.3  | -2.6 |  -0.9   |  -5.0   |
| 非金属材料 | 001296 | 长江材料 |  25.2  | 44.0  | -2.7 |  -4.0   |  -7.1   |
| 非金属材料 | 688733 |  壹石通  | 149.2  | 85.6  | -2.8 |  11.6   |   2.4   |
| 非金属材料 | 688357 | 建龙微纳 |  62.0  | 35.4  | -3.9 |  -6.9   |  -12.1  |
| 非金属材料 | 688300 | 联瑞新材 |  60.5  | 35.5  | -4.0 |  -9.3   |  -12.3  |
| 非金属材料 | 300035 | 中科电气 | 193.6  | 37.5  | -4.1 |  -4.3   |  -7.4   |
| 非金属材料 | 600172 | 黄河旋风 | 130.5  | 113.6 | -4.2 |   3.8   |  -1.2   |
| 非金属材料 | 301071 | 力量钻石 | 193.4  | 47.8  | -8.0 |   3.2   |  -4.4   |
+------------+--------+----------+--------+-------+------+---------+---------+
