[行业>市值]
+----------+--------+----------+-------+-------+------+---------+---------+
|   行业   |  代码  |   名称   | 市值  |  pe   | 涨幅 | 3日涨幅 | 6日涨幅 |
+----------+--------+----------+-------+-------+------+---------+---------+
| 专业服务 | 300012 | 华测检测 | 349.0 | 72.8  | -0.8 |  -6.7   |  -6.1   |
| 专业服务 | 003035 | 南网能源 | 259.5 | 72.5  | 4.7  |  -0.4   |   4.7   |
| 专业服务 | 301080 | 百普赛斯 | 136.9 | 64.0  | -4.0 |  -5.0   |   0.4   |
| 专业服务 | 002967 | 广电计量 | 124.2 | -39.1 | 1.8  |   8.1   |  15.8   |
| 专业服务 | 300887 | 谱尼测试 | 120.8 | 547.8 | -1.4 |  -1.9   |  -3.4   |
| 专业服务 | 688133 | 泰坦科技 | 120.6 | 155.2 | -2.0 |  -12.0  |  -13.3  |
| 专业服务 | 603060 | 国检集团 | 92.6  | -82.5 | 4.1  |   1.3   |   8.1   |
| 专业服务 | 300416 | 苏试试验 | 85.8  | 74.4  | -0.8 |  -3.0   |  -2.4   |
| 专业服务 | 603698 | 航天工程 | 66.5  | 90.8  | 1.5  |  -3.0   |  -3.0   |
| 专业服务 | 688179 |  阿拉丁  | 65.9  | 53.1  | -0.9 |  -6.6   |  -9.3   |
| 专业服务 | 300384 | 三联虹普 | 58.6  | 24.7  | 5.8  |   1.1   |   0.6   |
| 专业服务 | 300215 |  电科院  | 54.4  | 93.2  | 8.6  |   4.7   |   4.8   |
| 专业服务 | 301166 |  优宁维  | 51.2  | 59.0  | -0.7 |  -3.0   |   1.4   |
| 专业服务 | 002564 | 天沃科技 | 42.2  | 563.5 | 3.0  |   2.5   |   9.2   |
| 专业服务 | 002878 | 元隆雅图 | 41.7  | 11.3  | 1.4  |  -1.7   |  -3.0   |
| 专业服务 | 300938 | 信测标准 | 38.3  | 42.8  | 0.3  |   0.3   |  10.8   |
| 专业服务 | 300962 | 中金辐照 | 37.8  | 31.7  | 0.2  |  -2.9   |  -3.3   |
| 专业服务 | 300797 | 钢研纳克 | 34.7  | 58.3  | 2.1  |  -0.7   |   1.6   |
| 专业服务 | 300572 | 安车检测 | 33.3  | 55.0  | 1.2  |  -7.2   |   2.6   |
| 专业服务 | 301257 |  普蕊斯  | 32.8  | 84.1  | -2.2 |   2.4   |   6.7   |
| 专业服务 | 603776 |  永安行  | 31.2  | 63.1  | 1.9  |  -3.7   |  -4.0   |
| 专业服务 | 301169 | 零点有数 | 26.6  | -55.4 | 1.3  |  -3.7   |  -7.8   |
| 专业服务 | 301289 | 国缆检测 | 25.6  | 38.2  | 4.5  |   2.0   |  -1.7   |
| 专业服务 | 603183 |  建研院  | 25.1  | -61.8 | 1.8  |   2.0   |   1.0   |
| 专业服务 | 301228 | 实朴检测 | 24.5  | -42.4 | 2.2  |  -0.7   |   0.7   |
| 专业服务 | 003008 | 开普检测 | 20.2  | 37.5  | 3.0  |   0.0   |   3.6   |
| 专业服务 | 301306 | 西测测试 |  0.0  |  0.0  | 0.0  |   0.0   |   0.0   |
+----------+--------+----------+-------+-------+------+---------+---------+
 




 [行业>单日涨幅]
+----------+--------+----------+-------+-------+------+---------+---------+
|   行业   |  代码  |   名称   | 市值  |  pe   | 涨幅 | 3日涨幅 | 6日涨幅 |
+----------+--------+----------+-------+-------+------+---------+---------+
| 专业服务 | 300215 |  电科院  | 54.4  | 93.2  | 8.6  |   4.7   |   4.8   |
| 专业服务 | 300384 | 三联虹普 | 58.6  | 24.7  | 5.8  |   1.1   |   0.6   |
| 专业服务 | 003035 | 南网能源 | 259.5 | 72.5  | 4.7  |  -0.4   |   4.7   |
| 专业服务 | 301289 | 国缆检测 | 25.6  | 38.2  | 4.5  |   2.0   |  -1.7   |
| 专业服务 | 603060 | 国检集团 | 92.6  | -82.5 | 4.1  |   1.3   |   8.1   |
| 专业服务 | 002564 | 天沃科技 | 42.2  | 563.5 | 3.0  |   2.5   |   9.2   |
| 专业服务 | 003008 | 开普检测 | 20.2  | 37.5  | 3.0  |   0.0   |   3.6   |
| 专业服务 | 301228 | 实朴检测 | 24.5  | -42.4 | 2.2  |  -0.7   |   0.7   |
| 专业服务 | 300797 | 钢研纳克 | 34.7  | 58.3  | 2.1  |  -0.7   |   1.6   |
| 专业服务 | 603776 |  永安行  | 31.2  | 63.1  | 1.9  |  -3.7   |  -4.0   |
| 专业服务 | 603183 |  建研院  | 25.1  | -61.8 | 1.8  |   2.0   |   1.0   |
| 专业服务 | 002967 | 广电计量 | 124.2 | -39.1 | 1.8  |   8.1   |  15.8   |
| 专业服务 | 603698 | 航天工程 | 66.5  | 90.8  | 1.5  |  -3.0   |  -3.0   |
| 专业服务 | 002878 | 元隆雅图 | 41.7  | 11.3  | 1.4  |  -1.7   |  -3.0   |
| 专业服务 | 301169 | 零点有数 | 26.6  | -55.4 | 1.3  |  -3.7   |  -7.8   |
| 专业服务 | 300572 | 安车检测 | 33.3  | 55.0  | 1.2  |  -7.2   |   2.6   |
| 专业服务 | 300938 | 信测标准 | 38.3  | 42.8  | 0.3  |   0.3   |  10.8   |
| 专业服务 | 300962 | 中金辐照 | 37.8  | 31.7  | 0.2  |  -2.9   |  -3.3   |
| 专业服务 | 301306 | 西测测试 |  0.0  |  0.0  | 0.0  |   0.0   |   0.0   |
| 专业服务 | 301166 |  优宁维  | 51.2  | 59.0  | -0.7 |  -3.0   |   1.4   |
| 专业服务 | 300012 | 华测检测 | 349.0 | 72.8  | -0.8 |  -6.7   |  -6.1   |
| 专业服务 | 300416 | 苏试试验 | 85.8  | 74.4  | -0.8 |  -3.0   |  -2.4   |
| 专业服务 | 688179 |  阿拉丁  | 65.9  | 53.1  | -0.9 |  -6.6   |  -9.3   |
| 专业服务 | 300887 | 谱尼测试 | 120.8 | 547.8 | -1.4 |  -1.9   |  -3.4   |
| 专业服务 | 688133 | 泰坦科技 | 120.6 | 155.2 | -2.0 |  -12.0  |  -13.3  |
| 专业服务 | 301257 |  普蕊斯  | 32.8  | 84.1  | -2.2 |   2.4   |   6.7   |
| 专业服务 | 301080 | 百普赛斯 | 136.9 | 64.0  | -4.0 |  -5.0   |   0.4   |
+----------+--------+----------+-------+-------+------+---------+---------+
