[行业>市值]
+----------+--------+----------+-------+--------+------+---------+---------+
|   行业   |  代码  |   名称   | 市值  |   pe   | 涨幅 | 3日涨幅 | 6日涨幅 |
+----------+--------+----------+-------+--------+------+---------+---------+
| 包装材料 | 002191 | 劲嘉股份 | 140.2 |  11.5  | 0.6  |  -0.2   |  -2.3   |
| 包装材料 | 002701 |  奥瑞金  | 131.2 |  15.9  | 0.6  |  -0.6   |  -1.0   |
| 包装材料 | 600210 | 紫江企业 | 90.7  |  18.7  | 1.5  |  -5.2   |  -7.3   |
| 包装材料 | 601968 | 宝钢包装 | 89.8  |  35.0  | 1.7  |  -1.4   |   3.1   |
| 包装材料 | 601515 | 东风股份 | 82.8  |  17.1  | 0.2  |  -2.2   |  -4.1   |
| 包装材料 | 002735 | 王子新材 | 56.8  |  34.9  | 2.7  |   0.2   |  15.1   |
| 包装材料 | 002303 |  美盈森  | 50.5  |  30.7  | 1.2  |  -1.2   |  -2.4   |
| 包装材料 | 002565 | 顺灏股份 | 49.1  | -424.5 | 1.5  |  -1.5   |  -2.7   |
| 包装材料 | 301062 | 上海艾录 | 48.1  |  37.9  | 1.8  |  -7.8   |  -4.2   |
| 包装材料 | 002752 | 昇兴股份 | 47.9  |  25.4  | 1.2  |   4.0   |   1.4   |
| 包装材料 | 000659 | 珠海中富 | 44.9  | -57.6  | -0.3 |  -3.6   |   5.1   |
| 包装材料 | 600836 | 上海易连 | 44.8  | 514.5  | 0.0  |  -4.6   |  -0.1   |
| 包装材料 | 000812 | 陕西金叶 | 44.3  | 170.3  | 4.0  |   3.8   |  -0.7   |
| 包装材料 | 002228 | 合兴包装 | 43.0  |  20.5  | 1.8  |   0.9   |   1.2   |
| 包装材料 | 603687 |  大胜达  | 41.9  |  42.9  | 0.3  |  -0.6   |  -0.8   |
| 包装材料 | 002014 | 永新股份 | 40.5  |  15.5  | 0.6  |  -1.2   |  -0.9   |
| 包装材料 | 002969 | 嘉美包装 | 38.6  | 164.5  | 2.3  |  -1.5   |  -2.4   |
| 包装材料 | 002951 | 金时科技 | 37.6  | 982.1  | 4.6  |   2.0   |   3.7   |
| 包装材料 | 300501 | 海顺新材 | 28.4  |  27.9  | 2.1  |  -1.3   |  -0.4   |
| 包装材料 | 002799 | 环球印务 | 27.0  |  24.6  | 1.9  |  -2.2   |  -4.5   |
| 包装材料 | 002599 | 盛通股份 | 26.1  | -26.3  | 3.6  |  -0.4   |   0.2   |
| 包装材料 | 002846 | 英联股份 | 20.6  | -96.9  | 3.7  |   0.9   |   2.0   |
| 包装材料 | 002787 | 华源控股 | 18.7  | 145.7  | 1.4  |   0.7   |   2.4   |
| 包装材料 | 603022 |  新通联  | 18.2  |  56.9  | 3.3  |   1.3   |   0.1   |
| 包装材料 | 003003 | 天元股份 | 15.9  | 1366.8 | 1.6  |   0.1   |   0.6   |
+----------+--------+----------+-------+--------+------+---------+---------+
 




 [行业>单日涨幅]
+----------+--------+----------+-------+--------+------+---------+---------+
|   行业   |  代码  |   名称   | 市值  |   pe   | 涨幅 | 3日涨幅 | 6日涨幅 |
+----------+--------+----------+-------+--------+------+---------+---------+
| 包装材料 | 002951 | 金时科技 | 37.6  | 982.1  | 4.6  |   2.0   |   3.7   |
| 包装材料 | 000812 | 陕西金叶 | 44.3  | 170.3  | 4.0  |   3.8   |  -0.7   |
| 包装材料 | 002846 | 英联股份 | 20.6  | -96.9  | 3.7  |   0.9   |   2.0   |
| 包装材料 | 002599 | 盛通股份 | 26.1  | -26.3  | 3.6  |  -0.4   |   0.2   |
| 包装材料 | 603022 |  新通联  | 18.2  |  56.9  | 3.3  |   1.3   |   0.1   |
| 包装材料 | 002735 | 王子新材 | 56.8  |  34.9  | 2.7  |   0.2   |  15.1   |
| 包装材料 | 002969 | 嘉美包装 | 38.6  | 164.5  | 2.3  |  -1.5   |  -2.4   |
| 包装材料 | 300501 | 海顺新材 | 28.4  |  27.9  | 2.1  |  -1.3   |  -0.4   |
| 包装材料 | 002799 | 环球印务 | 27.0  |  24.6  | 1.9  |  -2.2   |  -4.5   |
| 包装材料 | 301062 | 上海艾录 | 48.1  |  37.9  | 1.8  |  -7.8   |  -4.2   |
| 包装材料 | 002228 | 合兴包装 | 43.0  |  20.5  | 1.8  |   0.9   |   1.2   |
| 包装材料 | 601968 | 宝钢包装 | 89.8  |  35.0  | 1.7  |  -1.4   |   3.1   |
| 包装材料 | 003003 | 天元股份 | 15.9  | 1366.8 | 1.6  |   0.1   |   0.6   |
| 包装材料 | 002565 | 顺灏股份 | 49.1  | -424.5 | 1.5  |  -1.5   |  -2.7   |
| 包装材料 | 600210 | 紫江企业 | 90.7  |  18.7  | 1.5  |  -5.2   |  -7.3   |
| 包装材料 | 002787 | 华源控股 | 18.7  | 145.7  | 1.4  |   0.7   |   2.4   |
| 包装材料 | 002752 | 昇兴股份 | 47.9  |  25.4  | 1.2  |   4.0   |   1.4   |
| 包装材料 | 002303 |  美盈森  | 50.5  |  30.7  | 1.2  |  -1.2   |  -2.4   |
| 包装材料 | 002191 | 劲嘉股份 | 140.2 |  11.5  | 0.6  |  -0.2   |  -2.3   |
| 包装材料 | 002014 | 永新股份 | 40.5  |  15.5  | 0.6  |  -1.2   |  -0.9   |
| 包装材料 | 002701 |  奥瑞金  | 131.2 |  15.9  | 0.6  |  -0.6   |  -1.0   |
| 包装材料 | 603687 |  大胜达  | 41.9  |  42.9  | 0.3  |  -0.6   |  -0.8   |
| 包装材料 | 601515 | 东风股份 | 82.8  |  17.1  | 0.2  |  -2.2   |  -4.1   |
| 包装材料 | 600836 | 上海易连 | 44.8  | 514.5  | 0.0  |  -4.6   |  -0.1   |
| 包装材料 | 000659 | 珠海中富 | 44.9  | -57.6  | -0.3 |  -3.6   |   5.1   |
+----------+--------+----------+-------+--------+------+---------+---------+
