[行业>市值]
+----------+--------+----------+--------+-------+------+---------+---------+
|   行业   |  代码  |   名称   |  市值  |  pe   | 涨幅 | 3日涨幅 | 6日涨幅 |
+----------+--------+----------+--------+-------+------+---------+---------+
| 化纤行业 | 002493 | 荣盛石化 | 1532.0 | 12.3  | -0.8 |   3.9   |  -0.7   |
| 化纤行业 | 600346 | 恒力石化 | 1487.0 |  8.8  | -0.5 |  -0.7   |  -3.8   |
| 化纤行业 | 000301 | 东方盛虹 | 1000.0 | 36.3  | 1.9  |   0.3   |  -1.0   |
| 化纤行业 | 002064 | 华峰化学 | 380.6  |  7.0  | -0.8 |  -5.9   |  -10.8  |
| 化纤行业 | 601233 | 桐昆股份 | 357.3  |  5.9  | -0.1 |  -2.4   |  -7.0   |
| 化纤行业 | 000703 | 恒逸石化 | 357.1  | 12.2  | -2.3 |  -1.2   |  -6.4   |
| 化纤行业 | 688295 | 中复神鹰 | 334.9  | 71.1  | -1.9 |  -3.6   |  -3.9   |
| 化纤行业 | 300777 | 中简科技 | 215.6  | 59.5  | -1.1 |  -1.9   |  -4.2   |
| 化纤行业 | 603225 |  新凤鸣  | 160.7  | 14.1  | -0.8 |  -5.2   |  -9.1   |
| 化纤行业 | 600063 | 皖维高新 | 144.1  |  8.7  | 2.9  |  -2.0   |  -5.0   |
| 化纤行业 | 002254 | 泰和新材 | 106.8  | 18.3  | 0.2  |  -5.7   |  -8.7   |
| 化纤行业 | 000420 | 吉林化纤 | 106.0  | -54.1 | 3.0  |   0.0   |   2.3   |
| 化纤行业 | 600810 | 神马股份 |  89.7  |  6.1  | -0.3 |  -3.5   |  -8.7   |
| 化纤行业 | 002206 |  海利得  |  71.9  | 14.7  | -1.0 |  -2.0   |  -3.9   |
| 化纤行业 | 000949 | 新乡化纤 |  52.4  | 32.0  | 0.6  |  -1.9   |  -4.0   |
| 化纤行业 | 601113 | 华鼎股份 |  47.1  | -15.5 | 0.0  |  -1.4   |  -2.8   |
| 化纤行业 | 000936 | 华西股份 |  45.8  | 59.3  | 1.6  |  -2.1   |  -1.7   |
| 化纤行业 | 002427 | *ST尤夫  |  42.2  | -6.0  | -1.6 |  -2.2   |   4.6   |
| 化纤行业 | 603332 | 苏州龙杰 |  40.0  | -74.4 | 0.1  |   2.6   |   3.4   |
| 化纤行业 | 600527 | 江南高纤 |  39.3  | 61.5  | 0.4  |  -1.7   |  -3.0   |
| 化纤行业 | 688722 |  同益中  |  35.7  | 29.2  | -1.1 |  -5.2   |  -9.1   |
| 化纤行业 | 000677 | 恒天海龙 |  26.8  | 43.1  | 1.3  |  -1.9   |  -0.3   |
| 化纤行业 | 301057 | 汇隆新材 |  26.8  | 54.0  | -0.5 |  -3.1   |  -7.1   |
| 化纤行业 | 000782 | 美达股份 |  24.9  | 31.3  | 1.7  |   0.2   |   0.2   |
| 化纤行业 | 002998 | 优彩资源 |  22.3  | 18.7  | 1.2  |  -1.0   |  -3.3   |
| 化纤行业 | 300876 | 蒙泰高新 |  22.2  | 36.6  | -1.1 |   3.4   |   4.5   |
| 化纤行业 | 600889 | 南京化纤 |  17.9  | -14.2 | 2.1  |   0.0   |  -1.0   |
+----------+--------+----------+--------+-------+------+---------+---------+
 




 [行业>单日涨幅]
+----------+--------+----------+--------+-------+------+---------+---------+
|   行业   |  代码  |   名称   |  市值  |  pe   | 涨幅 | 3日涨幅 | 6日涨幅 |
+----------+--------+----------+--------+-------+------+---------+---------+
| 化纤行业 | 000420 | 吉林化纤 | 106.0  | -54.1 | 3.0  |   0.0   |   2.3   |
| 化纤行业 | 600063 | 皖维高新 | 144.1  |  8.7  | 2.9  |  -2.0   |  -5.0   |
| 化纤行业 | 600889 | 南京化纤 |  17.9  | -14.2 | 2.1  |   0.0   |  -1.0   |
| 化纤行业 | 000301 | 东方盛虹 | 1000.0 | 36.3  | 1.9  |   0.3   |  -1.0   |
| 化纤行业 | 000782 | 美达股份 |  24.9  | 31.3  | 1.7  |   0.2   |   0.2   |
| 化纤行业 | 000936 | 华西股份 |  45.8  | 59.3  | 1.6  |  -2.1   |  -1.7   |
| 化纤行业 | 000677 | 恒天海龙 |  26.8  | 43.1  | 1.3  |  -1.9   |  -0.3   |
| 化纤行业 | 002998 | 优彩资源 |  22.3  | 18.7  | 1.2  |  -1.0   |  -3.3   |
| 化纤行业 | 000949 | 新乡化纤 |  52.4  | 32.0  | 0.6  |  -1.9   |  -4.0   |
| 化纤行业 | 600527 | 江南高纤 |  39.3  | 61.5  | 0.4  |  -1.7   |  -3.0   |
| 化纤行业 | 002254 | 泰和新材 | 106.8  | 18.3  | 0.2  |  -5.7   |  -8.7   |
| 化纤行业 | 603332 | 苏州龙杰 |  40.0  | -74.4 | 0.1  |   2.6   |   3.4   |
| 化纤行业 | 601113 | 华鼎股份 |  47.1  | -15.5 | 0.0  |  -1.4   |  -2.8   |
| 化纤行业 | 601233 | 桐昆股份 | 357.3  |  5.9  | -0.1 |  -2.4   |  -7.0   |
| 化纤行业 | 600810 | 神马股份 |  89.7  |  6.1  | -0.3 |  -3.5   |  -8.7   |
| 化纤行业 | 301057 | 汇隆新材 |  26.8  | 54.0  | -0.5 |  -3.1   |  -7.1   |
| 化纤行业 | 600346 | 恒力石化 | 1487.0 |  8.8  | -0.5 |  -0.7   |  -3.8   |
| 化纤行业 | 002064 | 华峰化学 | 380.6  |  7.0  | -0.8 |  -5.9   |  -10.8  |
| 化纤行业 | 002493 | 荣盛石化 | 1532.0 | 12.3  | -0.8 |   3.9   |  -0.7   |
| 化纤行业 | 603225 |  新凤鸣  | 160.7  | 14.1  | -0.8 |  -5.2   |  -9.1   |
| 化纤行业 | 002206 |  海利得  |  71.9  | 14.7  | -1.0 |  -2.0   |  -3.9   |
| 化纤行业 | 300777 | 中简科技 | 215.6  | 59.5  | -1.1 |  -1.9   |  -4.2   |
| 化纤行业 | 300876 | 蒙泰高新 |  22.2  | 36.6  | -1.1 |   3.4   |   4.5   |
| 化纤行业 | 688722 |  同益中  |  35.7  | 29.2  | -1.1 |  -5.2   |  -9.1   |
| 化纤行业 | 002427 | *ST尤夫  |  42.2  | -6.0  | -1.6 |  -2.2   |   4.6   |
| 化纤行业 | 688295 | 中复神鹰 | 334.9  | 71.1  | -1.9 |  -3.6   |  -3.9   |
| 化纤行业 | 000703 | 恒逸石化 | 357.1  | 12.2  | -2.3 |  -1.2   |  -6.4   |
+----------+--------+----------+--------+-------+------+---------+---------+
