[行业>市值]
+----------+--------+----------+--------+-------+------+---------+---------+
|   行业   |  代码  |   名称   |  市值  |  pe   | 涨幅 | 3日涨幅 | 6日涨幅 |
+----------+--------+----------+--------+-------+------+---------+---------+
| 化肥行业 | 000792 | 盐湖股份 | 1718.0 | 12.3  | 2.0  |  -5.0   |  -1.8   |
| 化肥行业 | 000408 | 藏格矿业 | 576.4  | 17.7  | 1.9  |  -3.5   |  -2.4   |
| 化肥行业 | 600096 |  云天化  | 549.7  |  8.3  | 2.7  |  -4.8   |  -16.9  |
| 化肥行业 | 600141 | 兴发集团 | 441.8  |  6.4  | 0.7  |  -6.4   |  -15.4  |
| 化肥行业 | 002312 | 川发龙蟒 | 274.1  | 25.1  | 0.8  |  -4.4   |  -11.0  |
| 化肥行业 | 000893 | 亚钾国际 | 264.7  | 23.6  | 3.0  |   1.5   |  -5.5   |
| 化肥行业 | 000902 |  新洋丰  | 228.3  | 14.0  | -1.6 |  -4.4   |  -9.7   |
| 化肥行业 | 002895 | 川恒股份 | 158.4  | 38.0  | -1.0 |  -3.0   |  -19.3  |
| 化肥行业 | 002539 | 云图控股 | 157.6  |  8.5  | -1.2 |  -2.3   |  -12.1  |
| 化肥行业 | 603938 | 三孚股份 | 127.6  | 21.2  | 1.5  |  -4.7   |  -13.8  |
| 化肥行业 | 002556 | 辉隆股份 | 106.2  | 12.7  | 0.3  |  -2.4   |  -5.4   |
| 化肥行业 | 600691 | 阳煤化工 |  94.3  | 25.5  | 1.0  |  -1.0   |  -6.4   |
| 化肥行业 | 600078 | *ST澄星  |  90.4  | 33.5  | 5.0  |  15.8   |  11.0   |
| 化肥行业 | 002538 |  司尔特  |  86.0  | 13.9  | -0.7 |  -6.2   |  -17.5  |
| 化肥行业 | 002274 | 华昌化工 |  85.7  |  8.8  | 0.1  |  -3.6   |  -10.4  |
| 化肥行业 | 002588 |  史丹利  |  82.2  | 13.7  | 1.4  |  -1.1   |  -6.5   |
| 化肥行业 | 000912 |  泸天化  |  79.5  | 14.2  | 0.4  |  -3.1   |  -8.8   |
| 化肥行业 | 002470 |  ST金正  |  75.9  | -72.8 | 1.3  |  -0.4   |  -3.4   |
| 化肥行业 | 300505 |  川金诺  |  65.5  | 27.4  | 0.1  |  -5.1   |  -16.3  |
| 化肥行业 | 002170 | 芭田股份 |  55.1  | 63.4  | 0.3  |  -6.5   |  -11.8  |
| 化肥行业 | 000731 | 四川美丰 |  52.7  |  7.4  | 0.7  |  -2.6   |  -8.3   |
| 化肥行业 | 600470 | 六国化工 |  41.8  | 15.7  | 2.7  |  -1.1   |  -7.2   |
| 化肥行业 | 002999 | 天禾股份 |  24.5  | 43.8  | 0.6  |  -0.1   |  -5.8   |
| 化肥行业 | 300387 | 富邦股份 |  19.9  | 36.9  | 1.6  |  -2.4   |  -6.8   |
+----------+--------+----------+--------+-------+------+---------+---------+
 




 [行业>单日涨幅]
+----------+--------+----------+--------+-------+------+---------+---------+
|   行业   |  代码  |   名称   |  市值  |  pe   | 涨幅 | 3日涨幅 | 6日涨幅 |
+----------+--------+----------+--------+-------+------+---------+---------+
| 化肥行业 | 600078 | *ST澄星  |  90.4  | 33.5  | 5.0  |  15.8   |  11.0   |
| 化肥行业 | 000893 | 亚钾国际 | 264.7  | 23.6  | 3.0  |   1.5   |  -5.5   |
| 化肥行业 | 600470 | 六国化工 |  41.8  | 15.7  | 2.7  |  -1.1   |  -7.2   |
| 化肥行业 | 600096 |  云天化  | 549.7  |  8.3  | 2.7  |  -4.8   |  -16.9  |
| 化肥行业 | 000792 | 盐湖股份 | 1718.0 | 12.3  | 2.0  |  -5.0   |  -1.8   |
| 化肥行业 | 000408 | 藏格矿业 | 576.4  | 17.7  | 1.9  |  -3.5   |  -2.4   |
| 化肥行业 | 300387 | 富邦股份 |  19.9  | 36.9  | 1.6  |  -2.4   |  -6.8   |
| 化肥行业 | 603938 | 三孚股份 | 127.6  | 21.2  | 1.5  |  -4.7   |  -13.8  |
| 化肥行业 | 002588 |  史丹利  |  82.2  | 13.7  | 1.4  |  -1.1   |  -6.5   |
| 化肥行业 | 002470 |  ST金正  |  75.9  | -72.8 | 1.3  |  -0.4   |  -3.4   |
| 化肥行业 | 600691 | 阳煤化工 |  94.3  | 25.5  | 1.0  |  -1.0   |  -6.4   |
| 化肥行业 | 002312 | 川发龙蟒 | 274.1  | 25.1  | 0.8  |  -4.4   |  -11.0  |
| 化肥行业 | 600141 | 兴发集团 | 441.8  |  6.4  | 0.7  |  -6.4   |  -15.4  |
| 化肥行业 | 000731 | 四川美丰 |  52.7  |  7.4  | 0.7  |  -2.6   |  -8.3   |
| 化肥行业 | 002999 | 天禾股份 |  24.5  | 43.8  | 0.6  |  -0.1   |  -5.8   |
| 化肥行业 | 000912 |  泸天化  |  79.5  | 14.2  | 0.4  |  -3.1   |  -8.8   |
| 化肥行业 | 002170 | 芭田股份 |  55.1  | 63.4  | 0.3  |  -6.5   |  -11.8  |
| 化肥行业 | 002556 | 辉隆股份 | 106.2  | 12.7  | 0.3  |  -2.4   |  -5.4   |
| 化肥行业 | 002274 | 华昌化工 |  85.7  |  8.8  | 0.1  |  -3.6   |  -10.4  |
| 化肥行业 | 300505 |  川金诺  |  65.5  | 27.4  | 0.1  |  -5.1   |  -16.3  |
| 化肥行业 | 002538 |  司尔特  |  86.0  | 13.9  | -0.7 |  -6.2   |  -17.5  |
| 化肥行业 | 002895 | 川恒股份 | 158.4  | 38.0  | -1.0 |  -3.0   |  -19.3  |
| 化肥行业 | 002539 | 云图控股 | 157.6  |  8.5  | -1.2 |  -2.3   |  -12.1  |
| 化肥行业 | 000902 |  新洋丰  | 228.3  | 14.0  | -1.6 |  -4.4   |  -9.7   |
+----------+--------+----------+--------+-------+------+---------+---------+
