[行业>市值]
+----------+--------+----------+-------+-------+-------+---------+---------+
|   行业   |  代码  |   名称   | 市值  |  pe   | 涨幅  | 3日涨幅 | 6日涨幅 |
+----------+--------+----------+-------+-------+-------+---------+---------+
| 医药商业 | 601607 | 上海医药 | 665.0 | 13.3  | -0.3  |  -1.1   |  -1.5   |
| 医药商业 | 603939 | 益丰药房 | 364.3 | 33.5  | -1.7  |  -3.7   |  -7.0   |
| 医药商业 | 603233 |  大参林  | 294.8 | 19.2  | -2.6  |  -0.2   |  -2.4   |
| 医药商业 | 600056 | 中国医药 | 236.0 | 24.0  | -6.2  |   7.7   |   6.2   |
| 医药商业 | 600998 |  九州通  | 220.2 | 12.2  | -0.8  |  -0.5   |  -2.2   |
| 医药商业 | 600511 | 国药股份 | 201.7 | 13.5  | -0.1  |  -1.5   |  -1.5   |
| 医药商业 | 603883 |  老百姓  | 190.5 | 19.7  | -1.4  |  -4.6   |  -6.5   |
| 医药商业 | 002727 |  一心堂  | 128.0 | 17.8  | -0.3  |  -4.1   |  -5.0   |
| 医药商业 | 000028 | 国药一致 | 124.5 | 12.3  | -1.1  |  -1.3   |  -2.1   |
| 医药商业 | 301015 | 百洋医药 | 107.5 | 30.4  | -0.9  |  -5.0   |  -7.4   |
| 医药商业 | 000078 | 海王生物 | 101.0 | 35.6  | -1.9  |   2.8   |   1.4   |
| 医药商业 | 000950 | 重药控股 | 98.0  | 21.9  | -7.9  |   5.0   |  13.3   |
| 医药商业 | 002411 | *ST必康  | 88.6  |  8.2  |  5.1  |  15.8   |   3.0   |
| 医药商业 | 002589 | 瑞康医药 | 84.9  | 49.6  | -10.1 |   8.9   |  45.0   |
| 医药商业 | 301263 |  泰恩康  | 72.1  | 33.5  | -1.9  |  -6.2   |  -8.6   |
| 医药商业 | 301017 | 漱玉平民 | 67.2  | 33.9  | -0.4  |  -1.5   |  -3.5   |
| 医药商业 | 600713 | 南京医药 | 65.3  | 12.3  |  0.4  |   2.2   |   2.5   |
| 医药商业 | 603368 | 柳药集团 | 60.4  |  6.8  | -0.5  |  -2.0   |  -5.3   |
| 医药商业 | 605266 |  健之佳  | 43.7  | 37.2  | -1.5  |  -2.4   |  -5.4   |
| 医药商业 | 002462 |  嘉事堂  | 39.5  | 12.5  | -0.5  |   2.7   |   1.1   |
| 医药商业 | 600829 | 人民同泰 | 36.8  | 19.9  |  0.3  |   0.8   |   0.8   |
| 医药商业 | 000411 | 英特集团 | 31.9  | 16.8  | -1.8  |  -2.5   |  -0.7   |
| 医药商业 | 002788 | 鹭燕医药 | 31.6  | 11.0  |  0.0  |   0.6   |  -0.4   |
| 医药商业 | 300937 |  药易购  | 29.0  | 79.4  | -2.7  |  -4.0   |  -4.0   |
| 医药商业 | 603716 | 塞力医疗 | 27.5  | 32.4  |  0.4  |  -0.2   |   0.8   |
| 医药商业 | 000705 | 浙江震元 | 27.0  | 44.5  | -0.1  |  -0.7   |  -2.1   |
| 医药商业 | 600833 | 第一医药 | 24.7  | 98.7  | -4.4  |   5.4   |   6.4   |
| 医药商业 | 600272 | 开开实业 | 24.2  | 71.8  | -2.4  |   2.9   |   3.9   |
| 医药商业 | 002872 |  ST天圣  | 15.6  | -24.7 |  0.8  |  -1.0   |   0.0   |
| 医药商业 | 600767 | *ST运盛  | 13.0  | -83.6 | -1.6  |   0.0   |  -2.3   |
+----------+--------+----------+-------+-------+-------+---------+---------+
 




 [行业>单日涨幅]
+----------+--------+----------+-------+-------+-------+---------+---------+
|   行业   |  代码  |   名称   | 市值  |  pe   | 涨幅  | 3日涨幅 | 6日涨幅 |
+----------+--------+----------+-------+-------+-------+---------+---------+
| 医药商业 | 002411 | *ST必康  | 88.6  |  8.2  |  5.1  |  15.8   |   3.0   |
| 医药商业 | 002872 |  ST天圣  | 15.6  | -24.7 |  0.8  |  -1.0   |   0.0   |
| 医药商业 | 600713 | 南京医药 | 65.3  | 12.3  |  0.4  |   2.2   |   2.5   |
| 医药商业 | 603716 | 塞力医疗 | 27.5  | 32.4  |  0.4  |  -0.2   |   0.8   |
| 医药商业 | 600829 | 人民同泰 | 36.8  | 19.9  |  0.3  |   0.8   |   0.8   |
| 医药商业 | 002788 | 鹭燕医药 | 31.6  | 11.0  |  0.0  |   0.6   |  -0.4   |
| 医药商业 | 600511 | 国药股份 | 201.7 | 13.5  | -0.1  |  -1.5   |  -1.5   |
| 医药商业 | 000705 | 浙江震元 | 27.0  | 44.5  | -0.1  |  -0.7   |  -2.1   |
| 医药商业 | 601607 | 上海医药 | 665.0 | 13.3  | -0.3  |  -1.1   |  -1.5   |
| 医药商业 | 002727 |  一心堂  | 128.0 | 17.8  | -0.3  |  -4.1   |  -5.0   |
| 医药商业 | 301017 | 漱玉平民 | 67.2  | 33.9  | -0.4  |  -1.5   |  -3.5   |
| 医药商业 | 002462 |  嘉事堂  | 39.5  | 12.5  | -0.5  |   2.7   |   1.1   |
| 医药商业 | 603368 | 柳药集团 | 60.4  |  6.8  | -0.5  |  -2.0   |  -5.3   |
| 医药商业 | 600998 |  九州通  | 220.2 | 12.2  | -0.8  |  -0.5   |  -2.2   |
| 医药商业 | 301015 | 百洋医药 | 107.5 | 30.4  | -0.9  |  -5.0   |  -7.4   |
| 医药商业 | 000028 | 国药一致 | 124.5 | 12.3  | -1.1  |  -1.3   |  -2.1   |
| 医药商业 | 603883 |  老百姓  | 190.5 | 19.7  | -1.4  |  -4.6   |  -6.5   |
| 医药商业 | 605266 |  健之佳  | 43.7  | 37.2  | -1.5  |  -2.4   |  -5.4   |
| 医药商业 | 600767 | *ST运盛  | 13.0  | -83.6 | -1.6  |   0.0   |  -2.3   |
| 医药商业 | 603939 | 益丰药房 | 364.3 | 33.5  | -1.7  |  -3.7   |  -7.0   |
| 医药商业 | 000411 | 英特集团 | 31.9  | 16.8  | -1.8  |  -2.5   |  -0.7   |
| 医药商业 | 000078 | 海王生物 | 101.0 | 35.6  | -1.9  |   2.8   |   1.4   |
| 医药商业 | 301263 |  泰恩康  | 72.1  | 33.5  | -1.9  |  -6.2   |  -8.6   |
| 医药商业 | 600272 | 开开实业 | 24.2  | 71.8  | -2.4  |   2.9   |   3.9   |
| 医药商业 | 603233 |  大参林  | 294.8 | 19.2  | -2.6  |  -0.2   |  -2.4   |
| 医药商业 | 300937 |  药易购  | 29.0  | 79.4  | -2.7  |  -4.0   |  -4.0   |
| 医药商业 | 600833 | 第一医药 | 24.7  | 98.7  | -4.4  |   5.4   |   6.4   |
| 医药商业 | 600056 | 中国医药 | 236.0 | 24.0  | -6.2  |   7.7   |   6.2   |
| 医药商业 | 000950 | 重药控股 | 98.0  | 21.9  | -7.9  |   5.0   |  13.3   |
| 医药商业 | 002589 | 瑞康医药 | 84.9  | 49.6  | -10.1 |   8.9   |  45.0   |
+----------+--------+----------+-------+-------+-------+---------+---------+
