[行业>市值]
+----------+--------+----------+-------+--------+------+---------+---------+
|   行业   |  代码  |   名称   | 市值  |   pe   | 涨幅 | 3日涨幅 | 6日涨幅 |
+----------+--------+----------+-------+--------+------+---------+---------+
| 多元金融 | 000617 | 中油资本 | 576.5 |  8.4   | 0.7  |   0.7   |  -0.8   |
| 多元金融 | 000987 | 越秀金控 | 326.1 |  14.0  | 1.6  |   0.6   |  -3.1   |
| 多元金融 | 600705 | 中航产融 | 290.8 | 634.7  | 1.2  |   0.0   |  -1.1   |
| 多元金融 | 600927 | 永安期货 | 281.8 | 216.1  | 0.3  |   0.4   |  -1.1   |
| 多元金融 | 600816 |  ST安信  | 224.2 | -11.8  | 0.2  |  -1.9   |  -2.6   |
| 多元金融 | 600390 | 五矿资本 | 219.1 |  7.8   | 0.8  |   0.4   |   0.0   |
| 多元金融 | 600901 | 江苏租赁 | 149.6 |  6.1   | 0.2  |  -0.8   |  -2.7   |
| 多元金融 | 002423 | 中粮资本 | 147.7 | -10.8  | 0.0  |  -0.8   |  -1.1   |
| 多元金融 | 000567 | 海德股份 | 143.3 |  28.1  | 3.4  |   2.9   |   0.5   |
| 多元金融 | 000415 | 渤海租赁 | 137.9 |  -4.7  | 1.8  |   1.8   |   0.5   |
| 多元金融 | 000563 | 陕国投Ａ  | 122.9 |  13.2  | 1.6  |   2.0   |   1.0   |
| 多元金融 | 600120 | 浙江东方 | 115.0 |  72.0  | -0.5 |  -0.5   |   1.5   |
| 多元金融 | 600643 | 爱建集团 | 93.4  |  7.8   | 0.7  |   0.9   |  -1.4   |
| 多元金融 | 000046 | 泛海控股 | 75.9  |  -2.4  | 0.0  |  -0.7   |  -1.4   |
| 多元金融 | 002961 | 瑞达期货 | 74.1  |  19.4  | 0.5  |  -1.4   |  -2.4   |
| 多元金融 | 600053 | 九鼎投资 | 70.8  |  39.9  | -0.8 |  -0.4   |   1.5   |
| 多元金融 | 000666 | 经纬纺机 | 65.4  |  12.0  | 4.5  |   6.9   |   6.0   |
| 多元金融 | 603093 | 南华期货 | 61.1  |  54.3  | 0.9  |  -1.3   |  -1.7   |
| 多元金融 | 600318 | 新力金融 | 39.2  | 426.6  | 3.7  |   6.4   |   5.1   |
| 多元金融 | 002647 | 仁东控股 | 36.6  | -44.4  | 0.1  |   0.0   |  -2.5   |
| 多元金融 | 600830 | 香溢融通 | 25.8  |  53.7  | 2.5  |   2.5   |   3.1   |
| 多元金融 | 000416 | 民生控股 | 19.8  | -106.9 | 1.4  |  -1.3   |  -0.3   |
| 多元金融 | 600139 | *ST西源  | 19.3  | -13.2  | 5.0  |  15.9   |  29.2   |
| 多元金融 | 001236 | 弘业期货 | 16.9  |  59.8  | 0.0  |   0.0   |   0.0   |
| 多元金融 | 300309 | *ST吉艾  | 14.8  |  -3.3  | -1.2 |  -2.9   |   0.0   |
| 多元金融 | 600599 |  ST熊猫  | 14.6  |  10.1  | -0.7 |  -4.5   |  -4.6   |
+----------+--------+----------+-------+--------+------+---------+---------+
 




 [行业>单日涨幅]
+----------+--------+----------+-------+--------+------+---------+---------+
|   行业   |  代码  |   名称   | 市值  |   pe   | 涨幅 | 3日涨幅 | 6日涨幅 |
+----------+--------+----------+-------+--------+------+---------+---------+
| 多元金融 | 600139 | *ST西源  | 19.3  | -13.2  | 5.0  |  15.9   |  29.2   |
| 多元金融 | 000666 | 经纬纺机 | 65.4  |  12.0  | 4.5  |   6.9   |   6.0   |
| 多元金融 | 600318 | 新力金融 | 39.2  | 426.6  | 3.7  |   6.4   |   5.1   |
| 多元金融 | 000567 | 海德股份 | 143.3 |  28.1  | 3.4  |   2.9   |   0.5   |
| 多元金融 | 600830 | 香溢融通 | 25.8  |  53.7  | 2.5  |   2.5   |   3.1   |
| 多元金融 | 000415 | 渤海租赁 | 137.9 |  -4.7  | 1.8  |   1.8   |   0.5   |
| 多元金融 | 000563 | 陕国投Ａ  | 122.9 |  13.2  | 1.6  |   2.0   |   1.0   |
| 多元金融 | 000987 | 越秀金控 | 326.1 |  14.0  | 1.6  |   0.6   |  -3.1   |
| 多元金融 | 000416 | 民生控股 | 19.8  | -106.9 | 1.4  |  -1.3   |  -0.3   |
| 多元金融 | 600705 | 中航产融 | 290.8 | 634.7  | 1.2  |   0.0   |  -1.1   |
| 多元金融 | 603093 | 南华期货 | 61.1  |  54.3  | 0.9  |  -1.3   |  -1.7   |
| 多元金融 | 600390 | 五矿资本 | 219.1 |  7.8   | 0.8  |   0.4   |   0.0   |
| 多元金融 | 600643 | 爱建集团 | 93.4  |  7.8   | 0.7  |   0.9   |  -1.4   |
| 多元金融 | 000617 | 中油资本 | 576.5 |  8.4   | 0.7  |   0.7   |  -0.8   |
| 多元金融 | 002961 | 瑞达期货 | 74.1  |  19.4  | 0.5  |  -1.4   |  -2.4   |
| 多元金融 | 600927 | 永安期货 | 281.8 | 216.1  | 0.3  |   0.4   |  -1.1   |
| 多元金融 | 600816 |  ST安信  | 224.2 | -11.8  | 0.2  |  -1.9   |  -2.6   |
| 多元金融 | 600901 | 江苏租赁 | 149.6 |  6.1   | 0.2  |  -0.8   |  -2.7   |
| 多元金融 | 002647 | 仁东控股 | 36.6  | -44.4  | 0.1  |   0.0   |  -2.5   |
| 多元金融 | 002423 | 中粮资本 | 147.7 | -10.8  | 0.0  |  -0.8   |  -1.1   |
| 多元金融 | 000046 | 泛海控股 | 75.9  |  -2.4  | 0.0  |  -0.7   |  -1.4   |
| 多元金融 | 001236 | 弘业期货 | 16.9  |  59.8  | 0.0  |   0.0   |   0.0   |
| 多元金融 | 600120 | 浙江东方 | 115.0 |  72.0  | -0.5 |  -0.5   |   1.5   |
| 多元金融 | 600599 |  ST熊猫  | 14.6  |  10.1  | -0.7 |  -4.5   |  -4.6   |
| 多元金融 | 600053 | 九鼎投资 | 70.8  |  39.9  | -0.8 |  -0.4   |   1.5   |
| 多元金融 | 300309 | *ST吉艾  | 14.8  |  -3.3  | -1.2 |  -2.9   |   0.0   |
+----------+--------+----------+-------+--------+------+---------+---------+
