[行业>市值]
+----------+--------+----------+-------+--------+------+---------+---------+
|   行业   |  代码  |   名称   | 市值  |   pe   | 涨幅 | 3日涨幅 | 6日涨幅 |
+----------+--------+----------+-------+--------+------+---------+---------+
| 家用轻工 | 603899 | 晨光股份 | 454.4 |  41.2  | -0.8 |  -4.5   |  -8.6   |
| 家用轻工 | 001323 | 慕思股份 | 175.8 |  35.4  | 1.4  |  -4.5   |  -4.1   |
| 家用轻工 | 605099 | 共创草坪 | 100.8 |  29.5  | 2.3  |  -4.3   |  -6.4   |
| 家用轻工 | 603398 | 沐邦高科 | 95.5  | -261.9 | 2.6  |  -1.8   |  -4.0   |
| 家用轻工 | 002489 | 浙江永强 | 77.2  |  14.1  | 0.3  |  -1.7   |  -4.0   |
| 家用轻工 | 002678 | 珠江钢琴 | 76.2  |  35.9  | 1.1  |  -1.8   |  -2.1   |
| 家用轻工 | 301101 | 明月镜片 | 69.6  |  78.7  | 6.0  |   1.2   |   7.2   |
| 家用轻工 | 603848 |  好太太  | 68.2  |  37.6  | 0.4  |   3.0   |  15.0   |
| 家用轻工 | 002605 | 姚记科技 | 60.9  |  16.6  | 0.5  |  -1.8   |  -4.8   |
| 家用轻工 | 002301 | 齐心集团 | 46.6  |  21.2  | 0.9  |   0.6   |  -1.6   |
| 家用轻工 | 605299 | 舒华体育 | 43.2  |  81.2  | 0.6  |  -5.8   |  -6.0   |
| 家用轻工 | 300729 | 乐歌股份 | 36.4  |  50.5  | 0.7  |  -4.0   |  -7.8   |
| 家用轻工 | 600439 |  瑞贝卡  | 31.5  |  61.6  | 1.1  |  -0.4   |  -0.7   |
| 家用轻工 | 300651 | 金陵体育 | 31.2  | 305.2  | 1.4  |  -1.5   |  -3.3   |
| 家用轻工 | 002575 | 群兴玩具 | 28.5  | 410.6  | 0.2  |  -5.5   |  -1.5   |
| 家用轻工 | 002571 | 德力股份 | 27.0  | 261.7  | 2.8  |  -0.7   |  -8.4   |
| 家用轻工 | 002615 |  哈尔斯  | 25.3  |  20.5  | 2.5  |   2.7   |   1.2   |
| 家用轻工 | 301004 | 嘉益股份 | 23.5  |  17.8  | 5.3  |  -1.7   |  -0.3   |
| 家用轻工 | 002103 | 广博股份 | 23.1  | -38.7  | 0.7  |  -0.9   |  -1.4   |
| 家用轻工 | 002348 | 高乐股份 | 22.8  | -11.4  | -1.6 |  -15.4  |  -7.7   |
| 家用轻工 | 300703 | 创源股份 | 18.3  | 113.2  | 0.1  |   3.4   |   4.8   |
| 家用轻工 | 300329 | 海伦钢琴 | 17.0  |  67.6  | 2.1  |  -3.7   |  -2.3   |
| 家用轻工 | 300640 | 德艺文创 | 16.4  |  49.5  | 1.8  |  -2.2   |  -1.2   |
| 家用轻工 | 002899 |  英派斯  | 14.6  | 273.4  | 2.3  |  -1.5   |  -0.5   |
| 家用轻工 | 002862 | 实丰文化 | 13.5  | 175.5  | 2.8  |  -0.1   |  -0.1   |
+----------+--------+----------+-------+--------+------+---------+---------+
 




 [行业>单日涨幅]
+----------+--------+----------+-------+--------+------+---------+---------+
|   行业   |  代码  |   名称   | 市值  |   pe   | 涨幅 | 3日涨幅 | 6日涨幅 |
+----------+--------+----------+-------+--------+------+---------+---------+
| 家用轻工 | 301101 | 明月镜片 | 69.6  |  78.7  | 6.0  |   1.2   |   7.2   |
| 家用轻工 | 301004 | 嘉益股份 | 23.5  |  17.8  | 5.3  |  -1.7   |  -0.3   |
| 家用轻工 | 002571 | 德力股份 | 27.0  | 261.7  | 2.8  |  -0.7   |  -8.4   |
| 家用轻工 | 002862 | 实丰文化 | 13.5  | 175.5  | 2.8  |  -0.1   |  -0.1   |
| 家用轻工 | 603398 | 沐邦高科 | 95.5  | -261.9 | 2.6  |  -1.8   |  -4.0   |
| 家用轻工 | 002615 |  哈尔斯  | 25.3  |  20.5  | 2.5  |   2.7   |   1.2   |
| 家用轻工 | 605099 | 共创草坪 | 100.8 |  29.5  | 2.3  |  -4.3   |  -6.4   |
| 家用轻工 | 002899 |  英派斯  | 14.6  | 273.4  | 2.3  |  -1.5   |  -0.5   |
| 家用轻工 | 300329 | 海伦钢琴 | 17.0  |  67.6  | 2.1  |  -3.7   |  -2.3   |
| 家用轻工 | 300640 | 德艺文创 | 16.4  |  49.5  | 1.8  |  -2.2   |  -1.2   |
| 家用轻工 | 001323 | 慕思股份 | 175.8 |  35.4  | 1.4  |  -4.5   |  -4.1   |
| 家用轻工 | 300651 | 金陵体育 | 31.2  | 305.2  | 1.4  |  -1.5   |  -3.3   |
| 家用轻工 | 600439 |  瑞贝卡  | 31.5  |  61.6  | 1.1  |  -0.4   |  -0.7   |
| 家用轻工 | 002678 | 珠江钢琴 | 76.2  |  35.9  | 1.1  |  -1.8   |  -2.1   |
| 家用轻工 | 002301 | 齐心集团 | 46.6  |  21.2  | 0.9  |   0.6   |  -1.6   |
| 家用轻工 | 002103 | 广博股份 | 23.1  | -38.7  | 0.7  |  -0.9   |  -1.4   |
| 家用轻工 | 300729 | 乐歌股份 | 36.4  |  50.5  | 0.7  |  -4.0   |  -7.8   |
| 家用轻工 | 605299 | 舒华体育 | 43.2  |  81.2  | 0.6  |  -5.8   |  -6.0   |
| 家用轻工 | 002605 | 姚记科技 | 60.9  |  16.6  | 0.5  |  -1.8   |  -4.8   |
| 家用轻工 | 603848 |  好太太  | 68.2  |  37.6  | 0.4  |   3.0   |  15.0   |
| 家用轻工 | 002489 | 浙江永强 | 77.2  |  14.1  | 0.3  |  -1.7   |  -4.0   |
| 家用轻工 | 002575 | 群兴玩具 | 28.5  | 410.6  | 0.2  |  -5.5   |  -1.5   |
| 家用轻工 | 300703 | 创源股份 | 18.3  | 113.2  | 0.1  |   3.4   |   4.8   |
| 家用轻工 | 603899 | 晨光股份 | 454.4 |  41.2  | -0.8 |  -4.5   |  -8.6   |
| 家用轻工 | 002348 | 高乐股份 | 22.8  | -11.4  | -1.6 |  -15.4  |  -7.7   |
+----------+--------+----------+-------+--------+------+---------+---------+
