[行业>市值]
+----------+--------+----------+--------+--------+------+---------+---------+
|   行业   |  代码  |   名称   |  市值  |   pe   | 涨幅 | 3日涨幅 | 6日涨幅 |
+----------+--------+----------+--------+--------+------+---------+---------+
| 工程机械 | 600031 | 三一重工 | 1641.0 |  25.8  | 2.4  |   1.6   |  -0.4   |
| 工程机械 | 601100 | 恒立液压 | 776.7  |  36.8  | 1.2  |   4.0   |   0.2   |
| 工程机械 | 000157 | 中联重科 | 518.9  |  14.3  | 1.4  |  -0.7   |  -0.7   |
| 工程机械 | 000425 | 徐工机械 | 433.2  |  7.7   | 0.9  |   1.8   |   0.7   |
| 工程机械 | 603338 | 浙江鼎力 | 235.2  |  30.1  | 1.2  |  -4.3   |  -3.4   |
| 工程机械 | 688425 | 铁建重工 | 218.7  |  14.5  | 1.0  |   0.2   |   0.5   |
| 工程机械 | 603638 | 艾迪精密 | 152.2  |  52.6  | 0.2  |  -7.6   |  -14.7  |
| 工程机械 | 002204 | 大连重工 | 149.9  |  53.6  | 1.2  |   0.3   |  33.3   |
| 工程机械 | 603298 | 杭叉集团 | 128.5  |  16.9  | 1.9  |  -0.5   |  -4.2   |
| 工程机械 | 000528 |   柳工   | 128.2  |  12.6  | 1.7  |   3.0   |   2.3   |
| 工程机械 | 000680 | 山推股份 |  88.4  |  6.1   | 3.5  |   3.1   |   6.5   |
| 工程机械 | 600761 | 安徽合力 |  83.8  |  10.8  | 1.0  |  -3.7   |  -4.8   |
| 工程机械 | 605305 | 中际联合 |  82.2  |  46.6  | 7.1  |   9.5   |  10.7   |
| 工程机械 | 600984 | 建设机械 |  81.3  | -37.7  | 4.3  |   3.9   |   1.7   |
| 工程机械 | 002097 | 山河智能 |  73.6  | -37.6  | 2.0  |  -2.3   |  -1.0   |
| 工程机械 | 300718 | 长盛轴承 |  66.5  |  55.0  | 8.9  |  22.6   |  23.2   |
| 工程机械 | 601226 | 华电重工 |  63.7  | -14.6  | 5.0  |   1.3   |   8.6   |
| 工程机械 | 600375 | 汉马科技 |  57.3  |  -8.8  | 1.0  |  -3.5   |  -2.2   |
| 工程机械 | 600815 | 厦工股份 |  55.5  | -726.2 | 4.3  |   5.7   |   4.0   |
| 工程机械 | 600817 | 宇通重工 |  53.0  |  15.6  | 2.9  |  -2.8   |  -4.5   |
| 工程机械 | 603611 | 诺力股份 |  45.0  |  15.6  | 3.2  |  -0.3   |  -0.9   |
| 工程机械 | 605389 | 长龄液压 |  35.7  |  21.1  | 1.3  |  -2.2   |  -3.1   |
| 工程机械 | 301040 | 中环海陆 |  30.7  |  45.0  | 6.5  |   8.3   |   7.6   |
| 工程机械 | 002272 | 川润股份 |  26.9  |  69.4  | 1.5  |  -7.7   |   9.4   |
| 工程机械 | 001288 | 运机集团 |  26.6  |  31.5  | 3.0  |   5.4   |   7.6   |
| 工程机械 | 300201 | *ST海伦  |  24.7  |  18.9  | -2.1 |  10.2   |  17.9   |
| 工程机械 | 300022 | 吉峰科技 |  17.8  | -213.0 | 2.9  |   0.0   |   0.4   |
+----------+--------+----------+--------+--------+------+---------+---------+
 




 [行业>单日涨幅]
+----------+--------+----------+--------+--------+------+---------+---------+
|   行业   |  代码  |   名称   |  市值  |   pe   | 涨幅 | 3日涨幅 | 6日涨幅 |
+----------+--------+----------+--------+--------+------+---------+---------+
| 工程机械 | 300718 | 长盛轴承 |  66.5  |  55.0  | 8.9  |  22.6   |  23.2   |
| 工程机械 | 605305 | 中际联合 |  82.2  |  46.6  | 7.1  |   9.5   |  10.7   |
| 工程机械 | 301040 | 中环海陆 |  30.7  |  45.0  | 6.5  |   8.3   |   7.6   |
| 工程机械 | 601226 | 华电重工 |  63.7  | -14.6  | 5.0  |   1.3   |   8.6   |
| 工程机械 | 600984 | 建设机械 |  81.3  | -37.7  | 4.3  |   3.9   |   1.7   |
| 工程机械 | 600815 | 厦工股份 |  55.5  | -726.2 | 4.3  |   5.7   |   4.0   |
| 工程机械 | 000680 | 山推股份 |  88.4  |  6.1   | 3.5  |   3.1   |   6.5   |
| 工程机械 | 603611 | 诺力股份 |  45.0  |  15.6  | 3.2  |  -0.3   |  -0.9   |
| 工程机械 | 001288 | 运机集团 |  26.6  |  31.5  | 3.0  |   5.4   |   7.6   |
| 工程机械 | 600817 | 宇通重工 |  53.0  |  15.6  | 2.9  |  -2.8   |  -4.5   |
| 工程机械 | 300022 | 吉峰科技 |  17.8  | -213.0 | 2.9  |   0.0   |   0.4   |
| 工程机械 | 600031 | 三一重工 | 1641.0 |  25.8  | 2.4  |   1.6   |  -0.4   |
| 工程机械 | 002097 | 山河智能 |  73.6  | -37.6  | 2.0  |  -2.3   |  -1.0   |
| 工程机械 | 603298 | 杭叉集团 | 128.5  |  16.9  | 1.9  |  -0.5   |  -4.2   |
| 工程机械 | 000528 |   柳工   | 128.2  |  12.6  | 1.7  |   3.0   |   2.3   |
| 工程机械 | 002272 | 川润股份 |  26.9  |  69.4  | 1.5  |  -7.7   |   9.4   |
| 工程机械 | 000157 | 中联重科 | 518.9  |  14.3  | 1.4  |  -0.7   |  -0.7   |
| 工程机械 | 605389 | 长龄液压 |  35.7  |  21.1  | 1.3  |  -2.2   |  -3.1   |
| 工程机械 | 601100 | 恒立液压 | 776.7  |  36.8  | 1.2  |   4.0   |   0.2   |
| 工程机械 | 603338 | 浙江鼎力 | 235.2  |  30.1  | 1.2  |  -4.3   |  -3.4   |
| 工程机械 | 002204 | 大连重工 | 149.9  |  53.6  | 1.2  |   0.3   |  33.3   |
| 工程机械 | 600375 | 汉马科技 |  57.3  |  -8.8  | 1.0  |  -3.5   |  -2.2   |
| 工程机械 | 688425 | 铁建重工 | 218.7  |  14.5  | 1.0  |   0.2   |   0.5   |
| 工程机械 | 600761 | 安徽合力 |  83.8  |  10.8  | 1.0  |  -3.7   |  -4.8   |
| 工程机械 | 000425 | 徐工机械 | 433.2  |  7.7   | 0.9  |   1.8   |   0.7   |
| 工程机械 | 603638 | 艾迪精密 | 152.2  |  52.6  | 0.2  |  -7.6   |  -14.7  |
| 工程机械 | 300201 | *ST海伦  |  24.7  |  18.9  | -2.1 |  10.2   |  17.9   |
+----------+--------+----------+--------+--------+------+---------+---------+
