[行业>市值]
+----------+--------+----------+-------+--------+------+---------+---------+
|   行业   |  代码  |   名称   | 市值  |   pe   | 涨幅 | 3日涨幅 | 6日涨幅 |
+----------+--------+----------+-------+--------+------+---------+---------+
| 橡胶制品 | 601966 | 玲珑轮胎 | 399.0 | -108.5 | -0.8 |  -1.1   |   7.7   |
| 橡胶制品 | 601058 | 赛轮轮胎 | 329.0 |  25.6  | 1.7  |  -2.5   |  -1.5   |
| 橡胶制品 | 002984 |  森麒麟  | 199.2 |  21.4  | 0.1  |  -3.0   |  -0.5   |
| 橡胶制品 | 601118 | 海南橡胶 | 195.6 | -172.7 | -1.3 |  -2.4   |  -3.8   |
| 橡胶制品 | 603033 | 三维股份 | 168.3 |  86.5  | -1.3 |  -3.7   |  -5.5   |
| 橡胶制品 | 603650 | 彤程新材 | 166.7 |  57.9  | -3.0 |  -5.7   |  -8.3   |
| 橡胶制品 | 300587 | 天铁股份 | 144.2 |  31.1  | 1.5  |  -4.1   |  -2.0   |
| 橡胶制品 | 002068 | 黑猫股份 | 131.4 | -315.2 | 1.3  |  -0.6   |  -0.2   |
| 橡胶制品 | 300767 | 震安科技 | 124.2 |  95.4  | -1.2 |  -2.2   |  -5.9   |
| 橡胶制品 | 601163 | 三角轮胎 | 91.2  |  39.0  | 0.4  |  -1.9   |  -1.6   |
| 橡胶制品 | 300320 | 海达股份 | 79.3  |  49.2  | 0.9  |  -2.3   |  -5.4   |
| 橡胶制品 | 605183 | 确成股份 | 77.3  |  23.1  | 0.4  |  -2.1   |  -5.3   |
| 橡胶制品 | 000589 | 贵州轮胎 | 49.6  |  22.0  | 3.1  |  -1.1   |  -0.5   |
| 橡胶制品 | 601500 | DR通用股 | 48.0  | 161.7  | -0.5 |  -2.8   |   2.4   |
| 橡胶制品 | 600182 | S*ST佳通 | 46.9  | 291.7  | -1.1 |  -2.4   |  -0.7   |
| 橡胶制品 | 300121 | 阳谷华泰 | 43.8  |  9.6   | 8.3  |   4.3   |   4.8   |
| 橡胶制品 | 300547 | 川环科技 | 37.4  |  44.4  | -0.3 |  -1.5   |   2.7   |
| 橡胶制品 | 002224 |  三力士  | 34.2  | -157.9 | 2.0  |  -0.4   |   0.9   |
| 橡胶制品 | 600469 | 风神股份 | 33.3  | -20.2  | 1.3  |  -1.5   |  -2.4   |
| 橡胶制品 | 002753 | 永东股份 | 32.7  |  77.5  | 1.5  |  -1.7   |  -8.4   |
| 橡胶制品 | 000599 | 青岛双星 | 32.3  |  -5.5  | 2.3  |   1.3   |   0.8   |
| 橡胶制品 | 001207 | 联科科技 | 28.9  |  30.4  | 0.8  |  -3.0   |  -5.0   |
| 橡胶制品 | 300731 | 科创新源 | 27.3  | -61.1  | 0.9  |  -6.1   |  -4.9   |
| 橡胶制品 | 002381 | 双箭股份 | 26.6  |  20.4  | 1.3  |   1.4   |   1.3   |
| 橡胶制品 | 002442 | 龙星化工 | 26.3  |  57.5  | 1.9  |  -3.2   |  -5.1   |
| 橡胶制品 | 301233 | 盛帮股份 | 23.1  |  39.3  | -5.8 |  -4.7   |   8.2   |
+----------+--------+----------+-------+--------+------+---------+---------+
 




 [行业>单日涨幅]
+----------+--------+----------+-------+--------+------+---------+---------+
|   行业   |  代码  |   名称   | 市值  |   pe   | 涨幅 | 3日涨幅 | 6日涨幅 |
+----------+--------+----------+-------+--------+------+---------+---------+
| 橡胶制品 | 300121 | 阳谷华泰 | 43.8  |  9.6   | 8.3  |   4.3   |   4.8   |
| 橡胶制品 | 000589 | 贵州轮胎 | 49.6  |  22.0  | 3.1  |  -1.1   |  -0.5   |
| 橡胶制品 | 000599 | 青岛双星 | 32.3  |  -5.5  | 2.3  |   1.3   |   0.8   |
| 橡胶制品 | 002224 |  三力士  | 34.2  | -157.9 | 2.0  |  -0.4   |   0.9   |
| 橡胶制品 | 002442 | 龙星化工 | 26.3  |  57.5  | 1.9  |  -3.2   |  -5.1   |
| 橡胶制品 | 601058 | 赛轮轮胎 | 329.0 |  25.6  | 1.7  |  -2.5   |  -1.5   |
| 橡胶制品 | 300587 | 天铁股份 | 144.2 |  31.1  | 1.5  |  -4.1   |  -2.0   |
| 橡胶制品 | 002753 | 永东股份 | 32.7  |  77.5  | 1.5  |  -1.7   |  -8.4   |
| 橡胶制品 | 600469 | 风神股份 | 33.3  | -20.2  | 1.3  |  -1.5   |  -2.4   |
| 橡胶制品 | 002068 | 黑猫股份 | 131.4 | -315.2 | 1.3  |  -0.6   |  -0.2   |
| 橡胶制品 | 002381 | 双箭股份 | 26.6  |  20.4  | 1.3  |   1.4   |   1.3   |
| 橡胶制品 | 300731 | 科创新源 | 27.3  | -61.1  | 0.9  |  -6.1   |  -4.9   |
| 橡胶制品 | 300320 | 海达股份 | 79.3  |  49.2  | 0.9  |  -2.3   |  -5.4   |
| 橡胶制品 | 001207 | 联科科技 | 28.9  |  30.4  | 0.8  |  -3.0   |  -5.0   |
| 橡胶制品 | 601163 | 三角轮胎 | 91.2  |  39.0  | 0.4  |  -1.9   |  -1.6   |
| 橡胶制品 | 605183 | 确成股份 | 77.3  |  23.1  | 0.4  |  -2.1   |  -5.3   |
| 橡胶制品 | 002984 |  森麒麟  | 199.2 |  21.4  | 0.1  |  -3.0   |  -0.5   |
| 橡胶制品 | 300547 | 川环科技 | 37.4  |  44.4  | -0.3 |  -1.5   |   2.7   |
| 橡胶制品 | 601500 | DR通用股 | 48.0  | 161.7  | -0.5 |  -2.8   |   2.4   |
| 橡胶制品 | 601966 | 玲珑轮胎 | 399.0 | -108.5 | -0.8 |  -1.1   |   7.7   |
| 橡胶制品 | 600182 | S*ST佳通 | 46.9  | 291.7  | -1.1 |  -2.4   |  -0.7   |
| 橡胶制品 | 300767 | 震安科技 | 124.2 |  95.4  | -1.2 |  -2.2   |  -5.9   |
| 橡胶制品 | 601118 | 海南橡胶 | 195.6 | -172.7 | -1.3 |  -2.4   |  -3.8   |
| 橡胶制品 | 603033 | 三维股份 | 168.3 |  86.5  | -1.3 |  -3.7   |  -5.5   |
| 橡胶制品 | 603650 | 彤程新材 | 166.7 |  57.9  | -3.0 |  -5.7   |  -8.3   |
| 橡胶制品 | 301233 | 盛帮股份 | 23.1  |  39.3  | -5.8 |  -4.7   |   8.2   |
+----------+--------+----------+-------+--------+------+---------+---------+
