[行业>市值]
+----------+--------+----------+--------+-------+------+---------+---------+
|   行业   |  代码  |   名称   |  市值  |  pe   | 涨幅 | 3日涨幅 | 6日涨幅 |
+----------+--------+----------+--------+-------+------+---------+---------+
| 汽车整车 | 002594 |  比亚迪  | 9021.0 | 279.0 | 0.3  |  -8.3   |  -7.2   |
| 汽车整车 | 601633 | 长城汽车 | 3137.0 | 48.0  | 0.4  |  -5.9   |  -3.7   |
| 汽车整车 | 600104 | 上汽集团 | 2015.0 |  9.1  | 0.0  |  -7.1   |  -0.3   |
| 汽车整车 | 000625 | 长安汽车 | 1684.0 |  9.3  | 2.5  |  -4.8   |  -1.2   |
| 汽车整车 | 601238 | 广汽集团 | 1648.0 | 13.7  | 1.7  |  -5.5   |   2.8   |
| 汽车整车 | 601127 | 小康股份 | 1005.0 | -29.9 | -1.1 |  -5.8   |  -6.4   |
| 汽车整车 | 000800 | 一汽解放 | 414.2  | 22.9  | 0.1  |  -4.5   |  -2.1   |
| 汽车整车 | 600733 | 北汽蓝谷 | 369.1  | -9.6  | 2.4  |  -7.1   |  -8.7   |
| 汽车整车 | 600418 | 江淮汽车 | 363.0  | -31.3 | 2.9  |  -6.6   |  -4.7   |
| 汽车整车 | 601777 | 力帆科技 | 227.7  | 112.0 | 0.4  |  -5.2   |  -4.0   |
| 汽车整车 | 301039 | 中集车辆 | 202.6  | 40.7  | 0.4  |  -6.3   |  -4.6   |
| 汽车整车 | 600166 | 福田汽车 | 198.6  | 36.7  | 0.7  |  -7.1   |  10.2   |
| 汽车整车 | 600066 | 宇通客车 | 182.4  | -39.4 | 0.6  |  -2.5   |  -1.8   |
| 汽车整车 | 000980 |  ST众泰  | 170.8  | -27.2 | 0.9  |  -2.6   |  -4.0   |
| 汽车整车 | 000951 | 中国重汽 | 161.4  | 32.5  | 4.5  |  -4.1   |   0.1   |
| 汽车整车 | 000550 | 江铃汽车 | 156.3  | 20.1  | -1.1 |  -19.9  |   6.6   |
| 汽车整车 | 600006 | 东风汽车 | 144.8  | 30.5  | 2.1  |  -1.8   |   0.3   |
| 汽车整车 | 000957 | 中通客车 | 125.1  | -88.6 | 3.5  |  11.1   |  -1.0   |
| 汽车整车 | 000572 | 海马汽车 |  93.2  | -38.3 | 0.3  |  -3.9   |  -4.4   |
| 汽车整车 | 600686 | 金龙汽车 |  55.7  | 359.3 | -4.1 |  -1.1   |   4.3   |
| 汽车整车 | 000868 | 安凯客车 |  49.2  | -30.8 | 2.0  |  -0.1   |   5.3   |
| 汽车整车 | 600213 | 亚星客车 |  27.2  | -15.6 | 0.0  |  -5.1   |  -10.2  |
| 汽车整车 | 600303 |  ST曙光  |  22.6  | -17.3 | 2.1  |   1.5   |   2.5   |
+----------+--------+----------+--------+-------+------+---------+---------+
 




 [行业>单日涨幅]
+----------+--------+----------+--------+-------+------+---------+---------+
|   行业   |  代码  |   名称   |  市值  |  pe   | 涨幅 | 3日涨幅 | 6日涨幅 |
+----------+--------+----------+--------+-------+------+---------+---------+
| 汽车整车 | 000951 | 中国重汽 | 161.4  | 32.5  | 4.5  |  -4.1   |   0.1   |
| 汽车整车 | 000957 | 中通客车 | 125.1  | -88.6 | 3.5  |  11.1   |  -1.0   |
| 汽车整车 | 600418 | 江淮汽车 | 363.0  | -31.3 | 2.9  |  -6.6   |  -4.7   |
| 汽车整车 | 000625 | 长安汽车 | 1684.0 |  9.3  | 2.5  |  -4.8   |  -1.2   |
| 汽车整车 | 600733 | 北汽蓝谷 | 369.1  | -9.6  | 2.4  |  -7.1   |  -8.7   |
| 汽车整车 | 600303 |  ST曙光  |  22.6  | -17.3 | 2.1  |   1.5   |   2.5   |
| 汽车整车 | 600006 | 东风汽车 | 144.8  | 30.5  | 2.1  |  -1.8   |   0.3   |
| 汽车整车 | 000868 | 安凯客车 |  49.2  | -30.8 | 2.0  |  -0.1   |   5.3   |
| 汽车整车 | 601238 | 广汽集团 | 1648.0 | 13.7  | 1.7  |  -5.5   |   2.8   |
| 汽车整车 | 000980 |  ST众泰  | 170.8  | -27.2 | 0.9  |  -2.6   |  -4.0   |
| 汽车整车 | 600166 | 福田汽车 | 198.6  | 36.7  | 0.7  |  -7.1   |  10.2   |
| 汽车整车 | 600066 | 宇通客车 | 182.4  | -39.4 | 0.6  |  -2.5   |  -1.8   |
| 汽车整车 | 601633 | 长城汽车 | 3137.0 | 48.0  | 0.4  |  -5.9   |  -3.7   |
| 汽车整车 | 601777 | 力帆科技 | 227.7  | 112.0 | 0.4  |  -5.2   |  -4.0   |
| 汽车整车 | 301039 | 中集车辆 | 202.6  | 40.7  | 0.4  |  -6.3   |  -4.6   |
| 汽车整车 | 000572 | 海马汽车 |  93.2  | -38.3 | 0.3  |  -3.9   |  -4.4   |
| 汽车整车 | 002594 |  比亚迪  | 9021.0 | 279.0 | 0.3  |  -8.3   |  -7.2   |
| 汽车整车 | 000800 | 一汽解放 | 414.2  | 22.9  | 0.1  |  -4.5   |  -2.1   |
| 汽车整车 | 600104 | 上汽集团 | 2015.0 |  9.1  | 0.0  |  -7.1   |  -0.3   |
| 汽车整车 | 600213 | 亚星客车 |  27.2  | -15.6 | 0.0  |  -5.1   |  -10.2  |
| 汽车整车 | 601127 | 小康股份 | 1005.0 | -29.9 | -1.1 |  -5.8   |  -6.4   |
| 汽车整车 | 000550 | 江铃汽车 | 156.3  | 20.1  | -1.1 |  -19.9  |   6.6   |
| 汽车整车 | 600686 | 金龙汽车 |  55.7  | 359.3 | -4.1 |  -1.1   |   4.3   |
+----------+--------+----------+--------+-------+------+---------+---------+
