[行业>市值]
+------+--------+----------+-------+--------+------+---------+---------+
| 行业 |  代码  |   名称   | 市值  |   pe   | 涨幅 | 3日涨幅 | 6日涨幅 |
+------+--------+----------+-------+--------+------+---------+---------+
| 燃气 | 600956 | 新天绿能 | 597.1 |  15.9  | -1.8 |   9.4   |   1.4   |
| 燃气 | 600803 | 新奥股份 | 497.7 |  16.5  | 0.0  |  -3.9   |  -6.9   |
| 燃气 | 601139 | 深圳燃气 | 198.2 |  18.4  | -0.6 |   0.1   |  -0.9   |
| 燃气 | 605090 | 九丰能源 | 135.8 |  8.6   | 0.8  |   4.8   |   3.4   |
| 燃气 | 600917 | 重庆燃气 | 120.7 |  29.9  | -1.4 |   3.0   |   0.8   |
| 燃气 | 300332 | 天壕环境 | 109.4 |  20.7  | 3.1  |  -2.6   |  -2.2   |
| 燃气 | 600635 | 大众公用 | 96.2  |  -7.4  | 0.9  |   0.9   |  -0.3   |
| 燃气 | 000968 | 蓝焰控股 | 93.5  |  8.6   | -3.6 |  -8.1   |  -16.1  |
| 燃气 | 603393 | 新天然气 | 92.3  |  11.2  | -1.2 |   1.9   |  -2.5   |
| 燃气 | 600903 | 贵州燃气 | 91.0  | -36.7  | -2.2 |   3.0   |  -3.0   |
| 燃气 | 002911 | 佛燃能源 | 87.5  |  29.2  | 1.3  |   1.3   |  -0.4   |
| 燃气 | 603053 | 成都燃气 | 84.2  |  10.7  | -0.8 |   1.6   |  -4.8   |
| 燃气 | 002267 | 陕天然气 | 80.5  |  4.0   | 0.6  |   2.5   |   1.1   |
| 燃气 | 600617 | 国新能源 | 66.3  |  9.6   | -3.2 |  -2.2   |  -0.8   |
| 燃气 | 605368 | 蓝天燃气 | 62.8  |  8.2   | 0.0  |  -1.2   |  -1.3   |
| 燃气 | 600681 | 百川能源 | 61.9  |  10.6  | 1.6  |   0.7   |   0.4   |
| 燃气 | 300435 | 中泰股份 | 60.5  |  24.3  | 8.8  |   3.3   |   0.1   |
| 燃气 | 300483 | 首华燃气 | 36.7  |  21.5  | -3.0 |  -2.4   |  -6.3   |
| 燃气 | 605169 | 洪通燃气 | 34.4  |  16.2  | -1.5 |   1.0   |   0.9   |
| 燃气 | 603689 | 皖天然气 | 34.4  |  12.8  | 0.0  |   1.1   |  -0.4   |
| 燃气 | 000407 | 胜利股份 | 33.1  |  26.8  | 1.1  |   0.0   |   0.0   |
| 燃气 | 603706 | 东方环宇 | 32.8  |  13.1  | -0.1 |   3.7   |   0.9   |
| 燃气 | 600333 | 长春燃气 | 31.5  | -67.4  | -0.8 |   2.8   |   1.0   |
| 燃气 | 603318 | 水发燃气 | 30.3  |  58.6  | -1.0 |   1.9   |   2.3   |
| 燃气 | 000421 | 南京公用 | 28.9  | -55.2  | 1.2  |   1.8   |   2.5   |
| 燃气 | 603080 | 新疆火炬 | 21.1  |  14.6  | -2.4 |  12.1   |  10.6   |
| 燃气 | 000593 | 德龙汇能 | 21.1  | 223.2  | 1.6  |   0.0   |  -1.2   |
| 燃气 | 002259 |  ST升达  | 20.7  | -138.4 | 3.4  |  -2.1   |  -4.5   |
| 燃气 | 002700 |  ST浩源  | 17.7  |  29.7  | -0.5 |  -2.1   |  -1.6   |
| 燃气 | 000669 |  ST金鸿  | 12.0  | -49.5  | 3.5  |   2.9   |   4.8   |
+------+--------+----------+-------+--------+------+---------+---------+
 




 [行业>单日涨幅]
+------+--------+----------+-------+--------+------+---------+---------+
| 行业 |  代码  |   名称   | 市值  |   pe   | 涨幅 | 3日涨幅 | 6日涨幅 |
+------+--------+----------+-------+--------+------+---------+---------+
| 燃气 | 300435 | 中泰股份 | 60.5  |  24.3  | 8.8  |   3.3   |   0.1   |
| 燃气 | 000669 |  ST金鸿  | 12.0  | -49.5  | 3.5  |   2.9   |   4.8   |
| 燃气 | 002259 |  ST升达  | 20.7  | -138.4 | 3.4  |  -2.1   |  -4.5   |
| 燃气 | 300332 | 天壕环境 | 109.4 |  20.7  | 3.1  |  -2.6   |  -2.2   |
| 燃气 | 600681 | 百川能源 | 61.9  |  10.6  | 1.6  |   0.7   |   0.4   |
| 燃气 | 000593 | 德龙汇能 | 21.1  | 223.2  | 1.6  |   0.0   |  -1.2   |
| 燃气 | 002911 | 佛燃能源 | 87.5  |  29.2  | 1.3  |   1.3   |  -0.4   |
| 燃气 | 000421 | 南京公用 | 28.9  | -55.2  | 1.2  |   1.8   |   2.5   |
| 燃气 | 000407 | 胜利股份 | 33.1  |  26.8  | 1.1  |   0.0   |   0.0   |
| 燃气 | 600635 | 大众公用 | 96.2  |  -7.4  | 0.9  |   0.9   |  -0.3   |
| 燃气 | 605090 | 九丰能源 | 135.8 |  8.6   | 0.8  |   4.8   |   3.4   |
| 燃气 | 002267 | 陕天然气 | 80.5  |  4.0   | 0.6  |   2.5   |   1.1   |
| 燃气 | 600803 | 新奥股份 | 497.7 |  16.5  | 0.0  |  -3.9   |  -6.9   |
| 燃气 | 605368 | 蓝天燃气 | 62.8  |  8.2   | 0.0  |  -1.2   |  -1.3   |
| 燃气 | 603689 | 皖天然气 | 34.4  |  12.8  | 0.0  |   1.1   |  -0.4   |
| 燃气 | 603706 | 东方环宇 | 32.8  |  13.1  | -0.1 |   3.7   |   0.9   |
| 燃气 | 002700 |  ST浩源  | 17.7  |  29.7  | -0.5 |  -2.1   |  -1.6   |
| 燃气 | 601139 | 深圳燃气 | 198.2 |  18.4  | -0.6 |   0.1   |  -0.9   |
| 燃气 | 600333 | 长春燃气 | 31.5  | -67.4  | -0.8 |   2.8   |   1.0   |
| 燃气 | 603053 | 成都燃气 | 84.2  |  10.7  | -0.8 |   1.6   |  -4.8   |
| 燃气 | 603318 | 水发燃气 | 30.3  |  58.6  | -1.0 |   1.9   |   2.3   |
| 燃气 | 603393 | 新天然气 | 92.3  |  11.2  | -1.2 |   1.9   |  -2.5   |
| 燃气 | 600917 | 重庆燃气 | 120.7 |  29.9  | -1.4 |   3.0   |   0.8   |
| 燃气 | 605169 | 洪通燃气 | 34.4  |  16.2  | -1.5 |   1.0   |   0.9   |
| 燃气 | 600956 | 新天绿能 | 597.1 |  15.9  | -1.8 |   9.4   |   1.4   |
| 燃气 | 600903 | 贵州燃气 | 91.0  | -36.7  | -2.2 |   3.0   |  -3.0   |
| 燃气 | 603080 | 新疆火炬 | 21.1  |  14.6  | -2.4 |  12.1   |  10.6   |
| 燃气 | 300483 | 首华燃气 | 36.7  |  21.5  | -3.0 |  -2.4   |  -6.3   |
| 燃气 | 600617 | 国新能源 | 66.3  |  9.6   | -3.2 |  -2.2   |  -0.8   |
| 燃气 | 000968 | 蓝焰控股 | 93.5  |  8.6   | -3.6 |  -8.1   |  -16.1  |
+------+--------+----------+-------+--------+------+---------+---------+
