[行业>市值]
+------------+--------+----------+-------+--------+------+---------+---------+
|    行业    |  代码  |   名称   | 市值  |   pe   | 涨幅 | 3日涨幅 | 6日涨幅 |
+------------+--------+----------+-------+--------+------+---------+---------+
| 电子化学品 | 300054 | 鼎龙股份 | 195.5 |  68.5  | 0.4  |  -3.8   |   1.9   |
| 电子化学品 | 002643 | 万润股份 | 171.1 |  18.4  | -0.5 |  -5.0   |  -4.4   |
| 电子化学品 | 300346 | 南大光电 | 168.0 |  52.0  | 0.2  |  -6.2   |  -10.0  |
| 电子化学品 | 688019 | 安集科技 | 136.4 |  86.1  | -3.1 |  -8.7   |  -5.9   |
| 电子化学品 | 300398 | 飞凯材料 | 109.4 |  19.7  | 0.2  |  -6.8   |  -7.4   |
| 电子化学品 | 300655 | 晶瑞电材 | 108.0 |  84.4  | -0.8 |  -0.5   |   0.7   |
| 电子化学品 | 300236 | 上海新阳 | 97.3  | -178.8 | -0.1 |  -8.3   |  -6.6   |
| 电子化学品 | 688106 | 金宏气体 | 84.5  |  54.4  | 1.8  |  -8.4   |  -5.8   |
| 电子化学品 | 300481 | 濮阳惠成 | 83.2  |  24.8  | 4.6  |   1.0   |  14.9   |
| 电子化学品 | 688268 | 华特气体 | 80.8  |  51.6  | 0.6  |  -3.8   |  -2.6   |
| 电子化学品 | 002741 | 光华科技 | 79.5  |  56.3  | 1.4  |  -3.9   |  -0.6   |
| 电子化学品 | 603078 |  江化微  | 64.4  |  48.8  | 1.9  |  -6.9   |  -5.7   |
| 电子化学品 | 688550 | 瑞联新材 | 63.3  |  19.8  | 0.8  |  -4.1   |  -6.0   |
| 电子化学品 | 300576 | 容大感光 | 53.0  | 128.1  | 1.2  |  -5.5   |  -5.9   |
| 电子化学品 | 002584 | 西陇科学 | 47.5  |  14.2  | 2.0  |  -2.4   |  -1.9   |
| 电子化学品 | 300429 | 强力新材 | 45.3  |  45.4  | 1.1  |  -4.0   |  -5.0   |
| 电子化学品 | 688359 | 三孚新科 | 38.8  | -163.1 | -1.2 |  -5.4   |  10.0   |
| 电子化学品 | 603931 |  格林达  | 37.7  |  23.9  | 1.4  |  -5.3   |  -3.7   |
| 电子化学品 | 300446 | 乐凯新材 | 23.0  | 363.2  | 2.4  |  -2.6   |  -4.5   |
| 电子化学品 | 300537 | 广信材料 | 21.8  | -47.4  | 0.3  |  -6.5   |  -4.1   |
| 电子化学品 | 300637 | 扬帆新材 | 17.4  |  37.4  | 2.8  |  -2.4   |  -0.9   |
+------------+--------+----------+-------+--------+------+---------+---------+
 




 [行业>单日涨幅]
+------------+--------+----------+-------+--------+------+---------+---------+
|    行业    |  代码  |   名称   | 市值  |   pe   | 涨幅 | 3日涨幅 | 6日涨幅 |
+------------+--------+----------+-------+--------+------+---------+---------+
| 电子化学品 | 300481 | 濮阳惠成 | 83.2  |  24.8  | 4.6  |   1.0   |  14.9   |
| 电子化学品 | 300637 | 扬帆新材 | 17.4  |  37.4  | 2.8  |  -2.4   |  -0.9   |
| 电子化学品 | 300446 | 乐凯新材 | 23.0  | 363.2  | 2.4  |  -2.6   |  -4.5   |
| 电子化学品 | 002584 | 西陇科学 | 47.5  |  14.2  | 2.0  |  -2.4   |  -1.9   |
| 电子化学品 | 603078 |  江化微  | 64.4  |  48.8  | 1.9  |  -6.9   |  -5.7   |
| 电子化学品 | 688106 | 金宏气体 | 84.5  |  54.4  | 1.8  |  -8.4   |  -5.8   |
| 电子化学品 | 603931 |  格林达  | 37.7  |  23.9  | 1.4  |  -5.3   |  -3.7   |
| 电子化学品 | 002741 | 光华科技 | 79.5  |  56.3  | 1.4  |  -3.9   |  -0.6   |
| 电子化学品 | 300576 | 容大感光 | 53.0  | 128.1  | 1.2  |  -5.5   |  -5.9   |
| 电子化学品 | 300429 | 强力新材 | 45.3  |  45.4  | 1.1  |  -4.0   |  -5.0   |
| 电子化学品 | 688550 | 瑞联新材 | 63.3  |  19.8  | 0.8  |  -4.1   |  -6.0   |
| 电子化学品 | 688268 | 华特气体 | 80.8  |  51.6  | 0.6  |  -3.8   |  -2.6   |
| 电子化学品 | 300054 | 鼎龙股份 | 195.5 |  68.5  | 0.4  |  -3.8   |   1.9   |
| 电子化学品 | 300537 | 广信材料 | 21.8  | -47.4  | 0.3  |  -6.5   |  -4.1   |
| 电子化学品 | 300398 | 飞凯材料 | 109.4 |  19.7  | 0.2  |  -6.8   |  -7.4   |
| 电子化学品 | 300346 | 南大光电 | 168.0 |  52.0  | 0.2  |  -6.2   |  -10.0  |
| 电子化学品 | 300236 | 上海新阳 | 97.3  | -178.8 | -0.1 |  -8.3   |  -6.6   |
| 电子化学品 | 002643 | 万润股份 | 171.1 |  18.4  | -0.5 |  -5.0   |  -4.4   |
| 电子化学品 | 300655 | 晶瑞电材 | 108.0 |  84.4  | -0.8 |  -0.5   |   0.7   |
| 电子化学品 | 688359 | 三孚新科 | 38.8  | -163.1 | -1.2 |  -5.4   |  10.0   |
| 电子化学品 | 688019 | 安集科技 | 136.4 |  86.1  | -3.1 |  -8.7   |  -5.9   |
+------------+--------+----------+-------+--------+------+---------+---------+
