[行业>市值]
+------+--------+----------+-------+-------+------+---------+---------+
| 行业 |  代码  |   名称   | 市值  |  pe   | 涨幅 | 3日涨幅 | 6日涨幅 |
+------+--------+----------+-------+-------+------+---------+---------+
| 电机 | 002176 | 江特电机 | 462.8 | 17.4  | -1.0 |  -6.9   |  -7.0   |
| 电机 | 603489 | 八方股份 | 221.4 | 30.8  | 0.7  |  -2.6   |  -6.8   |
| 电机 | 600580 | 卧龙电驱 | 188.3 | 23.8  | 3.0  |   1.9   |   0.7   |
| 电机 | 002249 | 大洋电机 | 146.9 | 25.0  | 6.0  |  -0.5   |   1.3   |
| 电机 | 603728 | 鸣志电器 | 80.5  | 51.5  | 1.1  |  -5.5   |  -10.9  |
| 电机 | 003021 | 兆威机电 | 77.2  | 85.0  | -2.0 |  -10.7  |   0.3   |
| 电机 | 300660 | 江苏雷利 | 77.1  | 27.8  | 0.2  |  -10.6  |  -20.8  |
| 电机 | 002801 | 微光股份 | 68.4  | 22.1  | 0.3  |  -2.3   |  -4.2   |
| 电机 | 000922 | 佳电股份 | 58.6  | 19.4  | 10.0 |   8.4   |  14.8   |
| 电机 | 002196 | 方正电机 | 49.4  | 207.2 | 1.8  |   1.3   |   3.8   |
| 电机 | 002892 |  科力尔  | 45.2  | 70.8  | 1.9  |  -9.8   |  -8.9   |
| 电机 | 603819 | 神力股份 | 35.9  | 31.3  | 1.0  |  -2.5   |  -5.9   |
| 电机 | 002823 | 凯中精密 | 30.0  | 37.4  | 5.6  |   2.9   |   3.5   |
| 电机 | 603988 | 中电电机 | 28.5  | 53.0  | -2.3 |   2.0   |  13.2   |
| 电机 | 301226 | 祥明智能 | 24.4  | 40.5  | 5.7  |   3.4   |   5.7   |
| 电机 | 002576 | 通达动力 | 24.2  | 59.8  | 4.3  |   9.4   |   9.5   |
| 电机 | 301023 | 江南奕帆 | 23.4  | 28.8  | 4.3  |  -5.8   |  -3.0   |
| 电机 | 300907 | 康平科技 | 19.4  | 94.3  | 3.9  |  -2.7   |   1.2   |
| 电机 | 688395 | 正弦电气 | 16.6  | 29.0  | 1.9  |  -3.4   |  -2.1   |
| 电机 | 300626 | 华瑞股份 | 16.3  | 63.6  | 5.3  |   0.2   |   0.4   |
| 电机 | 603320 | 迪贝电气 | 16.1  | 33.2  | 3.0  |   4.5   |   4.8   |
+------+--------+----------+-------+-------+------+---------+---------+
 




 [行业>单日涨幅]
+------+--------+----------+-------+-------+------+---------+---------+
| 行业 |  代码  |   名称   | 市值  |  pe   | 涨幅 | 3日涨幅 | 6日涨幅 |
+------+--------+----------+-------+-------+------+---------+---------+
| 电机 | 000922 | 佳电股份 | 58.6  | 19.4  | 10.0 |   8.4   |  14.8   |
| 电机 | 002249 | 大洋电机 | 146.9 | 25.0  | 6.0  |  -0.5   |   1.3   |
| 电机 | 301226 | 祥明智能 | 24.4  | 40.5  | 5.7  |   3.4   |   5.7   |
| 电机 | 002823 | 凯中精密 | 30.0  | 37.4  | 5.6  |   2.9   |   3.5   |
| 电机 | 300626 | 华瑞股份 | 16.3  | 63.6  | 5.3  |   0.2   |   0.4   |
| 电机 | 002576 | 通达动力 | 24.2  | 59.8  | 4.3  |   9.4   |   9.5   |
| 电机 | 301023 | 江南奕帆 | 23.4  | 28.8  | 4.3  |  -5.8   |  -3.0   |
| 电机 | 300907 | 康平科技 | 19.4  | 94.3  | 3.9  |  -2.7   |   1.2   |
| 电机 | 600580 | 卧龙电驱 | 188.3 | 23.8  | 3.0  |   1.9   |   0.7   |
| 电机 | 603320 | 迪贝电气 | 16.1  | 33.2  | 3.0  |   4.5   |   4.8   |
| 电机 | 002892 |  科力尔  | 45.2  | 70.8  | 1.9  |  -9.8   |  -8.9   |
| 电机 | 688395 | 正弦电气 | 16.6  | 29.0  | 1.9  |  -3.4   |  -2.1   |
| 电机 | 002196 | 方正电机 | 49.4  | 207.2 | 1.8  |   1.3   |   3.8   |
| 电机 | 603728 | 鸣志电器 | 80.5  | 51.5  | 1.1  |  -5.5   |  -10.9  |
| 电机 | 603819 | 神力股份 | 35.9  | 31.3  | 1.0  |  -2.5   |  -5.9   |
| 电机 | 603489 | 八方股份 | 221.4 | 30.8  | 0.7  |  -2.6   |  -6.8   |
| 电机 | 002801 | 微光股份 | 68.4  | 22.1  | 0.3  |  -2.3   |  -4.2   |
| 电机 | 300660 | 江苏雷利 | 77.1  | 27.8  | 0.2  |  -10.6  |  -20.8  |
| 电机 | 002176 | 江特电机 | 462.8 | 17.4  | -1.0 |  -6.9   |  -7.0   |
| 电机 | 003021 | 兆威机电 | 77.2  | 85.0  | -2.0 |  -10.7  |   0.3   |
| 电机 | 603988 | 中电电机 | 28.5  | 53.0  | -2.3 |   2.0   |  13.2   |
+------+--------+----------+-------+-------+------+---------+---------+
