[行业>市值]
+----------+--------+----------+-------+--------+------+---------+---------+
|   行业   |  代码  |   名称   | 市值  |   pe   | 涨幅 | 3日涨幅 | 6日涨幅 |
+----------+--------+----------+-------+--------+------+---------+---------+
| 综合行业 | 000009 | 中国宝安 | 324.5 |  49.1  | 2.2  |  -4.1   |  -8.4   |
| 综合行业 | 600673 |  东阳光  | 283.0 |  24.6  | -0.1 |  -1.2   |  -3.4   |
| 综合行业 | 000958 | 电投产融 | 266.5 |  21.9  | 1.0  |   2.5   |   6.0   |
| 综合行业 | 600770 | 综艺股份 | 108.2 | -18.4  | 1.3  |  -2.7   |  -5.6   |
| 综合行业 | 000158 | 常山北明 | 91.9  | -26.6  | 0.5  |  -2.9   |  -3.9   |
| 综合行业 | 000839 |  ST国安  | 83.1  | -14.2  | 0.0  |   0.9   |   1.9   |
| 综合行业 | 000861 | 海印股份 | 65.8  |  16.2  | 0.0  |  -3.3   |  -3.0   |
| 综合行业 | 002758 | 浙农股份 | 64.6  |  11.6  | 2.1  |   0.2   |  -2.8   |
| 综合行业 | 000652 | 泰达股份 | 60.9  | 392.8  | 4.8  |   3.8   |   3.0   |
| 综合行业 | 000833 | 粤桂股份 | 55.4  |  38.9  | 0.1  |  -15.0  |  -18.4  |
| 综合行业 | 000803 | 北清环能 | 50.6  |  31.3  | 1.2  |  -4.5   |  -10.7  |
| 综合行业 | 600784 | 鲁银投资 | 49.8  |  21.3  | 0.8  |  -6.3   |   1.8   |
| 综合行业 | 600624 | 复旦复华 | 47.6  | 206.6  | -2.1 |   6.3   |   6.0   |
| 综合行业 | 000576 | 甘化科工 | 45.4  |  45.0  | 0.8  |  -4.7   |  -1.1   |
| 综合行业 | 600805 | 悦达投资 | 44.2  |  13.2  | 0.2  |   0.4   |   7.7   |
| 综合行业 | 000909 | 数源科技 | 41.8  | 214.2  | 1.9  |   3.7   |   1.1   |
| 综合行业 | 000532 | 华金资本 | 39.0  |  69.7  | 0.2  |   0.0   |  -1.2   |
| 综合行业 | 600568 |  ST中珠  | 31.5  | -191.6 | 0.6  |  -1.2   |  -1.2   |
| 综合行业 | 600113 | 浙江东日 | 29.6  |  16.2  | 5.7  |   3.0   |  -2.0   |
| 综合行业 | 000409 | 云鼎科技 | 27.7  | 265.9  | 2.5  |   1.5   |   1.7   |
| 综合行业 | 000632 | 三木集团 | 21.8  |  86.5  | 0.6  |  -4.7   |   4.0   |
| 综合行业 | 600051 | 宁波联合 | 21.2  | -95.3  | 3.2  |   2.2   |   1.8   |
| 综合行业 | 002591 | 恒大高新 | 20.5  | -187.5 | 10.0 |  32.9   |  35.6   |
+----------+--------+----------+-------+--------+------+---------+---------+
 




 [行业>单日涨幅]
+----------+--------+----------+-------+--------+------+---------+---------+
|   行业   |  代码  |   名称   | 市值  |   pe   | 涨幅 | 3日涨幅 | 6日涨幅 |
+----------+--------+----------+-------+--------+------+---------+---------+
| 综合行业 | 002591 | 恒大高新 | 20.5  | -187.5 | 10.0 |  32.9   |  35.6   |
| 综合行业 | 600113 | 浙江东日 | 29.6  |  16.2  | 5.7  |   3.0   |  -2.0   |
| 综合行业 | 000652 | 泰达股份 | 60.9  | 392.8  | 4.8  |   3.8   |   3.0   |
| 综合行业 | 600051 | 宁波联合 | 21.2  | -95.3  | 3.2  |   2.2   |   1.8   |
| 综合行业 | 000409 | 云鼎科技 | 27.7  | 265.9  | 2.5  |   1.5   |   1.7   |
| 综合行业 | 000009 | 中国宝安 | 324.5 |  49.1  | 2.2  |  -4.1   |  -8.4   |
| 综合行业 | 002758 | 浙农股份 | 64.6  |  11.6  | 2.1  |   0.2   |  -2.8   |
| 综合行业 | 000909 | 数源科技 | 41.8  | 214.2  | 1.9  |   3.7   |   1.1   |
| 综合行业 | 600770 | 综艺股份 | 108.2 | -18.4  | 1.3  |  -2.7   |  -5.6   |
| 综合行业 | 000803 | 北清环能 | 50.6  |  31.3  | 1.2  |  -4.5   |  -10.7  |
| 综合行业 | 000958 | 电投产融 | 266.5 |  21.9  | 1.0  |   2.5   |   6.0   |
| 综合行业 | 600784 | 鲁银投资 | 49.8  |  21.3  | 0.8  |  -6.3   |   1.8   |
| 综合行业 | 000576 | 甘化科工 | 45.4  |  45.0  | 0.8  |  -4.7   |  -1.1   |
| 综合行业 | 600568 |  ST中珠  | 31.5  | -191.6 | 0.6  |  -1.2   |  -1.2   |
| 综合行业 | 000632 | 三木集团 | 21.8  |  86.5  | 0.6  |  -4.7   |   4.0   |
| 综合行业 | 000158 | 常山北明 | 91.9  | -26.6  | 0.5  |  -2.9   |  -3.9   |
| 综合行业 | 600805 | 悦达投资 | 44.2  |  13.2  | 0.2  |   0.4   |   7.7   |
| 综合行业 | 000532 | 华金资本 | 39.0  |  69.7  | 0.2  |   0.0   |  -1.2   |
| 综合行业 | 000833 | 粤桂股份 | 55.4  |  38.9  | 0.1  |  -15.0  |  -18.4  |
| 综合行业 | 000839 |  ST国安  | 83.1  | -14.2  | 0.0  |   0.9   |   1.9   |
| 综合行业 | 000861 | 海印股份 | 65.8  |  16.2  | 0.0  |  -3.3   |  -3.0   |
| 综合行业 | 600673 |  东阳光  | 283.0 |  24.6  | -0.1 |  -1.2   |  -3.4   |
| 综合行业 | 600624 | 复旦复华 | 47.6  | 206.6  | -2.1 |   6.3   |   6.0   |
+----------+--------+----------+-------+--------+------+---------+---------+
