[行业>市值]
+----------+--------+----------+--------+----------+------+---------+---------+
|   行业   |  代码  |   名称   |  市值  |    pe    | 涨幅 | 3日涨幅 | 6日涨幅 |
+----------+--------+----------+--------+----------+------+---------+---------+
| 美容护理 | 300896 |  爱美客  | 1230.0 |  109.8   | 2.2  |  -2.1   |  -6.0   |
| 美容护理 | 300957 |  贝泰妮  | 848.1  |  145.2   | 1.6  |  -2.5   |  -6.9   |
| 美容护理 | 688363 | 华熙生物 | 655.5  |   82.0   | 5.7  |   0.4   |  -0.6   |
| 美容护理 | 603605 |  珀莱雅  | 435.6  |   68.7   | 1.0  |  -0.8   |  -4.5   |
| 美容护理 | 300888 | 稳健医疗 | 310.3  |   21.7   | 2.0  |   0.9   |   0.1   |
| 美容护理 | 600315 | 上海家化 | 234.1  |   29.4   | -0.3 |  -2.8   |  -8.6   |
| 美容护理 | 002511 | 中顺洁柔 | 152.0  |   28.5   | 0.3  |  -4.8   |  -6.7   |
| 美容护理 | 002243 | 力合科创 | 109.8  |   78.8   | 1.2  |  -3.1   |  -1.1   |
| 美容护理 | 603983 | 丸美股份 |  97.2  |   37.1   | 0.7  |  -3.1   |  -6.2   |
| 美容护理 | 300856 | 科思股份 |  67.4  |   29.0   | -3.9 |  -4.0   |  -6.6   |
| 美容护理 | 000523 | 广州浪奇 |  59.3  |  -115.5  | 1.9  |  -0.8   |  -3.7   |
| 美容护理 | 605009 | 豪悦护理 |  57.3  |   26.1   | 1.5  |  -2.6   |  -3.7   |
| 美容护理 | 000615 | 奥园美谷 |  53.4  |  -34.4   | -0.4 |  -2.0   |  -5.1   |
| 美容护理 | 300740 | 水羊股份 |  50.5  |   30.4   | 0.2  |  -5.2   |  -7.7   |
| 美容护理 | 003006 | 百亚股份 |  47.8  |   21.6   | 2.4  |  -3.0   |  -6.2   |
| 美容护理 | 300132 | 青松股份 |  33.8  |  -13.8   | 3.3  |  -1.8   |  -4.5   |
| 美容护理 | 301009 | 可靠股份 |  31.6  |  403.8   | 1.5  |  -2.4   |  -3.6   |
| 美容护理 | 603630 | 拉芳家化 |  30.7  |  -300.1  | 0.4  |  -2.4   |  -3.0   |
| 美容护理 | 001206 | 依依股份 |  30.0  |   41.0   | 1.2  |  -0.9   |  -2.4   |
| 美容护理 | 002919 | 名臣健康 |  29.9  |  455.9   | 0.0  |  -4.9   |  -4.5   |
| 美容护理 | 600249 |  两面针  |  27.7  |  -23.4   | 1.6  |  -1.0   |  -2.3   |
| 美容护理 | 002094 | 青岛金王 |  25.9  |   49.0   | 2.7  |   1.9   |   3.0   |
| 美容护理 | 300886 | 华业香料 |  23.1  |   83.2   | 0.0  |   0.0   |   0.0   |
| 美容护理 | 300955 | 嘉亨家化 |  22.9  |   34.2   | -0.4 |  -5.8   |  -4.2   |
| 美容护理 | 300658 | 延江股份 |  21.0  |   78.3   | 2.6  |  -3.3   |  -4.2   |
| 美容护理 | 603238 | 诺邦股份 |  18.5  |   60.9   | 1.4  |  -0.8   |  -1.5   |
| 美容护理 | 300849 | 锦盛新材 |  18.2  |  205.6   | 0.2  |  -0.1   |   0.1   |
| 美容护理 | 603059 |  倍加洁  |  18.1  | -12000.4 | 1.7  |  -1.2   |  -1.8   |
+----------+--------+----------+--------+----------+------+---------+---------+
 




 [行业>单日涨幅]
+----------+--------+----------+--------+----------+------+---------+---------+
|   行业   |  代码  |   名称   |  市值  |    pe    | 涨幅 | 3日涨幅 | 6日涨幅 |
+----------+--------+----------+--------+----------+------+---------+---------+
| 美容护理 | 688363 | 华熙生物 | 655.5  |   82.0   | 5.7  |   0.4   |  -0.6   |
| 美容护理 | 300132 | 青松股份 |  33.8  |  -13.8   | 3.3  |  -1.8   |  -4.5   |
| 美容护理 | 002094 | 青岛金王 |  25.9  |   49.0   | 2.7  |   1.9   |   3.0   |
| 美容护理 | 300658 | 延江股份 |  21.0  |   78.3   | 2.6  |  -3.3   |  -4.2   |
| 美容护理 | 003006 | 百亚股份 |  47.8  |   21.6   | 2.4  |  -3.0   |  -6.2   |
| 美容护理 | 300896 |  爱美客  | 1230.0 |  109.8   | 2.2  |  -2.1   |  -6.0   |
| 美容护理 | 300888 | 稳健医疗 | 310.3  |   21.7   | 2.0  |   0.9   |   0.1   |
| 美容护理 | 000523 | 广州浪奇 |  59.3  |  -115.5  | 1.9  |  -0.8   |  -3.7   |
| 美容护理 | 603059 |  倍加洁  |  18.1  | -12000.4 | 1.7  |  -1.2   |  -1.8   |
| 美容护理 | 300957 |  贝泰妮  | 848.1  |  145.2   | 1.6  |  -2.5   |  -6.9   |
| 美容护理 | 600249 |  两面针  |  27.7  |  -23.4   | 1.6  |  -1.0   |  -2.3   |
| 美容护理 | 605009 | 豪悦护理 |  57.3  |   26.1   | 1.5  |  -2.6   |  -3.7   |
| 美容护理 | 301009 | 可靠股份 |  31.6  |  403.8   | 1.5  |  -2.4   |  -3.6   |
| 美容护理 | 603238 | 诺邦股份 |  18.5  |   60.9   | 1.4  |  -0.8   |  -1.5   |
| 美容护理 | 002243 | 力合科创 | 109.8  |   78.8   | 1.2  |  -3.1   |  -1.1   |
| 美容护理 | 001206 | 依依股份 |  30.0  |   41.0   | 1.2  |  -0.9   |  -2.4   |
| 美容护理 | 603605 |  珀莱雅  | 435.6  |   68.7   | 1.0  |  -0.8   |  -4.5   |
| 美容护理 | 603983 | 丸美股份 |  97.2  |   37.1   | 0.7  |  -3.1   |  -6.2   |
| 美容护理 | 603630 | 拉芳家化 |  30.7  |  -300.1  | 0.4  |  -2.4   |  -3.0   |
| 美容护理 | 002511 | 中顺洁柔 | 152.0  |   28.5   | 0.3  |  -4.8   |  -6.7   |
| 美容护理 | 300849 | 锦盛新材 |  18.2  |  205.6   | 0.2  |  -0.1   |   0.1   |
| 美容护理 | 300740 | 水羊股份 |  50.5  |   30.4   | 0.2  |  -5.2   |  -7.7   |
| 美容护理 | 002919 | 名臣健康 |  29.9  |  455.9   | 0.0  |  -4.9   |  -4.5   |
| 美容护理 | 300886 | 华业香料 |  23.1  |   83.2   | 0.0  |   0.0   |   0.0   |
| 美容护理 | 600315 | 上海家化 | 234.1  |   29.4   | -0.3 |  -2.8   |  -8.6   |
| 美容护理 | 000615 | 奥园美谷 |  53.4  |  -34.4   | -0.4 |  -2.0   |  -5.1   |
| 美容护理 | 300955 | 嘉亨家化 |  22.9  |   34.2   | -0.4 |  -5.8   |  -4.2   |
| 美容护理 | 300856 | 科思股份 |  67.4  |   29.0   | -3.9 |  -4.0   |  -6.6   |
+----------+--------+----------+--------+----------+------+---------+---------+
