[行业>市值]
+----------+--------+----------+-------+--------+------+---------+---------+
|   行业   |  代码  |   名称   | 市值  |   pe   | 涨幅 | 3日涨幅 | 6日涨幅 |
+----------+--------+----------+-------+--------+------+---------+---------+
| 铁路公路 | 001965 | 招商公路 | 483.1 |  11.1  | 1.3  |   6.0   |   5.1   |
| 铁路公路 | 600377 | 宁沪高速 | 424.2 |  13.3  | 1.4  |   1.9   |   0.1   |
| 铁路公路 | 600350 | 山东高速 | 274.7 |  9.6   | 3.2  |   9.6   |   8.1   |
| 铁路公路 | 600548 |  深高速  | 215.9 |  13.1  | 3.2  |   4.4   |   4.1   |
| 铁路公路 | 000429 | 粤高速Ａ  | 165.2 |  9.6   | 5.2  |   6.6   |   2.5   |
| 铁路公路 | 600662 | 外服控股 | 150.7 |  21.8  | 4.3  |   3.1   |   3.3   |
| 铁路公路 | 601107 | 四川成渝 | 129.4 |  12.9  | 4.2  |   7.6   |   6.0   |
| 铁路公路 | 603032 | 德新交运 | 127.5 |  61.5  | 0.5  |  -1.6   |  -3.0   |
| 铁路公路 | 600012 | 皖通高速 | 127.4 |  7.8   | 2.7  |   4.3   |   3.5   |
| 铁路公路 | 000828 | 东莞控股 | 108.1 |  15.9  | 1.7  |   4.0   |   3.7   |
| 铁路公路 | 000755 | 山西路桥 | 105.9 |  27.5  | 10.1 |  33.2   |  77.4   |
| 铁路公路 | 603069 | 海汽集团 | 96.7  | -148.3 | 4.0  |  -0.8   |  -4.1   |
| 铁路公路 | 600033 | 福建高速 | 91.4  |  10.2  | 9.9  |  22.0   |  20.2   |
| 铁路公路 | 600269 | 赣粤高速 | 90.4  |  6.8   | 6.9  |  11.2   |  11.2   |
| 铁路公路 | 600020 | 中原高速 | 77.3  |  13.7  | 7.5  |  11.3   |  11.0   |
| 铁路公路 | 600611 | 大众交通 | 77.3  |  -7.4  | 2.2  |   2.8   |   2.2   |
| 铁路公路 | 600620 | 天宸股份 | 76.4  | -78.8  | 2.1  |   5.6   |   2.6   |
| 铁路公路 | 000885 | 城发环境 | 67.2  |  7.5   | 10.0 |  14.4   |  12.0   |
| 铁路公路 | 600650 | 锦江在线 | 66.7  |  3.0   | 0.7  |   1.9   |  -0.5   |
| 铁路公路 | 000900 | 现代投资 | 66.2  |  10.3  | 3.1  |   7.4   |   7.1   |
| 铁路公路 | 600035 | 楚天高速 | 60.5  |  6.1   | 9.9  |  17.9   |  14.3   |
| 铁路公路 | 600106 | 重庆路桥 | 58.7  |  97.3  | 3.8  |   3.5   |   5.0   |
| 铁路公路 | 600368 | 五洲交通 | 47.2  |  6.5   | 6.9  |  12.0   |   9.1   |
| 铁路公路 | 600834 | 申通地铁 | 46.2  |  63.5  | 1.8  |   2.6   |   2.4   |
| 铁路公路 | 601188 | 龙江交通 | 44.2  |  18.8  | 3.7  |   6.7   |   6.7   |
| 铁路公路 | 601518 | 吉林高速 | 42.9  |  12.7  | 10.0 |  22.3   |  21.4   |
| 铁路公路 | 002627 | 三峡旅游 | 40.5  |  71.2  | 2.2  |  -0.9   |  -2.8   |
| 铁路公路 | 000548 | 湖南投资 | 27.8  |  84.4  | 10.1 |  24.4   |  24.1   |
| 铁路公路 | 002357 | 富临运业 | 18.8  |  10.2  | 2.6  |   4.9   |   5.1   |
| 铁路公路 | 600561 | 江西长运 | 18.2  | -28.3  | 10.0 |  19.4   |  21.5   |
+----------+--------+----------+-------+--------+------+---------+---------+
 




 [行业>单日涨幅]
+----------+--------+----------+-------+--------+------+---------+---------+
|   行业   |  代码  |   名称   | 市值  |   pe   | 涨幅 | 3日涨幅 | 6日涨幅 |
+----------+--------+----------+-------+--------+------+---------+---------+
| 铁路公路 | 000548 | 湖南投资 | 27.8  |  84.4  | 10.1 |  24.4   |  24.1   |
| 铁路公路 | 000755 | 山西路桥 | 105.9 |  27.5  | 10.1 |  33.2   |  77.4   |
| 铁路公路 | 601518 | 吉林高速 | 42.9  |  12.7  | 10.0 |  22.3   |  21.4   |
| 铁路公路 | 000885 | 城发环境 | 67.2  |  7.5   | 10.0 |  14.4   |  12.0   |
| 铁路公路 | 600561 | 江西长运 | 18.2  | -28.3  | 10.0 |  19.4   |  21.5   |
| 铁路公路 | 600035 | 楚天高速 | 60.5  |  6.1   | 9.9  |  17.9   |  14.3   |
| 铁路公路 | 600033 | 福建高速 | 91.4  |  10.2  | 9.9  |  22.0   |  20.2   |
| 铁路公路 | 600020 | 中原高速 | 77.3  |  13.7  | 7.5  |  11.3   |  11.0   |
| 铁路公路 | 600269 | 赣粤高速 | 90.4  |  6.8   | 6.9  |  11.2   |  11.2   |
| 铁路公路 | 600368 | 五洲交通 | 47.2  |  6.5   | 6.9  |  12.0   |   9.1   |
| 铁路公路 | 000429 | 粤高速Ａ  | 165.2 |  9.6   | 5.2  |   6.6   |   2.5   |
| 铁路公路 | 600662 | 外服控股 | 150.7 |  21.8  | 4.3  |   3.1   |   3.3   |
| 铁路公路 | 601107 | 四川成渝 | 129.4 |  12.9  | 4.2  |   7.6   |   6.0   |
| 铁路公路 | 603069 | 海汽集团 | 96.7  | -148.3 | 4.0  |  -0.8   |  -4.1   |
| 铁路公路 | 600106 | 重庆路桥 | 58.7  |  97.3  | 3.8  |   3.5   |   5.0   |
| 铁路公路 | 601188 | 龙江交通 | 44.2  |  18.8  | 3.7  |   6.7   |   6.7   |
| 铁路公路 | 600350 | 山东高速 | 274.7 |  9.6   | 3.2  |   9.6   |   8.1   |
| 铁路公路 | 600548 |  深高速  | 215.9 |  13.1  | 3.2  |   4.4   |   4.1   |
| 铁路公路 | 000900 | 现代投资 | 66.2  |  10.3  | 3.1  |   7.4   |   7.1   |
| 铁路公路 | 600012 | 皖通高速 | 127.4 |  7.8   | 2.7  |   4.3   |   3.5   |
| 铁路公路 | 002357 | 富临运业 | 18.8  |  10.2  | 2.6  |   4.9   |   5.1   |
| 铁路公路 | 002627 | 三峡旅游 | 40.5  |  71.2  | 2.2  |  -0.9   |  -2.8   |
| 铁路公路 | 600611 | 大众交通 | 77.3  |  -7.4  | 2.2  |   2.8   |   2.2   |
| 铁路公路 | 600620 | 天宸股份 | 76.4  | -78.8  | 2.1  |   5.6   |   2.6   |
| 铁路公路 | 600834 | 申通地铁 | 46.2  |  63.5  | 1.8  |   2.6   |   2.4   |
| 铁路公路 | 000828 | 东莞控股 | 108.1 |  15.9  | 1.7  |   4.0   |   3.7   |
| 铁路公路 | 600377 | 宁沪高速 | 424.2 |  13.3  | 1.4  |   1.9   |   0.1   |
| 铁路公路 | 001965 | 招商公路 | 483.1 |  11.1  | 1.3  |   6.0   |   5.1   |
| 铁路公路 | 600650 | 锦江在线 | 66.7  |  3.0   | 0.7  |   1.9   |  -0.5   |
| 铁路公路 | 603032 | 德新交运 | 127.5 |  61.5  | 0.5  |  -1.6   |  -3.0   |
+----------+--------+----------+-------+--------+------+---------+---------+
