[行业>市值]
+------------+--------+----------+--------+-------+-------+---------+---------+
|    行业    |  代码  |   名称   |  市值  |  pe   | 涨幅  | 3日涨幅 | 6日涨幅 |
+------------+--------+----------+--------+-------+-------+---------+---------+
| 非金属材料 | 603260 | 合盛硅业 | 1113.0 | 13.6  | -0.4  |  -9.8   |  -15.1  |
| 非金属材料 | 603688 | 石英股份 | 488.2  | 139.7 | -10.0 |  -5.7   |  -9.9   |
| 非金属材料 | 300861 | 美畅股份 | 353.8  | 31.1  | -0.7  |  -6.5   |  -2.7   |
| 非金属材料 | 600516 | 方大炭素 | 277.1  | 205.5 |  0.6  |  -3.8   |  -5.5   |
| 非金属材料 | 688281 | 华秦科技 | 273.8  | 115.5 | -1.9  |  -4.1   |   0.1   |
| 非金属材料 | 603826 | 坤彩科技 | 264.7  | 248.0 | -0.0  |  -1.8   |  -5.1   |
| 非金属材料 | 300395 |  菲利华  | 234.3  | 64.8  | -2.1  |  -5.7   |  -5.5   |
| 非金属材料 | 301071 | 力量钻石 | 190.3  | 47.0  | -0.2  |  -4.1   |  -1.6   |
| 非金属材料 | 300035 | 中科电气 | 189.0  | 36.6  |  2.3  |  -3.8   |  -2.4   |
| 非金属材料 | 603612 | 索通发展 | 187.4  | 29.6  | -4.9  |   2.8   |   9.5   |
| 非金属材料 | 688733 |  壹石通  | 146.3  | 83.9  |  0.4  |  -6.0   |  -2.0   |
| 非金属材料 | 300409 | 道氏技术 | 137.0  | 20.0  | -0.6  |  -4.1   |  -10.4  |
| 非金属材料 | 600330 | 天通股份 | 122.5  | 27.9  |  1.3  |  -1.2   |  -4.8   |
| 非金属材料 | 600172 | 黄河旋风 | 119.3  | 103.8 |  0.5  |  -3.7   |  -8.6   |
| 非金属材料 | 600783 | 鲁信创投 |  97.8  | 49.8  | -0.5  |   0.1   |  -1.1   |
| 非金属材料 | 688119 | 中钢洛耐 |  88.3  | 56.8  | -2.1  |  -2.4   |  -8.0   |
| 非金属材料 | 002130 | 沃尔核材 |  77.4  | 18.1  |  0.8  |  -1.4   |  -1.9   |
| 非金属材料 | 688357 | 建龙微纳 |  56.4  | 32.1  | -0.8  |  -7.9   |  -9.1   |
| 非金属材料 | 688300 | 联瑞新材 |  55.9  | 32.7  |  0.0  |  -7.4   |  -7.7   |
| 非金属材料 | 001296 | 长江材料 |  24.8  | 43.2  | -0.5  |  -1.1   |  -1.9   |
| 非金属材料 | 300743 | 天地数码 |  16.2  | 54.8  |  1.6  |   0.8   |   2.6   |
+------------+--------+----------+--------+-------+-------+---------+---------+
 




 [行业>单日涨幅]
+------------+--------+----------+--------+-------+-------+---------+---------+
|    行业    |  代码  |   名称   |  市值  |  pe   | 涨幅  | 3日涨幅 | 6日涨幅 |
+------------+--------+----------+--------+-------+-------+---------+---------+
| 非金属材料 | 300035 | 中科电气 | 189.0  | 36.6  |  2.3  |  -3.8   |  -2.4   |
| 非金属材料 | 300743 | 天地数码 |  16.2  | 54.8  |  1.6  |   0.8   |   2.6   |
| 非金属材料 | 600330 | 天通股份 | 122.5  | 27.9  |  1.3  |  -1.2   |  -4.8   |
| 非金属材料 | 002130 | 沃尔核材 |  77.4  | 18.1  |  0.8  |  -1.4   |  -1.9   |
| 非金属材料 | 600516 | 方大炭素 | 277.1  | 205.5 |  0.6  |  -3.8   |  -5.5   |
| 非金属材料 | 600172 | 黄河旋风 | 119.3  | 103.8 |  0.5  |  -3.7   |  -8.6   |
| 非金属材料 | 688733 |  壹石通  | 146.3  | 83.9  |  0.4  |  -6.0   |  -2.0   |
| 非金属材料 | 688300 | 联瑞新材 |  55.9  | 32.7  |  0.0  |  -7.4   |  -7.7   |
| 非金属材料 | 603826 | 坤彩科技 | 264.7  | 248.0 | -0.0  |  -1.8   |  -5.1   |
| 非金属材料 | 301071 | 力量钻石 | 190.3  | 47.0  | -0.2  |  -4.1   |  -1.6   |
| 非金属材料 | 603260 | 合盛硅业 | 1113.0 | 13.6  | -0.4  |  -9.8   |  -15.1  |
| 非金属材料 | 600783 | 鲁信创投 |  97.8  | 49.8  | -0.5  |   0.1   |  -1.1   |
| 非金属材料 | 001296 | 长江材料 |  24.8  | 43.2  | -0.5  |  -1.1   |  -1.9   |
| 非金属材料 | 300409 | 道氏技术 | 137.0  | 20.0  | -0.6  |  -4.1   |  -10.4  |
| 非金属材料 | 300861 | 美畅股份 | 353.8  | 31.1  | -0.7  |  -6.5   |  -2.7   |
| 非金属材料 | 688357 | 建龙微纳 |  56.4  | 32.1  | -0.8  |  -7.9   |  -9.1   |
| 非金属材料 | 688281 | 华秦科技 | 273.8  | 115.5 | -1.9  |  -4.1   |   0.1   |
| 非金属材料 | 300395 |  菲利华  | 234.3  | 64.8  | -2.1  |  -5.7   |  -5.5   |
| 非金属材料 | 688119 | 中钢洛耐 |  88.3  | 56.8  | -2.1  |  -2.4   |  -8.0   |
| 非金属材料 | 603612 | 索通发展 | 187.4  | 29.6  | -4.9  |   2.8   |   9.5   |
| 非金属材料 | 603688 | 石英股份 | 488.2  | 139.7 | -10.0 |  -5.7   |  -9.9   |
+------------+--------+----------+--------+-------+-------+---------+---------+
