[行业>市值]
+----------+--------+----------+--------+-------+------+---------+---------+
|   行业   |  代码  |   名称   |  市值  |  pe   | 涨幅 | 3日涨幅 | 6日涨幅 |
+----------+--------+----------+--------+-------+------+---------+---------+
| 化纤行业 | 600346 | 恒力石化 | 1599.0 |  9.5  | 1.7  |   0.6   |   5.4   |
| 化纤行业 | 002493 | 荣盛石化 | 1590.0 | 12.8  | 3.1  |  -0.8   |   3.7   |
| 化纤行业 | 000301 | 东方盛虹 | 943.1  | 34.2  | 3.6  |   1.5   |   4.4   |
| 化纤行业 | 002064 | 华峰化学 | 421.3  |  7.7  | 2.7  |   2.8   |   7.6   |
| 化纤行业 | 601233 | 桐昆股份 | 413.7  |  6.9  | 2.1  |   0.2   |   3.9   |
| 化纤行业 | 000703 | 恒逸石化 | 385.7  | 13.2  | 3.3  |  -1.4   |  11.2   |
| 化纤行业 | 688295 | 中复神鹰 | 329.5  | 69.9  | 1.3  |   6.0   |  15.3   |
| 化纤行业 | 300777 | 中简科技 | 204.9  | 56.5  | 1.9  |   2.7   |   3.9   |
| 化纤行业 | 603225 |  新凤鸣  | 182.8  | 16.1  | 5.0  |   1.9   |   5.2   |
| 化纤行业 | 600063 | XD皖维高 | 137.5  |  8.3  | 1.7  |  -1.8   |   9.2   |
| 化纤行业 | 002254 | 泰和新材 | 103.8  | 17.8  | 3.5  |   5.7   |   5.4   |
| 化纤行业 | 600810 | 神马股份 |  97.8  |  6.7  | 1.2  |   1.0   |   2.6   |
| 化纤行业 | 000420 | 吉林化纤 |  91.1  | -46.5 | 4.0  |   2.4   |  23.9   |
| 化纤行业 | 002206 | 海 利 得 |  76.6  | 15.6  | 10.0 |   3.8   |   7.9   |
| 化纤行业 | 000949 | 新乡化纤 |  54.9  | 33.5  | 2.5  |   1.6   |   2.5   |
| 化纤行业 | 601113 |  ST华鼎  |  49.6  | -16.3 | -2.2 |  -4.4   |  -5.4   |
| 化纤行业 | 000936 | 华西股份 |  49.3  | 63.8  | 3.4  |  13.5   |  14.9   |
| 化纤行业 | 600527 | 江南高纤 |  37.1  | 57.9  | 0.5  |   0.9   |   1.4   |
| 化纤行业 | 002427 | *ST尤夫  |  36.8  | -5.2  | -4.3 |   1.2   |   3.6   |
| 化纤行业 | 603332 | 苏州龙杰 |  32.9  | -61.3 | -0.3 |   3.9   |  12.0   |
| 化纤行业 | 688722 |  同益中  |  32.7  | 26.8  | -0.2 |   8.7   |  17.8   |
| 化纤行业 | 002172 | 澳洋健康 |  26.9  | 20.7  | 0.9  |   0.6   |   1.8   |
| 化纤行业 | 000677 | 恒天海龙 |  26.4  | 42.6  | 0.3  |   0.3   |   2.7   |
| 化纤行业 | 301057 | 汇隆新材 |  25.8  | 51.9  | 1.9  |   3.2   |   3.3   |
| 化纤行业 | 000782 | 美达股份 |  24.6  | 30.9  | 0.4  |   0.4   |  -0.6   |
| 化纤行业 | 002998 | 优彩资源 |  24.4  | 20.4  | 0.5  |   4.2   |   5.8   |
| 化纤行业 | 300876 | 蒙泰高新 |  22.8  | 37.6  | 2.8  |   3.4   |   4.4   |
| 化纤行业 | 600889 | 南京化纤 |  17.7  | -14.0 | 0.4  |   1.1   |   5.0   |
+----------+--------+----------+--------+-------+------+---------+---------+
 




 [行业>PE]
+----------+--------+----------+--------+-------+------+---------+---------+
|   行业   |  代码  |   名称   |  市值  |  pe   | 涨幅 | 3日涨幅 | 6日涨幅 |
+----------+--------+----------+--------+-------+------+---------+---------+
| 化纤行业 | 688295 | 中复神鹰 | 329.5  | 69.9  | 1.3  |   6.0   |  15.3   |
| 化纤行业 | 000936 | 华西股份 |  49.3  | 63.8  | 3.4  |  13.5   |  14.9   |
| 化纤行业 | 600527 | 江南高纤 |  37.1  | 57.9  | 0.5  |   0.9   |   1.4   |
| 化纤行业 | 300777 | 中简科技 | 204.9  | 56.5  | 1.9  |   2.7   |   3.9   |
| 化纤行业 | 301057 | 汇隆新材 |  25.8  | 51.9  | 1.9  |   3.2   |   3.3   |
| 化纤行业 | 000677 | 恒天海龙 |  26.4  | 42.6  | 0.3  |   0.3   |   2.7   |
| 化纤行业 | 300876 | 蒙泰高新 |  22.8  | 37.6  | 2.8  |   3.4   |   4.4   |
| 化纤行业 | 000301 | 东方盛虹 | 943.1  | 34.2  | 3.6  |   1.5   |   4.4   |
| 化纤行业 | 000949 | 新乡化纤 |  54.9  | 33.5  | 2.5  |   1.6   |   2.5   |
| 化纤行业 | 000782 | 美达股份 |  24.6  | 30.9  | 0.4  |   0.4   |  -0.6   |
| 化纤行业 | 688722 |  同益中  |  32.7  | 26.8  | -0.2 |   8.7   |  17.8   |
| 化纤行业 | 002172 | 澳洋健康 |  26.9  | 20.7  | 0.9  |   0.6   |   1.8   |
| 化纤行业 | 002998 | 优彩资源 |  24.4  | 20.4  | 0.5  |   4.2   |   5.8   |
| 化纤行业 | 002254 | 泰和新材 | 103.8  | 17.8  | 3.5  |   5.7   |   5.4   |
| 化纤行业 | 603225 |  新凤鸣  | 182.8  | 16.1  | 5.0  |   1.9   |   5.2   |
| 化纤行业 | 002206 | 海 利 得 |  76.6  | 15.6  | 10.0 |   3.8   |   7.9   |
| 化纤行业 | 000703 | 恒逸石化 | 385.7  | 13.2  | 3.3  |  -1.4   |  11.2   |
| 化纤行业 | 002493 | 荣盛石化 | 1590.0 | 12.8  | 3.1  |  -0.8   |   3.7   |
| 化纤行业 | 600346 | 恒力石化 | 1599.0 |  9.5  | 1.7  |   0.6   |   5.4   |
| 化纤行业 | 600063 | XD皖维高 | 137.5  |  8.3  | 1.7  |  -1.8   |   9.2   |
| 化纤行业 | 002064 | 华峰化学 | 421.3  |  7.7  | 2.7  |   2.8   |   7.6   |
| 化纤行业 | 601233 | 桐昆股份 | 413.7  |  6.9  | 2.1  |   0.2   |   3.9   |
| 化纤行业 | 600810 | 神马股份 |  97.8  |  6.7  | 1.2  |   1.0   |   2.6   |
| 化纤行业 | 002427 | *ST尤夫  |  36.8  | -5.2  | -4.3 |   1.2   |   3.6   |
| 化纤行业 | 600889 | 南京化纤 |  17.7  | -14.0 | 0.4  |   1.1   |   5.0   |
| 化纤行业 | 601113 |  ST华鼎  |  49.6  | -16.3 | -2.2 |  -4.4   |  -5.4   |
| 化纤行业 | 000420 | 吉林化纤 |  91.1  | -46.5 | 4.0  |   2.4   |  23.9   |
| 化纤行业 | 603332 | 苏州龙杰 |  32.9  | -61.3 | -0.3 |   3.9   |  12.0   |
+----------+--------+----------+--------+-------+------+---------+---------+
