[行业>市值]
+----------+--------+----------+--------+-------+------+---------+---------+
|   行业   |  代码  |   名称   |  市值  |  pe   | 涨幅 | 3日涨幅 | 6日涨幅 |
+----------+--------+----------+--------+-------+------+---------+---------+
| 化肥行业 | 000792 | 盐湖股份 | 1738.0 | 12.4  | 5.2  |   1.5   |   0.7   |
| 化肥行业 | 600096 |  云天化  | 511.3  |  7.8  | 3.5  |   2.8   |   4.9   |
| 化肥行业 | 000408 | 藏格矿业 | 499.1  | 15.3  | 4.6  |   5.5   |   4.8   |
| 化肥行业 | 600141 | 兴发集团 | 440.0  |  6.4  | 5.8  |   5.3   |   9.0   |
| 化肥行业 | 000893 | 亚钾国际 | 259.1  | 23.1  | 3.1  |  -3.0   |  -6.9   |
| 化肥行业 | 000902 |  新洋丰  | 221.9  | 13.6  | 4.0  |   3.6   |   4.2   |
| 化肥行业 | 002312 | 川发龙蟒 | 205.3  | 18.8  | 4.0  |   5.5   |   5.5   |
| 化肥行业 | 002895 | 川恒股份 | 178.5  | 42.9  | 4.0  |  11.4   |  13.3   |
| 化肥行业 | 002539 | 云图控股 | 169.7  |  9.1  | 7.8  |   8.7   |  14.9   |
| 化肥行业 | 603938 | 三孚股份 | 125.2  | 20.8  | 2.3  |   1.7   |   7.5   |
| 化肥行业 | 002556 | 辉隆股份 | 115.9  | 13.8  | 6.6  |   8.4   |  13.9   |
| 化肥行业 | 002274 | 华昌化工 | 100.4  | 10.3  | 1.1  |   0.1   |  18.4   |
| 化肥行业 | 600691 | 阳煤化工 |  95.8  | 25.9  | 2.3  |   0.5   |   2.3   |
| 化肥行业 | 000912 |  泸天化  |  87.5  | 15.6  | 1.4  |   0.2   |   2.6   |
| 化肥行业 | 002588 |  史丹利  |  82.6  | 13.8  | 3.5  |   2.0   |   3.9   |
| 化肥行业 | 600078 | *ST澄星  |  82.2  | 30.4  | -2.8 |   3.7   |   2.3   |
| 化肥行业 | 002470 |  ST金正  |  76.9  | -73.8 | -0.8 |   0.4   |  -1.3   |
| 化肥行业 | 002538 |  司尔特  |  75.3  | 12.2  | 1.4  |   6.5   |   7.7   |
| 化肥行业 | 000731 | 四川美丰 |  55.6  |  7.8  | 3.6  |   1.3   |   7.0   |
| 化肥行业 | 300505 |  川金诺  |  55.6  | 23.2  | 4.0  |  -0.5   |   1.6   |
| 化肥行业 | 002170 | 芭田股份 |  50.7  | 58.4  | 1.8  |   2.0   |   2.1   |
| 化肥行业 | 600470 | 六国化工 |  41.6  | 15.6  | 2.6  |   0.5   |   5.4   |
| 化肥行业 | 002999 | 天禾股份 |  27.8  | 49.7  | 6.1  |   4.3   |  10.4   |
| 化肥行业 | 300387 | 富邦股份 |  21.6  | 40.0  | 1.4  |  -1.3   |   1.6   |
| 化肥行业 | 000611 | *ST天首  |  11.7  | -36.9 | 0.0  |   0.0   |   0.0   |
+----------+--------+----------+--------+-------+------+---------+---------+
 




 [行业>PE]
+----------+--------+----------+--------+-------+------+---------+---------+
|   行业   |  代码  |   名称   |  市值  |  pe   | 涨幅 | 3日涨幅 | 6日涨幅 |
+----------+--------+----------+--------+-------+------+---------+---------+
| 化肥行业 | 002170 | 芭田股份 |  50.7  | 58.4  | 1.8  |   2.0   |   2.1   |
| 化肥行业 | 002999 | 天禾股份 |  27.8  | 49.7  | 6.1  |   4.3   |  10.4   |
| 化肥行业 | 002895 | 川恒股份 | 178.5  | 42.9  | 4.0  |  11.4   |  13.3   |
| 化肥行业 | 300387 | 富邦股份 |  21.6  | 40.0  | 1.4  |  -1.3   |   1.6   |
| 化肥行业 | 600078 | *ST澄星  |  82.2  | 30.4  | -2.8 |   3.7   |   2.3   |
| 化肥行业 | 600691 | 阳煤化工 |  95.8  | 25.9  | 2.3  |   0.5   |   2.3   |
| 化肥行业 | 300505 |  川金诺  |  55.6  | 23.2  | 4.0  |  -0.5   |   1.6   |
| 化肥行业 | 000893 | 亚钾国际 | 259.1  | 23.1  | 3.1  |  -3.0   |  -6.9   |
| 化肥行业 | 603938 | 三孚股份 | 125.2  | 20.8  | 2.3  |   1.7   |   7.5   |
| 化肥行业 | 002312 | 川发龙蟒 | 205.3  | 18.8  | 4.0  |   5.5   |   5.5   |
| 化肥行业 | 000912 |  泸天化  |  87.5  | 15.6  | 1.4  |   0.2   |   2.6   |
| 化肥行业 | 600470 | 六国化工 |  41.6  | 15.6  | 2.6  |   0.5   |   5.4   |
| 化肥行业 | 000408 | 藏格矿业 | 499.1  | 15.3  | 4.6  |   5.5   |   4.8   |
| 化肥行业 | 002556 | 辉隆股份 | 115.9  | 13.8  | 6.6  |   8.4   |  13.9   |
| 化肥行业 | 002588 |  史丹利  |  82.6  | 13.8  | 3.5  |   2.0   |   3.9   |
| 化肥行业 | 000902 |  新洋丰  | 221.9  | 13.6  | 4.0  |   3.6   |   4.2   |
| 化肥行业 | 000792 | 盐湖股份 | 1738.0 | 12.4  | 5.2  |   1.5   |   0.7   |
| 化肥行业 | 002538 |  司尔特  |  75.3  | 12.2  | 1.4  |   6.5   |   7.7   |
| 化肥行业 | 002274 | 华昌化工 | 100.4  | 10.3  | 1.1  |   0.1   |  18.4   |
| 化肥行业 | 002539 | 云图控股 | 169.7  |  9.1  | 7.8  |   8.7   |  14.9   |
| 化肥行业 | 000731 | 四川美丰 |  55.6  |  7.8  | 3.6  |   1.3   |   7.0   |
| 化肥行业 | 600096 |  云天化  | 511.3  |  7.8  | 3.5  |   2.8   |   4.9   |
| 化肥行业 | 600141 | 兴发集团 | 440.0  |  6.4  | 5.8  |   5.3   |   9.0   |
| 化肥行业 | 000611 | *ST天首  |  11.7  | -36.9 | 0.0  |   0.0   |   0.0   |
| 化肥行业 | 002470 |  ST金正  |  76.9  | -73.8 | -0.8 |   0.4   |  -1.3   |
+----------+--------+----------+--------+-------+------+---------+---------+
