[行业>市值]
+----------+--------+----------+-------+--------+------+---------+---------+
|   行业   |  代码  |   名称   | 市值  |   pe   | 涨幅 | 3日涨幅 | 6日涨幅 |
+----------+--------+----------+-------+--------+------+---------+---------+
| 多元金融 | 000617 | 中油资本 | 611.9 |  8.9   | 0.2  |   0.6   |   2.3   |
| 多元金融 | 600705 | 中航产融 | 304.2 | 663.9  | 0.6  |   1.5   |   1.8   |
| 多元金融 | 000987 | 越秀金控 | 294.7 |  12.6  | 0.8  |   1.7   |   1.0   |
| 多元金融 | 600927 | 永安期货 | 286.2 | 219.5  | 1.0  |   3.9   |   5.8   |
| 多元金融 | 600816 |  ST安信  | 228.1 | -12.0  | -3.7 |  -0.5   |  -8.9   |
| 多元金融 | 600390 | 五矿资本 | 216.8 |  7.7   | 0.2  |   1.3   |   3.0   |
| 多元金融 | 002423 | 中粮资本 | 164.1 | -12.0  | 0.3  |  -0.4   |   6.4   |
| 多元金融 | 600901 | 江苏租赁 | 149.0 |  6.0   | -0.4 |   0.6   |   2.2   |
| 多元金融 | 000567 | 海德股份 | 135.7 |  26.6  | 0.6  |   6.7   |  11.6   |
| 多元金融 | 000415 | 渤海租赁 | 133.0 |  -4.5  | 1.4  |   0.5   |   0.9   |
| 多元金融 | 000563 | 陕国投Ａ  | 120.5 |  17.1  | 0.7  |   1.3   |   2.4   |
| 多元金融 | 600120 | 浙江东方 | 114.1 |  71.4  | 0.5  |   2.9   |   6.3   |
| 多元金融 | 600643 | 爱建集团 | 99.1  |  8.3   | 0.5  |   0.0   |   0.5   |
| 多元金融 | 000046 | 泛海控股 | 76.4  |  -2.4  | 0.0  |  -1.3   |  -3.3   |
| 多元金融 | 002961 | 瑞达期货 | 75.8  |  19.9  | 2.5  |   4.3   |   5.1   |
| 多元金融 | 600053 | 九鼎投资 | 73.0  |  41.1  | -1.7 |  -2.5   |  12.6   |
| 多元金融 | 603093 | 南华期货 | 63.8  |  56.8  | 2.9  |   3.8   |   5.0   |
| 多元金融 | 000666 | 经纬纺机 | 62.5  |  11.5  | 0.2  |   2.7   |   7.8   |
| 多元金融 | 600318 | 新力金融 | 37.0  | 403.2  | 3.6  |  -1.1   |  -1.0   |
| 多元金融 | 002647 | 仁东控股 | 37.0  | -44.8  | 1.2  |  -1.1   |   1.7   |
| 多元金融 | 600830 | 香溢融通 | 27.9  |  58.2  | 1.8  |   1.5   |   7.7   |
| 多元金融 | 000416 | 民生控股 | 18.9  | -102.1 | 0.8  |  -3.0   |  -4.6   |
| 多元金融 | 600599 |  ST熊猫  | 17.7  |  12.2  | 5.0  |   5.3   |   4.9   |
| 多元金融 | 600139 | *ST西源  | 14.1  |  -9.6  | 0.9  |   9.2   |  20.3   |
| 多元金融 | 300309 | *ST吉艾  | 13.9  |  -3.1  | 4.0  |   7.5   |   3.3   |
| 多元金融 | 600093 | 退市易见 |  4.6  |  -1.0  | 2.5  |   0.0   |   2.5   |
| 多元金融 | 600695 | 退市绿庭 |  3.7  | 171.6  | 6.1  |  -1.9   |  -1.9   |
+----------+--------+----------+-------+--------+------+---------+---------+
 




 [行业>PE]
+----------+--------+----------+-------+--------+------+---------+---------+
|   行业   |  代码  |   名称   | 市值  |   pe   | 涨幅 | 3日涨幅 | 6日涨幅 |
+----------+--------+----------+-------+--------+------+---------+---------+
| 多元金融 | 600705 | 中航产融 | 304.2 | 663.9  | 0.6  |   1.5   |   1.8   |
| 多元金融 | 600318 | 新力金融 | 37.0  | 403.2  | 3.6  |  -1.1   |  -1.0   |
| 多元金融 | 600927 | 永安期货 | 286.2 | 219.5  | 1.0  |   3.9   |   5.8   |
| 多元金融 | 600695 | 退市绿庭 |  3.7  | 171.6  | 6.1  |  -1.9   |  -1.9   |
| 多元金融 | 600120 | 浙江东方 | 114.1 |  71.4  | 0.5  |   2.9   |   6.3   |
| 多元金融 | 600830 | 香溢融通 | 27.9  |  58.2  | 1.8  |   1.5   |   7.7   |
| 多元金融 | 603093 | 南华期货 | 63.8  |  56.8  | 2.9  |   3.8   |   5.0   |
| 多元金融 | 600053 | 九鼎投资 | 73.0  |  41.1  | -1.7 |  -2.5   |  12.6   |
| 多元金融 | 000567 | 海德股份 | 135.7 |  26.6  | 0.6  |   6.7   |  11.6   |
| 多元金融 | 002961 | 瑞达期货 | 75.8  |  19.9  | 2.5  |   4.3   |   5.1   |
| 多元金融 | 000563 | 陕国投Ａ  | 120.5 |  17.1  | 0.7  |   1.3   |   2.4   |
| 多元金融 | 000987 | 越秀金控 | 294.7 |  12.6  | 0.8  |   1.7   |   1.0   |
| 多元金融 | 600599 |  ST熊猫  | 17.7  |  12.2  | 5.0  |   5.3   |   4.9   |
| 多元金融 | 000666 | 经纬纺机 | 62.5  |  11.5  | 0.2  |   2.7   |   7.8   |
| 多元金融 | 000617 | 中油资本 | 611.9 |  8.9   | 0.2  |   0.6   |   2.3   |
| 多元金融 | 600643 | 爱建集团 | 99.1  |  8.3   | 0.5  |   0.0   |   0.5   |
| 多元金融 | 600390 | 五矿资本 | 216.8 |  7.7   | 0.2  |   1.3   |   3.0   |
| 多元金融 | 600901 | 江苏租赁 | 149.0 |  6.0   | -0.4 |   0.6   |   2.2   |
| 多元金融 | 600093 | 退市易见 |  4.6  |  -1.0  | 2.5  |   0.0   |   2.5   |
| 多元金融 | 000046 | 泛海控股 | 76.4  |  -2.4  | 0.0  |  -1.3   |  -3.3   |
| 多元金融 | 300309 | *ST吉艾  | 13.9  |  -3.1  | 4.0  |   7.5   |   3.3   |
| 多元金融 | 000415 | 渤海租赁 | 133.0 |  -4.5  | 1.4  |   0.5   |   0.9   |
| 多元金融 | 600139 | *ST西源  | 14.1  |  -9.6  | 0.9  |   9.2   |  20.3   |
| 多元金融 | 600816 |  ST安信  | 228.1 | -12.0  | -3.7 |  -0.5   |  -8.9   |
| 多元金融 | 002423 | 中粮资本 | 164.1 | -12.0  | 0.3  |  -0.4   |   6.4   |
| 多元金融 | 002647 | 仁东控股 | 37.0  | -44.8  | 1.2  |  -1.1   |   1.7   |
| 多元金融 | 000416 | 民生控股 | 18.9  | -102.1 | 0.8  |  -3.0   |  -4.6   |
+----------+--------+----------+-------+--------+------+---------+---------+
