[行业>市值]
+------------+--------+----------+-------+--------+------+---------+---------+
|    行业    |  代码  |   名称   | 市值  |   pe   | 涨幅 | 3日涨幅 | 6日涨幅 |
+------------+--------+----------+-------+--------+------+---------+---------+
| 电子化学品 | 300054 | 鼎龙股份 | 185.4 |  64.9  | -0.1 |   3.4   |   6.4   |
| 电子化学品 | 002643 | 万润股份 | 183.6 |  19.7  | 0.9  |   2.7   |   6.3   |
| 电子化学品 | 300346 | 南大光电 | 170.4 |  52.8  | 2.9  |   4.9   |   5.6   |
| 电子化学品 | 688019 | 安集科技 | 167.4 | 105.7  | 1.3  |   8.1   |  11.1   |
| 电子化学品 | 300398 | 飞凯材料 | 114.8 |  20.7  | 0.1  |   1.0   |   3.5   |
| 电子化学品 | 300655 | 晶瑞电材 | 101.3 |  79.2  | 4.6  |  10.9   |  10.3   |
| 电子化学品 | 688106 | 金宏气体 | 101.0 |  65.0  | 6.4  |  12.5   |  18.4   |
| 电子化学品 | 300236 | 上海新阳 | 97.8  | -179.8 | 1.6  |   4.1   |   7.4   |
| 电子化学品 | 688268 | 华特气体 | 89.8  |  57.3  | 11.4 |  20.3   |  24.6   |
| 电子化学品 | 688550 | 瑞联新材 | 75.5  |  23.6  | 0.3  |   3.2   |   4.0   |
| 电子化学品 | 002741 | 光华科技 | 68.6  |  48.5  | 2.8  |   5.8   |   6.7   |
| 电子化学品 | 300481 | 濮阳惠成 | 66.7  |  19.9  | 0.2  |   4.6   |   8.6   |
| 电子化学品 | 603078 |  江化微  | 62.0  |  47.0  | 1.7  |   5.5   |   8.2   |
| 电子化学品 | 300576 | 容大感光 | 53.9  | 130.3  | 2.2  |   5.8   |   6.0   |
| 电子化学品 | 300429 | 强力新材 | 47.7  |  47.7  | 2.2  |   5.2   |   5.3   |
| 电子化学品 | 002584 | 西陇科学 | 44.4  |  13.3  | 1.6  |   0.9   |   0.3   |
| 电子化学品 | 688359 | 三孚新科 | 37.1  | -156.0 | 1.2  |  15.1   |  16.6   |
| 电子化学品 | 603931 | DR格林达 | 30.0  |  19.0  | 3.3  |  13.3   |  17.4   |
| 电子化学品 | 300446 | 乐凯新材 | 27.7  | 437.4  | 10.0 |   7.6   |  14.0   |
| 电子化学品 | 300537 | 广信材料 | 22.2  | -48.2  | 3.0  |   3.8   |   4.9   |
| 电子化学品 | 300637 | 扬帆新材 | 17.4  |  37.4  | 1.4  |   4.8   |   5.4   |
+------------+--------+----------+-------+--------+------+---------+---------+
 




 [行业>PE]
+------------+--------+----------+-------+--------+------+---------+---------+
|    行业    |  代码  |   名称   | 市值  |   pe   | 涨幅 | 3日涨幅 | 6日涨幅 |
+------------+--------+----------+-------+--------+------+---------+---------+
| 电子化学品 | 300446 | 乐凯新材 | 27.7  | 437.4  | 10.0 |   7.6   |  14.0   |
| 电子化学品 | 300576 | 容大感光 | 53.9  | 130.3  | 2.2  |   5.8   |   6.0   |
| 电子化学品 | 688019 | 安集科技 | 167.4 | 105.7  | 1.3  |   8.1   |  11.1   |
| 电子化学品 | 300655 | 晶瑞电材 | 101.3 |  79.2  | 4.6  |  10.9   |  10.3   |
| 电子化学品 | 688106 | 金宏气体 | 101.0 |  65.0  | 6.4  |  12.5   |  18.4   |
| 电子化学品 | 300054 | 鼎龙股份 | 185.4 |  64.9  | -0.1 |   3.4   |   6.4   |
| 电子化学品 | 688268 | 华特气体 | 89.8  |  57.3  | 11.4 |  20.3   |  24.6   |
| 电子化学品 | 300346 | 南大光电 | 170.4 |  52.8  | 2.9  |   4.9   |   5.6   |
| 电子化学品 | 002741 | 光华科技 | 68.6  |  48.5  | 2.8  |   5.8   |   6.7   |
| 电子化学品 | 300429 | 强力新材 | 47.7  |  47.7  | 2.2  |   5.2   |   5.3   |
| 电子化学品 | 603078 |  江化微  | 62.0  |  47.0  | 1.7  |   5.5   |   8.2   |
| 电子化学品 | 300637 | 扬帆新材 | 17.4  |  37.4  | 1.4  |   4.8   |   5.4   |
| 电子化学品 | 688550 | 瑞联新材 | 75.5  |  23.6  | 0.3  |   3.2   |   4.0   |
| 电子化学品 | 300398 | 飞凯材料 | 114.8 |  20.7  | 0.1  |   1.0   |   3.5   |
| 电子化学品 | 300481 | 濮阳惠成 | 66.7  |  19.9  | 0.2  |   4.6   |   8.6   |
| 电子化学品 | 002643 | 万润股份 | 183.6 |  19.7  | 0.9  |   2.7   |   6.3   |
| 电子化学品 | 603931 | DR格林达 | 30.0  |  19.0  | 3.3  |  13.3   |  17.4   |
| 电子化学品 | 002584 | 西陇科学 | 44.4  |  13.3  | 1.6  |   0.9   |   0.3   |
| 电子化学品 | 300537 | 广信材料 | 22.2  | -48.2  | 3.0  |   3.8   |   4.9   |
| 电子化学品 | 688359 | 三孚新科 | 37.1  | -156.0 | 1.2  |  15.1   |  16.6   |
| 电子化学品 | 300236 | 上海新阳 | 97.8  | -179.8 | 1.6  |   4.1   |   7.4   |
+------------+--------+----------+-------+--------+------+---------+---------+
