[行业>市值]
+----------+--------+----------+--------+-------+------+---------+---------+
|   行业   |  代码  |   名称   |  市值  |  pe   | 涨幅 | 3日涨幅 | 6日涨幅 |
+----------+--------+----------+--------+-------+------+---------+---------+
| 石油行业 | 600938 | 中国海油 | 8846.0 |  6.5  | 3.2  |  -4.6   |  10.4   |
| 石油行业 | 600028 | 中国石化 | 5376.0 |  6.0  | 0.5  |  -0.5   |   1.4   |
| 石油行业 | 600256 | 广汇能源 | 668.4  |  7.5  | 4.0  |  -3.5   |  -4.0   |
| 石油行业 | 600688 | 上海石化 | 360.4  | 42.2  | 0.6  |  -0.9   |   1.2   |
| 石油行业 | 600777 | 新潮能源 | 151.7  |  7.2  | 2.3  |  -5.1   |  -1.3   |
| 石油行业 | 002221 | 东华能源 | 138.5  | 32.5  | 2.9  |   0.4   |   0.7   |
| 石油行业 | 000059 | 华锦股份 | 104.1  |  9.2  | 0.8  |  -0.3   |   2.8   |
| 石油行业 | 000096 | 广聚能源 |  49.4  | 131.7 | 0.4  |  -2.9   |  -0.2   |
| 石油行业 | 600759 |  ST洲际  |  48.4  | 15.6  | 1.4  |  -2.3   |  -1.8   |
| 石油行业 | 000698 | 沈阳化工 |  38.1  | -8.3  | 1.5  |   0.4   |   4.5   |
| 石油行业 | 000819 | 岳阳兴长 |  36.9  | 78.1  | -0.2 |  -0.7   |  15.6   |
| 石油行业 | 603353 | 和顺石油 |  32.8  | 39.8  | 1.0  |   1.1   |   3.2   |
| 石油行业 | 600387 |  ST海越  |  29.4  | 42.9  | 0.0  |   0.3   |   6.1   |
| 石油行业 | 000554 | 泰山石油 |  27.8  | 244.6 | 2.5  |  -1.9   |   8.8   |
| 石油行业 | 000159 | 国际实业 |  27.5  | 32.7  | 1.1  |  -0.5   |  -0.3   |
| 石油行业 | 000637 | 茂化实华 |  25.5  | -84.7 | 10.1 |   7.4   |  12.9   |
| 石油行业 | 300839 | 博汇股份 |  24.3  | 29.9  | 1.2  |   0.0   |   4.3   |
| 石油行业 | 603798 |  康普顿  |  20.1  | 16.4  | -0.4 |   1.5   |   4.4   |
| 石油行业 | 002778 | 中晟高科 |  16.8  | 378.6 | 1.7  |   0.5   |   4.5   |
| 石油行业 | 300023 | *ST宝德  |  9.6   | 43.0  | 0.0  |   0.0   |   0.0   |
| 石油行业 | 601857 | 中国石油 |  0.0   |  6.4  | 0.6  |  -2.8   |   2.6   |
+----------+--------+----------+--------+-------+------+---------+---------+
 




 [行业>PE]
+----------+--------+----------+--------+-------+------+---------+---------+
|   行业   |  代码  |   名称   |  市值  |  pe   | 涨幅 | 3日涨幅 | 6日涨幅 |
+----------+--------+----------+--------+-------+------+---------+---------+
| 石油行业 | 002778 | 中晟高科 |  16.8  | 378.6 | 1.7  |   0.5   |   4.5   |
| 石油行业 | 000554 | 泰山石油 |  27.8  | 244.6 | 2.5  |  -1.9   |   8.8   |
| 石油行业 | 000096 | 广聚能源 |  49.4  | 131.7 | 0.4  |  -2.9   |  -0.2   |
| 石油行业 | 000819 | 岳阳兴长 |  36.9  | 78.1  | -0.2 |  -0.7   |  15.6   |
| 石油行业 | 300023 | *ST宝德  |  9.6   | 43.0  | 0.0  |   0.0   |   0.0   |
| 石油行业 | 600387 |  ST海越  |  29.4  | 42.9  | 0.0  |   0.3   |   6.1   |
| 石油行业 | 600688 | 上海石化 | 360.4  | 42.2  | 0.6  |  -0.9   |   1.2   |
| 石油行业 | 603353 | 和顺石油 |  32.8  | 39.8  | 1.0  |   1.1   |   3.2   |
| 石油行业 | 000159 | 国际实业 |  27.5  | 32.7  | 1.1  |  -0.5   |  -0.3   |
| 石油行业 | 002221 | 东华能源 | 138.5  | 32.5  | 2.9  |   0.4   |   0.7   |
| 石油行业 | 300839 | 博汇股份 |  24.3  | 29.9  | 1.2  |   0.0   |   4.3   |
| 石油行业 | 603798 |  康普顿  |  20.1  | 16.4  | -0.4 |   1.5   |   4.4   |
| 石油行业 | 600759 |  ST洲际  |  48.4  | 15.6  | 1.4  |  -2.3   |  -1.8   |
| 石油行业 | 000059 | 华锦股份 | 104.1  |  9.2  | 0.8  |  -0.3   |   2.8   |
| 石油行业 | 600256 | 广汇能源 | 668.4  |  7.5  | 4.0  |  -3.5   |  -4.0   |
| 石油行业 | 600777 | 新潮能源 | 151.7  |  7.2  | 2.3  |  -5.1   |  -1.3   |
| 石油行业 | 600938 | 中国海油 | 8846.0 |  6.5  | 3.2  |  -4.6   |  10.4   |
| 石油行业 | 601857 | 中国石油 |  0.0   |  6.4  | 0.6  |  -2.8   |   2.6   |
| 石油行业 | 600028 | 中国石化 | 5376.0 |  6.0  | 0.5  |  -0.5   |   1.4   |
| 石油行业 | 000698 | 沈阳化工 |  38.1  | -8.3  | 1.5  |   0.4   |   4.5   |
| 石油行业 | 000637 | 茂化实华 |  25.5  | -84.7 | 10.1 |   7.4   |  12.9   |
+----------+--------+----------+--------+-------+------+---------+---------+
