[行业>市值]
+----------+--------+----------+-------+-------+------+---------+---------+
|   行业   |  代码  |   名称   | 市值  |  pe   | 涨幅 | 3日涨幅 | 6日涨幅 |
+----------+--------+----------+-------+-------+------+---------+---------+
| 专业服务 | 300012 | 华测检测 | 370.7 | 77.3  | -0.1 |  -0.4   |  -1.5   |
| 专业服务 | 003035 | 南网能源 | 239.8 | 67.0  | 0.5  |  -0.9   |   1.6   |
| 专业服务 | 301080 | 百普赛斯 | 135.5 | 63.3  | 2.5  |   6.3   |  14.4   |
| 专业服务 | 688133 | 泰坦科技 | 122.4 | 157.4 | 7.0  |  10.2   |   8.5   |
| 专业服务 | 300887 | 谱尼测试 | 108.9 | 494.2 | 0.8  |   4.3   |   3.4   |
| 专业服务 | 002967 | 广电计量 | 100.8 | -31.7 | -0.5 |  -1.1   |   2.2   |
| 专业服务 | 603060 | 国检集团 | 86.7  | -77.3 | 0.8  |  -0.4   |   1.6   |
| 专业服务 | 300416 | 苏试试验 | 85.8  | 74.4  | -0.4 |  -0.4   |   0.7   |
| 专业服务 | 688179 |  阿拉丁  | 77.0  | 62.1  | 0.3  |   1.3   |   8.5   |
| 专业服务 | 603698 | 航天工程 | 68.8  | 93.9  | 0.0  |  -1.7   |   0.3   |
| 专业服务 | 300384 | 三联虹普 | 58.6  | 24.7  | -0.5 |   0.8   |  16.6   |
| 专业服务 | 301166 |  优宁维  | 51.6  | 59.3  | 0.8  |   1.2   |  -0.4   |
| 专业服务 | 300215 |  电科院  | 49.8  | 85.3  | 2.3  |   3.1   |   4.5   |
| 专业服务 | 002878 | 元隆雅图 | 40.2  | 10.9  | -3.7 |   5.7   |   3.4   |
| 专业服务 | 002564 | 天沃科技 | 39.9  | 533.3 | 0.9  |  -3.2   |  -2.1   |
| 专业服务 | 300962 | 中金辐照 | 38.8  | 34.0  | -0.9 |   0.8   |   2.2   |
| 专业服务 | 300797 | 钢研纳克 | 33.7  | 56.5  | -0.6 |   1.3   |   3.7   |
| 专业服务 | 300572 | 安车检测 | 32.4  | 53.5  | 0.6  |   1.4   |   2.7   |
| 专业服务 | 603776 |  永安行  | 30.7  | 62.1  | 0.2  |  -0.3   |   3.3   |
| 专业服务 | 301257 |  普蕊斯  | 30.0  | 76.9  | -0.8 |   3.0   |   1.0   |
| 专业服务 | 301169 | 零点有数 | 29.4  | -61.1 | -1.3 |   6.7   |  12.7   |
| 专业服务 | 300938 | 信测标准 | 28.1  | 31.4  | 0.1  |   0.4   |  -1.1   |
| 专业服务 | 603183 |  建研院  | 25.4  | -62.4 | 3.9  |   3.5   |   3.9   |
| 专业服务 | 301228 | 实朴检测 | 24.6  | -42.5 | -1.1 |   0.2   |  -1.5   |
| 专业服务 | 301289 | 国缆检测 | 20.1  | 30.0  | 0.0  |   0.0   |   0.0   |
| 专业服务 | 003008 | 开普检测 | 18.8  | 34.9  | 0.2  |   0.9   |   0.7   |
+----------+--------+----------+-------+-------+------+---------+---------+
 




 [行业>单日涨幅]
+----------+--------+----------+-------+-------+------+---------+---------+
|   行业   |  代码  |   名称   | 市值  |  pe   | 涨幅 | 3日涨幅 | 6日涨幅 |
+----------+--------+----------+-------+-------+------+---------+---------+
| 专业服务 | 688133 | 泰坦科技 | 122.4 | 157.4 | 7.0  |  10.2   |   8.5   |
| 专业服务 | 603183 |  建研院  | 25.4  | -62.4 | 3.9  |   3.5   |   3.9   |
| 专业服务 | 301080 | 百普赛斯 | 135.5 | 63.3  | 2.5  |   6.3   |  14.4   |
| 专业服务 | 300215 |  电科院  | 49.8  | 85.3  | 2.3  |   3.1   |   4.5   |
| 专业服务 | 002564 | 天沃科技 | 39.9  | 533.3 | 0.9  |  -3.2   |  -2.1   |
| 专业服务 | 300887 | 谱尼测试 | 108.9 | 494.2 | 0.8  |   4.3   |   3.4   |
| 专业服务 | 301166 |  优宁维  | 51.6  | 59.3  | 0.8  |   1.2   |  -0.4   |
| 专业服务 | 603060 | 国检集团 | 86.7  | -77.3 | 0.8  |  -0.4   |   1.6   |
| 专业服务 | 300572 | 安车检测 | 32.4  | 53.5  | 0.6  |   1.4   |   2.7   |
| 专业服务 | 003035 | 南网能源 | 239.8 | 67.0  | 0.5  |  -0.9   |   1.6   |
| 专业服务 | 688179 |  阿拉丁  | 77.0  | 62.1  | 0.3  |   1.3   |   8.5   |
| 专业服务 | 603776 |  永安行  | 30.7  | 62.1  | 0.2  |  -0.3   |   3.3   |
| 专业服务 | 003008 | 开普检测 | 18.8  | 34.9  | 0.2  |   0.9   |   0.7   |
| 专业服务 | 300938 | 信测标准 | 28.1  | 31.4  | 0.1  |   0.4   |  -1.1   |
| 专业服务 | 603698 | 航天工程 | 68.8  | 93.9  | 0.0  |  -1.7   |   0.3   |
| 专业服务 | 301289 | 国缆检测 | 20.1  | 30.0  | 0.0  |   0.0   |   0.0   |
| 专业服务 | 300012 | 华测检测 | 370.7 | 77.3  | -0.1 |  -0.4   |  -1.5   |
| 专业服务 | 300416 | 苏试试验 | 85.8  | 74.4  | -0.4 |  -0.4   |   0.7   |
| 专业服务 | 300384 | 三联虹普 | 58.6  | 24.7  | -0.5 |   0.8   |  16.6   |
| 专业服务 | 002967 | 广电计量 | 100.8 | -31.7 | -0.5 |  -1.1   |   2.2   |
| 专业服务 | 300797 | 钢研纳克 | 33.7  | 56.5  | -0.6 |   1.3   |   3.7   |
| 专业服务 | 301257 |  普蕊斯  | 30.0  | 76.9  | -0.8 |   3.0   |   1.0   |
| 专业服务 | 300962 | 中金辐照 | 38.8  | 34.0  | -0.9 |   0.8   |   2.2   |
| 专业服务 | 301228 | 实朴检测 | 24.6  | -42.5 | -1.1 |   0.2   |  -1.5   |
| 专业服务 | 301169 | 零点有数 | 29.4  | -61.1 | -1.3 |   6.7   |  12.7   |
| 专业服务 | 002878 | 元隆雅图 | 40.2  | 10.9  | -3.7 |   5.7   |   3.4   |
+----------+--------+----------+-------+-------+------+---------+---------+
