[行业>市值]
+------+--------+----------+--------+------+------+---------+---------+
| 行业 |  代码  |   名称   |  市值  |  pe  | 涨幅 | 3日涨幅 | 6日涨幅 |
+------+--------+----------+--------+------+------+---------+---------+
| 保险 | 601318 | 中国平安 | 8597.0 | 10.4 | 1.1  |   4.0   |   5.4   |
| 保险 | 601628 | 中国人寿 | 8027.0 | 13.2 | 1.6  |   8.3   |  11.7   |
| 保险 | 601319 | 中国人保 | 2238.0 | 6.4  | 0.8  |  -0.4   |   6.1   |
| 保险 | 601601 | 中国太保 | 2202.0 | 10.1 | 1.5  |   5.0   |   6.2   |
| 保险 | 601336 | 新华保险 | 968.6  | 18.0 | 1.0  |   4.1   |   7.8   |
| 保险 | 000627 | 天茂集团 | 168.5  | 28.6 | -6.1 |  13.7   |  16.0   |
+------+--------+----------+--------+------+------+---------+---------+
 




 [行业>单日涨幅]
+------+--------+----------+--------+------+------+---------+---------+
| 行业 |  代码  |   名称   |  市值  |  pe  | 涨幅 | 3日涨幅 | 6日涨幅 |
+------+--------+----------+--------+------+------+---------+---------+
| 保险 | 601628 | 中国人寿 | 8027.0 | 13.2 | 1.6  |   8.3   |  11.7   |
| 保险 | 601601 | 中国太保 | 2202.0 | 10.1 | 1.5  |   5.0   |   6.2   |
| 保险 | 601318 | 中国平安 | 8597.0 | 10.4 | 1.1  |   4.0   |   5.4   |
| 保险 | 601336 | 新华保险 | 968.6  | 18.0 | 1.0  |   4.1   |   7.8   |
| 保险 | 601319 | 中国人保 | 2238.0 | 6.4  | 0.8  |  -0.4   |   6.1   |
| 保险 | 000627 | 天茂集团 | 168.5  | 28.6 | -6.1 |  13.7   |  16.0   |
+------+--------+----------+--------+------+------+---------+---------+
