[行业>市值]
+----------+--------+----------+--------+-------+------+---------+---------+
|   行业   |  代码  |   名称   |  市值  |  pe   | 涨幅 | 3日涨幅 | 6日涨幅 |
+----------+--------+----------+--------+-------+------+---------+---------+
| 化纤行业 | 002493 | 荣盛石化 | 1641.0 | 13.2  | -0.3 |  -3.6   |   1.2   |
| 化纤行业 | 600346 | 恒力石化 | 1617.0 |  9.6  | 0.5  |  -3.5   |  -1.2   |
| 化纤行业 | 000301 | 东方盛虹 | 1061.0 | 38.5  | -0.8 |  -7.9   |  12.7   |
| 化纤行业 | 000703 | 恒逸石化 | 429.3  | 14.7  | 4.2  |  -3.4   |   9.8   |
| 化纤行业 | 601233 | 桐昆股份 | 405.8  |  6.8  | -0.5 |  -4.4   |   0.3   |
| 化纤行业 | 002064 | 华峰化学 | 397.0  |  7.3  | 0.6  |  -2.0   |  -0.9   |
| 化纤行业 | 688295 | 中复神鹰 | 347.4  | 73.7  | 1.4  |   1.2   |   8.6   |
| 化纤行业 | 300777 | 中简科技 | 198.9  | 54.9  | 0.9  |   1.2   |   3.0   |
| 化纤行业 | 603225 |  新凤鸣  | 171.8  | 15.1  | -0.2 |  -2.9   |  -0.7   |
| 化纤行业 | 600063 | 皖维高新 | 138.1  |  8.3  | 0.6  |  -6.5   |  -1.6   |
| 化纤行业 | 000420 | 吉林化纤 | 110.2  | -56.2 | 3.5  |   2.4   |  16.5   |
| 化纤行业 | 002254 | 泰和新材 | 104.4  | 17.9  | -0.1 |  -0.5   |   2.4   |
| 化纤行业 | 600810 | 神马股份 |  97.6  |  6.6  | 0.1  |  -2.1   |   1.2   |
| 化纤行业 | 002206 | 海 利 得 |  81.6  | 16.6  | 1.8  |  -0.3   |  10.1   |
| 化纤行业 | 000949 | 新乡化纤 |  54.7  | 33.4  | -0.3 |  -2.1   |   2.5   |
| 化纤行业 | 601113 |  ST华鼎  |  50.1  | -16.4 | 0.2  |   1.6   |   0.5   |
| 化纤行业 | 000936 | 华西股份 |  49.6  | 64.2  | 2.2  |   3.1   |   4.7   |
| 化纤行业 | 688722 |  同益中  |  38.8  | 31.7  | 4.8  |  16.3   |  20.0   |
| 化纤行业 | 600527 | 江南高纤 |  36.5  | 57.1  | -0.9 |  -0.5   |   0.5   |
| 化纤行业 | 002427 | *ST尤夫  |  35.4  | -5.0  | -1.6 |  -3.7   |  -5.4   |
| 化纤行业 | 603332 | 苏州龙杰 |  33.9  | -63.0 | -1.4 |  -1.0   |   0.2   |
| 化纤行业 | 301057 | 汇隆新材 |  27.3  | 55.1  | 0.1  |   4.9   |   5.6   |
| 化纤行业 | 002172 | 澳洋健康 |  26.5  | 20.4  | -0.3 |   1.2   |   0.9   |
| 化纤行业 | 000677 | 恒天海龙 |  25.5  | 41.0  | -0.3 |  -0.7   |   0.3   |
| 化纤行业 | 000782 | 美达股份 |  24.4  | 30.6  | 0.0  |  -0.7   |  -0.7   |
| 化纤行业 | 002998 | 优彩资源 |  23.3  | 19.5  | -0.8 |  -2.5   |  -2.1   |
| 化纤行业 | 300876 | 蒙泰高新 |  21.1  | 34.8  | -1.2 |  -3.8   |  -2.6   |
| 化纤行业 | 600889 | 南京化纤 |  17.2  | -13.6 | -0.8 |  -1.9   |   0.6   |
+----------+--------+----------+--------+-------+------+---------+---------+
 




 [行业>单日涨幅]
+----------+--------+----------+--------+-------+------+---------+---------+
|   行业   |  代码  |   名称   |  市值  |  pe   | 涨幅 | 3日涨幅 | 6日涨幅 |
+----------+--------+----------+--------+-------+------+---------+---------+
| 化纤行业 | 688722 |  同益中  |  38.8  | 31.7  | 4.8  |  16.3   |  20.0   |
| 化纤行业 | 000703 | 恒逸石化 | 429.3  | 14.7  | 4.2  |  -3.4   |   9.8   |
| 化纤行业 | 000420 | 吉林化纤 | 110.2  | -56.2 | 3.5  |   2.4   |  16.5   |
| 化纤行业 | 000936 | 华西股份 |  49.6  | 64.2  | 2.2  |   3.1   |   4.7   |
| 化纤行业 | 002206 | 海 利 得 |  81.6  | 16.6  | 1.8  |  -0.3   |  10.1   |
| 化纤行业 | 688295 | 中复神鹰 | 347.4  | 73.7  | 1.4  |   1.2   |   8.6   |
| 化纤行业 | 300777 | 中简科技 | 198.9  | 54.9  | 0.9  |   1.2   |   3.0   |
| 化纤行业 | 002064 | 华峰化学 | 397.0  |  7.3  | 0.6  |  -2.0   |  -0.9   |
| 化纤行业 | 600063 | 皖维高新 | 138.1  |  8.3  | 0.6  |  -6.5   |  -1.6   |
| 化纤行业 | 600346 | 恒力石化 | 1617.0 |  9.6  | 0.5  |  -3.5   |  -1.2   |
| 化纤行业 | 601113 |  ST华鼎  |  50.1  | -16.4 | 0.2  |   1.6   |   0.5   |
| 化纤行业 | 600810 | 神马股份 |  97.6  |  6.6  | 0.1  |  -2.1   |   1.2   |
| 化纤行业 | 301057 | 汇隆新材 |  27.3  | 55.1  | 0.1  |   4.9   |   5.6   |
| 化纤行业 | 000782 | 美达股份 |  24.4  | 30.6  | 0.0  |  -0.7   |  -0.7   |
| 化纤行业 | 002254 | 泰和新材 | 104.4  | 17.9  | -0.1 |  -0.5   |   2.4   |
| 化纤行业 | 603225 |  新凤鸣  | 171.8  | 15.1  | -0.2 |  -2.9   |  -0.7   |
| 化纤行业 | 000949 | 新乡化纤 |  54.7  | 33.4  | -0.3 |  -2.1   |   2.5   |
| 化纤行业 | 002172 | 澳洋健康 |  26.5  | 20.4  | -0.3 |   1.2   |   0.9   |
| 化纤行业 | 002493 | 荣盛石化 | 1641.0 | 13.2  | -0.3 |  -3.6   |   1.2   |
| 化纤行业 | 000677 | 恒天海龙 |  25.5  | 41.0  | -0.3 |  -0.7   |   0.3   |
| 化纤行业 | 601233 | 桐昆股份 | 405.8  |  6.8  | -0.5 |  -4.4   |   0.3   |
| 化纤行业 | 000301 | 东方盛虹 | 1061.0 | 38.5  | -0.8 |  -7.9   |  12.7   |
| 化纤行业 | 002998 | 优彩资源 |  23.3  | 19.5  | -0.8 |  -2.5   |  -2.1   |
| 化纤行业 | 600889 | 南京化纤 |  17.2  | -13.6 | -0.8 |  -1.9   |   0.6   |
| 化纤行业 | 600527 | 江南高纤 |  36.5  | 57.1  | -0.9 |  -0.5   |   0.5   |
| 化纤行业 | 300876 | 蒙泰高新 |  21.1  | 34.8  | -1.2 |  -3.8   |  -2.6   |
| 化纤行业 | 603332 | 苏州龙杰 |  33.9  | -63.0 | -1.4 |  -1.0   |   0.2   |
| 化纤行业 | 002427 | *ST尤夫  |  35.4  | -5.0  | -1.6 |  -3.7   |  -5.4   |
+----------+--------+----------+--------+-------+------+---------+---------+
