[行业>市值]
+----------+--------+----------+--------+-------+------+---------+---------+
|   行业   |  代码  |   名称   |  市值  |  pe   | 涨幅 | 3日涨幅 | 6日涨幅 |
+----------+--------+----------+--------+-------+------+---------+---------+
| 化肥行业 | 000792 | 盐湖股份 | 1647.0 | 11.8  | 2.1  |  -1.9   |  -5.4   |
| 化肥行业 | 600096 |  云天化  | 580.5  |  8.8  | 3.5  |  -8.7   |   5.4   |
| 化肥行业 | 000408 | 藏格矿业 | 543.0  | 16.7  | 4.1  |   2.5   |   4.6   |
| 化肥行业 | 600141 | 兴发集团 | 486.5  |  7.1  | 1.8  |  -5.9   |   5.4   |
| 化肥行业 | 000893 | 亚钾国际 | 284.6  | 25.4  | 2.9  |  -2.1   |   7.9   |
| 化肥行业 | 002312 | 川发龙蟒 | 242.9  | 22.2  | 4.2  |  -3.0   |   5.0   |
| 化肥行业 | 000902 |  新洋丰  | 232.6  | 14.3  | 0.4  |  -4.4   |   4.2   |
| 化肥行业 | 002895 | 川恒股份 | 178.7  | 42.9  | 2.6  |  -3.1   |  -6.6   |
| 化肥行业 | 002539 | 云图控股 | 167.8  |  9.0  | 1.0  |  -7.2   |  -9.3   |
| 化肥行业 | 603938 | 三孚股份 | 154.1  | 25.6  | 1.8  |  -8.9   |  14.6   |
| 化肥行业 | 002556 | 辉隆股份 | 114.6  | 13.7  | 0.6  |  -1.6   |  -0.4   |
| 化肥行业 | 600691 | 阳煤化工 |  99.5  | 26.9  | -0.2 |  -5.4   |   2.2   |
| 化肥行业 | 002274 | 华昌化工 |  98.1  | 10.1  | 0.1  |  -4.4   |  -1.8   |
| 化肥行业 | 002538 |  司尔特  |  93.5  | 15.1  | 3.3  |  -2.1   |  14.4   |
| 化肥行业 | 000912 |  泸天化  |  87.3  | 15.6  | -0.2 |  -4.6   |  -2.5   |
| 化肥行业 | 002588 |  史丹利  |  77.9  | 13.0  | -0.1 |  -5.2   |  -2.3   |
| 化肥行业 | 002470 |  ST金正  |  74.3  | -71.2 | -1.3 |  -3.0   |  -6.2   |
| 化肥行业 | 600078 | *ST澄星  |  72.8  | 26.9  | 1.1  |  -3.9   |  -6.8   |
| 化肥行业 | 300505 |  川金诺  |  61.9  | 25.9  | 1.3  |  -4.3   |  -0.7   |
| 化肥行业 | 000731 | 四川美丰 |  56.8  |  8.0  | 0.4  |  -4.2   |  -0.9   |
| 化肥行业 | 002170 | 芭田股份 |  54.1  | 62.3  | 1.7  |  -1.1   |   3.9   |
| 化肥行业 | 600470 | 六国化工 |  42.3  | 15.9  | -0.4 |  -4.5   |  -6.6   |
| 化肥行业 | 002999 | 天禾股份 |  25.6  | 45.8  | -0.8 |  -6.5   |  -15.6  |
| 化肥行业 | 300387 | 富邦股份 |  20.1  | 37.3  | -1.1 |  -3.3   |  -2.4   |
| 化肥行业 | 000611 |  天首退  |  4.0   | -12.5 | 9.7  |  19.2   |  19.2   |
+----------+--------+----------+--------+-------+------+---------+---------+
 




 [行业>单日涨幅]
+----------+--------+----------+--------+-------+------+---------+---------+
|   行业   |  代码  |   名称   |  市值  |  pe   | 涨幅 | 3日涨幅 | 6日涨幅 |
+----------+--------+----------+--------+-------+------+---------+---------+
| 化肥行业 | 000611 |  天首退  |  4.0   | -12.5 | 9.7  |  19.2   |  19.2   |
| 化肥行业 | 002312 | 川发龙蟒 | 242.9  | 22.2  | 4.2  |  -3.0   |   5.0   |
| 化肥行业 | 000408 | 藏格矿业 | 543.0  | 16.7  | 4.1  |   2.5   |   4.6   |
| 化肥行业 | 600096 |  云天化  | 580.5  |  8.8  | 3.5  |  -8.7   |   5.4   |
| 化肥行业 | 002538 |  司尔特  |  93.5  | 15.1  | 3.3  |  -2.1   |  14.4   |
| 化肥行业 | 000893 | 亚钾国际 | 284.6  | 25.4  | 2.9  |  -2.1   |   7.9   |
| 化肥行业 | 002895 | 川恒股份 | 178.7  | 42.9  | 2.6  |  -3.1   |  -6.6   |
| 化肥行业 | 000792 | 盐湖股份 | 1647.0 | 11.8  | 2.1  |  -1.9   |  -5.4   |
| 化肥行业 | 600141 | 兴发集团 | 486.5  |  7.1  | 1.8  |  -5.9   |   5.4   |
| 化肥行业 | 603938 | 三孚股份 | 154.1  | 25.6  | 1.8  |  -8.9   |  14.6   |
| 化肥行业 | 002170 | 芭田股份 |  54.1  | 62.3  | 1.7  |  -1.1   |   3.9   |
| 化肥行业 | 300505 |  川金诺  |  61.9  | 25.9  | 1.3  |  -4.3   |  -0.7   |
| 化肥行业 | 600078 | *ST澄星  |  72.8  | 26.9  | 1.1  |  -3.9   |  -6.8   |
| 化肥行业 | 002539 | 云图控股 | 167.8  |  9.0  | 1.0  |  -7.2   |  -9.3   |
| 化肥行业 | 002556 | 辉隆股份 | 114.6  | 13.7  | 0.6  |  -1.6   |  -0.4   |
| 化肥行业 | 000731 | 四川美丰 |  56.8  |  8.0  | 0.4  |  -4.2   |  -0.9   |
| 化肥行业 | 000902 |  新洋丰  | 232.6  | 14.3  | 0.4  |  -4.4   |   4.2   |
| 化肥行业 | 002274 | 华昌化工 |  98.1  | 10.1  | 0.1  |  -4.4   |  -1.8   |
| 化肥行业 | 002588 |  史丹利  |  77.9  | 13.0  | -0.1 |  -5.2   |  -2.3   |
| 化肥行业 | 000912 |  泸天化  |  87.3  | 15.6  | -0.2 |  -4.6   |  -2.5   |
| 化肥行业 | 600691 | 阳煤化工 |  99.5  | 26.9  | -0.2 |  -5.4   |   2.2   |
| 化肥行业 | 600470 | 六国化工 |  42.3  | 15.9  | -0.4 |  -4.5   |  -6.6   |
| 化肥行业 | 002999 | 天禾股份 |  25.6  | 45.8  | -0.8 |  -6.5   |  -15.6  |
| 化肥行业 | 300387 | 富邦股份 |  20.1  | 37.3  | -1.1 |  -3.3   |  -2.4   |
| 化肥行业 | 002470 |  ST金正  |  74.3  | -71.2 | -1.3 |  -3.0   |  -6.2   |
+----------+--------+----------+--------+-------+------+---------+---------+
