[行业>市值]
+----------+--------+----------+-------+--------+------+---------+---------+
|   行业   |  代码  |   名称   | 市值  |   pe   | 涨幅 | 3日涨幅 | 6日涨幅 |
+----------+--------+----------+-------+--------+------+---------+---------+
| 多元金融 | 000617 | 中油资本 | 632.1 |  9.2   | 1.2  |   0.6   |   3.3   |
| 多元金融 | 000987 | 越秀金控 | 373.5 |  16.0  | 5.7  |  17.7   |  25.8   |
| 多元金融 | 600705 | 中航产融 | 317.6 | 693.1  | 0.3  |  -0.3   |   3.5   |
| 多元金融 | 600927 | 永安期货 | 296.9 | 227.8  | -0.8 |  -5.6   |   4.5   |
| 多元金融 | 600816 |  ST安信  | 234.1 | -12.3  | 0.0  |   0.7   |   1.4   |
| 多元金融 | 600390 | 五矿资本 | 229.0 |  8.1   | -0.2 |   1.6   |   5.4   |
| 多元金融 | 002423 | 中粮资本 | 161.3 | -11.8  | -0.7 |  -1.0   |  -0.1   |
| 多元金融 | 600901 | 江苏租赁 | 151.7 |  6.2   | -1.4 |  -1.9   |   2.4   |
| 多元金融 | 000567 | 海德股份 | 144.5 |  28.4  | -0.5 |  -2.0   |   3.0   |
| 多元金融 | 000415 | 渤海租赁 | 136.1 |  -4.6  | -0.9 |   0.5   |   2.8   |
| 多元金融 | 000563 | 陕国投Ａ  | 124.5 |  17.7  | -1.3 |  -0.6   |   0.3   |
| 多元金融 | 600120 | 浙江东方 | 115.6 |  72.3  | -0.2 |  -0.8   |   3.4   |
| 多元金融 | 600643 | XD爱建集 | 96.8  |  8.1   | -1.2 |  -1.0   |   1.7   |
| 多元金融 | 002961 | 瑞达期货 | 79.0  |  20.7  | 0.8  |   0.0   |   6.1   |
| 多元金融 | 000046 | 泛海控股 | 77.4  |  -2.4  | -1.3 |   0.0   |   2.0   |
| 多元金融 | 600053 | 九鼎投资 | 75.2  |  42.4  | -3.1 |  -0.3   |  -0.1   |
| 多元金融 | 603093 | 南华期货 | 65.8  |  58.5  | 0.2  |  -2.4   |   5.3   |
| 多元金融 | 000666 | 经纬纺机 | 62.2  |  11.4  | 0.1  |  -1.8   |   1.7   |
| 多元金融 | 600318 | 新力金融 | 40.9  | 445.1  | 0.2  |  -3.6   |   5.2   |
| 多元金融 | 002647 | 仁东控股 | 38.6  | -46.8  | -1.6 |   2.7   |   1.8   |
| 多元金融 | 600830 | 香溢融通 | 26.6  |  55.5  | -2.0 |  -3.5   |  -1.0   |
| 多元金融 | 000416 | 民生控股 | 20.4  | -109.8 | -1.3 |  -0.3   |   3.5   |
| 多元金融 | 600599 |  ST熊猫  | 16.3  |  11.2  | -0.3 |  -5.8   |  -0.7   |
| 多元金融 | 300309 | *ST吉艾  | 16.0  |  -3.6  | -1.6 |  -4.7   |  -6.2   |
| 多元金融 | 600139 | *ST西源  | 14.2  |  -9.7  | 4.9  |   2.9   |   0.0   |
| 多元金融 | 600093 | 退市易见 |  5.6  |  -1.2  | 0.0  |  13.6   |  25.0   |
+----------+--------+----------+-------+--------+------+---------+---------+
 




 [行业>单日涨幅]
+----------+--------+----------+-------+--------+------+---------+---------+
|   行业   |  代码  |   名称   | 市值  |   pe   | 涨幅 | 3日涨幅 | 6日涨幅 |
+----------+--------+----------+-------+--------+------+---------+---------+
| 多元金融 | 000987 | 越秀金控 | 373.5 |  16.0  | 5.7  |  17.7   |  25.8   |
| 多元金融 | 600139 | *ST西源  | 14.2  |  -9.7  | 4.9  |   2.9   |   0.0   |
| 多元金融 | 000617 | 中油资本 | 632.1 |  9.2   | 1.2  |   0.6   |   3.3   |
| 多元金融 | 002961 | 瑞达期货 | 79.0  |  20.7  | 0.8  |   0.0   |   6.1   |
| 多元金融 | 600705 | 中航产融 | 317.6 | 693.1  | 0.3  |  -0.3   |   3.5   |
| 多元金融 | 600318 | 新力金融 | 40.9  | 445.1  | 0.2  |  -3.6   |   5.2   |
| 多元金融 | 603093 | 南华期货 | 65.8  |  58.5  | 0.2  |  -2.4   |   5.3   |
| 多元金融 | 000666 | 经纬纺机 | 62.2  |  11.4  | 0.1  |  -1.8   |   1.7   |
| 多元金融 | 600816 |  ST安信  | 234.1 | -12.3  | 0.0  |   0.7   |   1.4   |
| 多元金融 | 600093 | 退市易见 |  5.6  |  -1.2  | 0.0  |  13.6   |  25.0   |
| 多元金融 | 600390 | 五矿资本 | 229.0 |  8.1   | -0.2 |   1.6   |   5.4   |
| 多元金融 | 600120 | 浙江东方 | 115.6 |  72.3  | -0.2 |  -0.8   |   3.4   |
| 多元金融 | 600599 |  ST熊猫  | 16.3  |  11.2  | -0.3 |  -5.8   |  -0.7   |
| 多元金融 | 000567 | 海德股份 | 144.5 |  28.4  | -0.5 |  -2.0   |   3.0   |
| 多元金融 | 002423 | 中粮资本 | 161.3 | -11.8  | -0.7 |  -1.0   |  -0.1   |
| 多元金融 | 600927 | 永安期货 | 296.9 | 227.8  | -0.8 |  -5.6   |   4.5   |
| 多元金融 | 000415 | 渤海租赁 | 136.1 |  -4.6  | -0.9 |   0.5   |   2.8   |
| 多元金融 | 600643 | XD爱建集 | 96.8  |  8.1   | -1.2 |  -1.0   |   1.7   |
| 多元金融 | 000563 | 陕国投Ａ  | 124.5 |  17.7  | -1.3 |  -0.6   |   0.3   |
| 多元金融 | 000416 | 民生控股 | 20.4  | -109.8 | -1.3 |  -0.3   |   3.5   |
| 多元金融 | 000046 | 泛海控股 | 77.4  |  -2.4  | -1.3 |   0.0   |   2.0   |
| 多元金融 | 600901 | 江苏租赁 | 151.7 |  6.2   | -1.4 |  -1.9   |   2.4   |
| 多元金融 | 002647 | 仁东控股 | 38.6  | -46.8  | -1.6 |   2.7   |   1.8   |
| 多元金融 | 300309 | *ST吉艾  | 16.0  |  -3.6  | -1.6 |  -4.7   |  -6.2   |
| 多元金融 | 600830 | 香溢融通 | 26.6  |  55.5  | -2.0 |  -3.5   |  -1.0   |
| 多元金融 | 600053 | 九鼎投资 | 75.2  |  42.4  | -3.1 |  -0.3   |  -0.1   |
+----------+--------+----------+-------+--------+------+---------+---------+
