[行业>市值]
+----------+--------+----------+-------+--------+------+---------+---------+
|   行业   |  代码  |   名称   | 市值  |   pe   | 涨幅 | 3日涨幅 | 6日涨幅 |
+----------+--------+----------+-------+--------+------+---------+---------+
| 家用轻工 | 603899 | 晨光股份 | 472.4 |  42.8  | 1.7  |   3.4   |   1.9   |
| 家用轻工 | 001323 | 慕思股份 | 155.7 |  31.4  | 0.0  |   0.0   |   0.0   |
| 家用轻工 | 605099 | 共创草坪 | 108.9 |  31.9  | 0.5  |   5.5   |   6.9   |
| 家用轻工 | 002489 | 浙江永强 | 89.6  |  16.3  | -2.8 |  -2.6   |   5.4   |
| 家用轻工 | 603398 | 沐邦高科 | 88.7  | -243.5 | 7.6  |   2.8   |   7.7   |
| 家用轻工 | 002678 | 珠江钢琴 | 78.9  |  37.2  | -2.5 |   0.0   |   0.9   |
| 家用轻工 | 002605 | 姚记科技 | 66.8  |  18.2  | -0.4 |   4.0   |   6.5   |
| 家用轻工 | 301101 | 明月镜片 | 65.7  |  74.2  | 5.0  |   5.0   |   1.0   |
| 家用轻工 | 603848 |  好太太  | 63.1  |  34.8  | 3.3  |   8.3   |  18.8   |
| 家用轻工 | 002301 | 齐心集团 | 44.0  |  20.0  | -2.0 |   1.9   |   2.4   |
| 家用轻工 | 605299 | 舒华体育 | 42.8  |  80.5  | -0.8 |   1.8   |   1.7   |
| 家用轻工 | 300729 | 乐歌股份 | 37.7  |  52.4  | -0.9 |   4.2   |   5.6   |
| 家用轻工 | 300651 | 金陵体育 | 32.8  | 320.9  | -1.7 |  -3.6   |  -7.3   |
| 家用轻工 | 600439 |  瑞贝卡  | 30.3  |  59.4  | -0.7 |   0.4   |   0.4   |
| 家用轻工 | 002575 | 群兴玩具 | 28.6  | 412.4  | -1.7 |  -5.5   |  -12.7  |
| 家用轻工 | 002571 | 德力股份 | 27.8  | 269.7  | 3.5  |   0.8   |  11.1   |
| 家用轻工 | 002103 | 广博股份 | 23.6  | -39.5  | -1.1 |   0.9   |   0.7   |
| 家用轻工 | 002615 |  哈尔斯  | 22.8  |  18.5  | -0.2 |   0.4   |   0.9   |
| 家用轻工 | 301004 | 嘉益股份 | 22.8  |  17.2  | 1.6  |   1.5   |   7.0   |
| 家用轻工 | 002348 | 高乐股份 | 19.0  |  -9.5  | -2.9 |   2.0   |   3.6   |
| 家用轻工 | 300329 | 海伦钢琴 | 17.9  |  71.0  | -3.9 |   5.4   |   8.4   |
| 家用轻工 | 300703 | 创源股份 | 16.8  | 103.8  | -1.3 |   1.7   |   3.3   |
| 家用轻工 | 300640 | 德艺文创 | 15.9  |  48.0  | -1.9 |   2.0   |   1.5   |
| 家用轻工 | 002899 |  英派斯  | 14.2  | 265.6  | -1.1 |   0.2   |   0.3   |
| 家用轻工 | 002862 | 实丰文化 | 12.8  | 166.2  | -1.2 |   0.5   |  -1.0   |
+----------+--------+----------+-------+--------+------+---------+---------+
 




 [行业>单日涨幅]
+----------+--------+----------+-------+--------+------+---------+---------+
|   行业   |  代码  |   名称   | 市值  |   pe   | 涨幅 | 3日涨幅 | 6日涨幅 |
+----------+--------+----------+-------+--------+------+---------+---------+
| 家用轻工 | 603398 | 沐邦高科 | 88.7  | -243.5 | 7.6  |   2.8   |   7.7   |
| 家用轻工 | 301101 | 明月镜片 | 65.7  |  74.2  | 5.0  |   5.0   |   1.0   |
| 家用轻工 | 002571 | 德力股份 | 27.8  | 269.7  | 3.5  |   0.8   |  11.1   |
| 家用轻工 | 603848 |  好太太  | 63.1  |  34.8  | 3.3  |   8.3   |  18.8   |
| 家用轻工 | 603899 | 晨光股份 | 472.4 |  42.8  | 1.7  |   3.4   |   1.9   |
| 家用轻工 | 301004 | 嘉益股份 | 22.8  |  17.2  | 1.6  |   1.5   |   7.0   |
| 家用轻工 | 605099 | 共创草坪 | 108.9 |  31.9  | 0.5  |   5.5   |   6.9   |
| 家用轻工 | 001323 | 慕思股份 | 155.7 |  31.4  | 0.0  |   0.0   |   0.0   |
| 家用轻工 | 002615 |  哈尔斯  | 22.8  |  18.5  | -0.2 |   0.4   |   0.9   |
| 家用轻工 | 002605 | 姚记科技 | 66.8  |  18.2  | -0.4 |   4.0   |   6.5   |
| 家用轻工 | 600439 |  瑞贝卡  | 30.3  |  59.4  | -0.7 |   0.4   |   0.4   |
| 家用轻工 | 605299 | 舒华体育 | 42.8  |  80.5  | -0.8 |   1.8   |   1.7   |
| 家用轻工 | 300729 | 乐歌股份 | 37.7  |  52.4  | -0.9 |   4.2   |   5.6   |
| 家用轻工 | 002899 |  英派斯  | 14.2  | 265.6  | -1.1 |   0.2   |   0.3   |
| 家用轻工 | 002103 | 广博股份 | 23.6  | -39.5  | -1.1 |   0.9   |   0.7   |
| 家用轻工 | 002862 | 实丰文化 | 12.8  | 166.2  | -1.2 |   0.5   |  -1.0   |
| 家用轻工 | 300703 | 创源股份 | 16.8  | 103.8  | -1.3 |   1.7   |   3.3   |
| 家用轻工 | 300651 | 金陵体育 | 32.8  | 320.9  | -1.7 |  -3.6   |  -7.3   |
| 家用轻工 | 002575 | 群兴玩具 | 28.6  | 412.4  | -1.7 |  -5.5   |  -12.7  |
| 家用轻工 | 300640 | 德艺文创 | 15.9  |  48.0  | -1.9 |   2.0   |   1.5   |
| 家用轻工 | 002301 | 齐心集团 | 44.0  |  20.0  | -2.0 |   1.9   |   2.4   |
| 家用轻工 | 002678 | 珠江钢琴 | 78.9  |  37.2  | -2.5 |   0.0   |   0.9   |
| 家用轻工 | 002489 | 浙江永强 | 89.6  |  16.3  | -2.8 |  -2.6   |   5.4   |
| 家用轻工 | 002348 | 高乐股份 | 19.0  |  -9.5  | -2.9 |   2.0   |   3.6   |
| 家用轻工 | 300329 | 海伦钢琴 | 17.9  |  71.0  | -3.9 |   5.4   |   8.4   |
+----------+--------+----------+-------+--------+------+---------+---------+
