[行业>市值]
+----------+--------+----------+--------+--------+------+---------+---------+
|   行业   |  代码  |   名称   |  市值  |   pe   | 涨幅 | 3日涨幅 | 6日涨幅 |
+----------+--------+----------+--------+--------+------+---------+---------+
| 工程机械 | 600031 | 三一重工 | 1528.0 |  24.0  | 0.4  |  -1.4   |   6.1   |
| 工程机械 | 601100 | 恒立液压 | 743.8  |  35.2  | 0.2  |  -1.6   |   8.0   |
| 工程机械 | 000157 | 中联重科 | 524.2  |  14.5  | -0.7 |  -1.0   |   1.3   |
| 工程机械 | 000425 | 徐工机械 | 422.2  |  7.5   | -1.3 |   0.8   |   2.9   |
| 工程机械 | 603338 | 浙江鼎力 | 245.5  |  31.4  | -0.0 |   3.1   |   3.2   |
| 工程机械 | 688425 | 铁建重工 | 228.3  |  15.1  | -0.5 |   1.2   |   1.1   |
| 工程机械 | 603638 | 艾迪精密 | 166.0  |  57.4  | 1.5  |   4.6   |   7.6   |
| 工程机械 | 000528 | 柳    工 | 127.5  |  12.5  | -0.1 |  -0.8   |   2.4   |
| 工程机械 | 603298 | 杭叉集团 | 120.2  |  15.8  | 0.7  |   6.5   |   3.0   |
| 工程机械 | 600761 | 安徽合力 |  76.8  |  9.9   | 1.0  |   1.8   |   4.3   |
| 工程机械 | 000680 | 山推股份 |  75.8  |  5.2   | -1.2 |   0.0   |   5.2   |
| 工程机械 | 002204 | 大连重工 |  74.4  |  26.6  | 0.8  |  -1.5   |   0.0   |
| 工程机械 | 600984 | 建设机械 |  74.3  | -34.4  | -0.4 |   2.1   |   4.9   |
| 工程机械 | 605305 | 中际联合 |  73.9  |  41.9  | 6.7  |  11.4   |  13.7   |
| 工程机械 | 002097 | 山河智能 |  71.3  | -36.4  | 0.5  |  -0.8   |   1.7   |
| 工程机械 | 600375 | 汉马科技 |  64.2  |  -9.9  | 2.6  |  13.9   |  28.7   |
| 工程机械 | 601226 | 华电重工 |  58.8  | -13.5  | 2.4  |   2.9   |   0.8   |
| 工程机械 | 600817 | 宇通重工 |  51.7  |  15.2  | 3.8  |  -1.2   |   6.7   |
| 工程机械 | 600815 | 厦工股份 |  50.4  | -658.9 | -1.1 |  -1.7   |  -0.7   |
| 工程机械 | 603611 | 诺力股份 |  43.7  |  15.1  | 0.4  |   2.5   |   4.7   |
| 工程机械 | 300718 | 长盛轴承 |  39.3  |  32.5  | 0.7  |   1.8   |   4.1   |
| 工程机械 | 605389 | 长龄液压 |  34.6  |  20.5  | 0.2  |   2.6   |   1.0   |
| 工程机械 | 301040 | 中环海陆 |  29.1  |  42.7  | 4.0  |   2.9   |   2.0   |
| 工程机械 | 002272 | 川润股份 |  23.9  |  61.6  | -2.0 |  -5.0   |   3.0   |
| 工程机械 | 001288 | 运机集团 |  23.0  |  27.3  | 0.9  |   1.3   |   1.5   |
| 工程机械 | 300201 | *ST海伦  |  21.9  |  16.7  | -0.9 |   4.5   |   1.0   |
| 工程机械 | 300022 | 吉峰科技 |  18.6  | -222.6 | -0.8 |  -1.4   |   0.4   |
+----------+--------+----------+--------+--------+------+---------+---------+
 




 [行业>单日涨幅]
+----------+--------+----------+--------+--------+------+---------+---------+
|   行业   |  代码  |   名称   |  市值  |   pe   | 涨幅 | 3日涨幅 | 6日涨幅 |
+----------+--------+----------+--------+--------+------+---------+---------+
| 工程机械 | 605305 | 中际联合 |  73.9  |  41.9  | 6.7  |  11.4   |  13.7   |
| 工程机械 | 301040 | 中环海陆 |  29.1  |  42.7  | 4.0  |   2.9   |   2.0   |
| 工程机械 | 600817 | 宇通重工 |  51.7  |  15.2  | 3.8  |  -1.2   |   6.7   |
| 工程机械 | 600375 | 汉马科技 |  64.2  |  -9.9  | 2.6  |  13.9   |  28.7   |
| 工程机械 | 601226 | 华电重工 |  58.8  | -13.5  | 2.4  |   2.9   |   0.8   |
| 工程机械 | 603638 | 艾迪精密 | 166.0  |  57.4  | 1.5  |   4.6   |   7.6   |
| 工程机械 | 600761 | 安徽合力 |  76.8  |  9.9   | 1.0  |   1.8   |   4.3   |
| 工程机械 | 001288 | 运机集团 |  23.0  |  27.3  | 0.9  |   1.3   |   1.5   |
| 工程机械 | 002204 | 大连重工 |  74.4  |  26.6  | 0.8  |  -1.5   |   0.0   |
| 工程机械 | 603298 | 杭叉集团 | 120.2  |  15.8  | 0.7  |   6.5   |   3.0   |
| 工程机械 | 300718 | 长盛轴承 |  39.3  |  32.5  | 0.7  |   1.8   |   4.1   |
| 工程机械 | 002097 | 山河智能 |  71.3  | -36.4  | 0.5  |  -0.8   |   1.7   |
| 工程机械 | 603611 | 诺力股份 |  43.7  |  15.1  | 0.4  |   2.5   |   4.7   |
| 工程机械 | 600031 | 三一重工 | 1528.0 |  24.0  | 0.4  |  -1.4   |   6.1   |
| 工程机械 | 605389 | 长龄液压 |  34.6  |  20.5  | 0.2  |   2.6   |   1.0   |
| 工程机械 | 601100 | 恒立液压 | 743.8  |  35.2  | 0.2  |  -1.6   |   8.0   |
| 工程机械 | 603338 | 浙江鼎力 | 245.5  |  31.4  | -0.0 |   3.1   |   3.2   |
| 工程机械 | 000528 | 柳    工 | 127.5  |  12.5  | -0.1 |  -0.8   |   2.4   |
| 工程机械 | 600984 | 建设机械 |  74.3  | -34.4  | -0.4 |   2.1   |   4.9   |
| 工程机械 | 688425 | 铁建重工 | 228.3  |  15.1  | -0.5 |   1.2   |   1.1   |
| 工程机械 | 000157 | 中联重科 | 524.2  |  14.5  | -0.7 |  -1.0   |   1.3   |
| 工程机械 | 300022 | 吉峰科技 |  18.6  | -222.6 | -0.8 |  -1.4   |   0.4   |
| 工程机械 | 300201 | *ST海伦  |  21.9  |  16.7  | -0.9 |   4.5   |   1.0   |
| 工程机械 | 600815 | 厦工股份 |  50.4  | -658.9 | -1.1 |  -1.7   |  -0.7   |
| 工程机械 | 000680 | 山推股份 |  75.8  |  5.2   | -1.2 |   0.0   |   5.2   |
| 工程机械 | 000425 | 徐工机械 | 422.2  |  7.5   | -1.3 |   0.8   |   2.9   |
| 工程机械 | 002272 | 川润股份 |  23.9  |  61.6  | -2.0 |  -5.0   |   3.0   |
+----------+--------+----------+--------+--------+------+---------+---------+
