[行业>市值]
+----------+--------+----------+-------+--------+------+---------+---------+
|   行业   |  代码  |   名称   | 市值  |   pe   | 涨幅 | 3日涨幅 | 6日涨幅 |
+----------+--------+----------+-------+--------+------+---------+---------+
| 橡胶制品 | 601058 | 赛轮轮胎 | 386.6 |  30.0  | 8.1  |   9.3   |  14.5   |
| 橡胶制品 | 601966 | 玲珑轮胎 | 359.6 | -97.8  | 10.0 |   9.8   |  21.0   |
| 橡胶制品 | 000887 | 中鼎股份 | 252.8 |  25.2  | 5.0  |   3.0   |  25.2   |
| 橡胶制品 | 002984 |  森麒麟  | 219.3 |  23.5  | 7.9  |  11.9   |  14.6   |
| 橡胶制品 | 601118 | 海南橡胶 | 202.4 | -178.8 | -0.2 |  -1.5   |  -1.1   |
| 橡胶制品 | 603650 | 彤程新材 | 174.3 |  60.5  | 0.0  |  -0.3   |   3.6   |
| 橡胶制品 | 603033 | 三维股份 | 166.2 |  85.4  | -0.1 |  -2.6   |  -2.0   |
| 橡胶制品 | 300767 | 震安科技 | 153.6 | 118.0  | 3.2  |   5.0   |   8.6   |
| 橡胶制品 | 002068 | 黑猫股份 | 116.1 | -278.4 | 7.3  |   3.0   |  24.2   |
| 橡胶制品 | 300587 | 天铁股份 | 115.1 |  24.8  | 0.8  |   2.0   |  13.1   |
| 橡胶制品 | 601163 | 三角轮胎 | 93.6  |  40.0  | 1.1  |   0.9   |   2.3   |
| 橡胶制品 | 600480 | 凌云股份 | 83.7  |  22.9  | 3.6  |   0.4   |   8.3   |
| 橡胶制品 | 300320 | 海达股份 | 80.9  |  50.2  | -1.4 |   0.6   |  21.3   |
| 橡胶制品 | 605183 | 确成股份 | 78.9  |  23.6  | 2.0  |  -1.6   |   3.5   |
| 橡胶制品 | 000589 | 贵州轮胎 | 48.8  |  21.7  | 2.2  |  -1.4   |   0.7   |
| 橡胶制品 | 601500 | 通用股份 | 47.0  | 158.3  | 0.2  |  -2.7   |   0.9   |
| 橡胶制品 | 600182 | S*ST佳通 | 43.5  | 270.1  | -2.1 |   4.2   |  16.2   |
| 橡胶制品 | 300121 | 阳谷华泰 | 40.8  |  9.0   | 0.2  |  -0.6   |   5.4   |
| 橡胶制品 | 300547 | 川环科技 | 34.7  |  41.2  | 5.8  |   4.4   |  17.9   |
| 橡胶制品 | 600469 | 风神股份 | 34.1  | -20.6  | -3.1 |  -14.2  |  -5.7   |
| 橡胶制品 | 000599 | 青岛双星 | 33.5  |  -5.7  | -0.2 |  -5.8   |  -22.1  |
| 橡胶制品 | 002224 | 三 力 士 | 33.0  | -152.5 | 0.0  |  -0.7   |   0.9   |
| 橡胶制品 | 001207 | 联科科技 | 30.0  |  31.6  | 1.6  |  -0.2   |   3.5   |
| 橡胶制品 | 002753 | 永东股份 | 28.4  |  67.3  | 1.1  |  -1.2   |   0.7   |
| 橡胶制品 | 002442 | 龙星化工 | 26.2  |  57.4  | 0.9  |  -2.7   |   2.1   |
| 橡胶制品 | 002381 | 双箭股份 | 25.4  |  19.6  | 0.2  |  -1.0   |   0.5   |
| 橡胶制品 | 300731 | 科创新源 | 25.1  | -56.2  | 20.0 |  18.5   |  23.2   |
| 橡胶制品 | 301233 | 盛帮股份 |  0.0  |  0.0   | 0.0  |   0.0   |   0.0   |
+----------+--------+----------+-------+--------+------+---------+---------+
 




 [行业>单日涨幅]
+----------+--------+----------+-------+--------+------+---------+---------+
|   行业   |  代码  |   名称   | 市值  |   pe   | 涨幅 | 3日涨幅 | 6日涨幅 |
+----------+--------+----------+-------+--------+------+---------+---------+
| 橡胶制品 | 300731 | 科创新源 | 25.1  | -56.2  | 20.0 |  18.5   |  23.2   |
| 橡胶制品 | 601966 | 玲珑轮胎 | 359.6 | -97.8  | 10.0 |   9.8   |  21.0   |
| 橡胶制品 | 601058 | 赛轮轮胎 | 386.6 |  30.0  | 8.1  |   9.3   |  14.5   |
| 橡胶制品 | 002984 |  森麒麟  | 219.3 |  23.5  | 7.9  |  11.9   |  14.6   |
| 橡胶制品 | 002068 | 黑猫股份 | 116.1 | -278.4 | 7.3  |   3.0   |  24.2   |
| 橡胶制品 | 300547 | 川环科技 | 34.7  |  41.2  | 5.8  |   4.4   |  17.9   |
| 橡胶制品 | 000887 | 中鼎股份 | 252.8 |  25.2  | 5.0  |   3.0   |  25.2   |
| 橡胶制品 | 600480 | 凌云股份 | 83.7  |  22.9  | 3.6  |   0.4   |   8.3   |
| 橡胶制品 | 300767 | 震安科技 | 153.6 | 118.0  | 3.2  |   5.0   |   8.6   |
| 橡胶制品 | 000589 | 贵州轮胎 | 48.8  |  21.7  | 2.2  |  -1.4   |   0.7   |
| 橡胶制品 | 605183 | 确成股份 | 78.9  |  23.6  | 2.0  |  -1.6   |   3.5   |
| 橡胶制品 | 001207 | 联科科技 | 30.0  |  31.6  | 1.6  |  -0.2   |   3.5   |
| 橡胶制品 | 601163 | 三角轮胎 | 93.6  |  40.0  | 1.1  |   0.9   |   2.3   |
| 橡胶制品 | 002753 | 永东股份 | 28.4  |  67.3  | 1.1  |  -1.2   |   0.7   |
| 橡胶制品 | 002442 | 龙星化工 | 26.2  |  57.4  | 0.9  |  -2.7   |   2.1   |
| 橡胶制品 | 300587 | 天铁股份 | 115.1 |  24.8  | 0.8  |   2.0   |  13.1   |
| 橡胶制品 | 601500 | 通用股份 | 47.0  | 158.3  | 0.2  |  -2.7   |   0.9   |
| 橡胶制品 | 300121 | 阳谷华泰 | 40.8  |  9.0   | 0.2  |  -0.6   |   5.4   |
| 橡胶制品 | 002381 | 双箭股份 | 25.4  |  19.6  | 0.2  |  -1.0   |   0.5   |
| 橡胶制品 | 603650 | 彤程新材 | 174.3 |  60.5  | 0.0  |  -0.3   |   3.6   |
| 橡胶制品 | 002224 | 三 力 士 | 33.0  | -152.5 | 0.0  |  -0.7   |   0.9   |
| 橡胶制品 | 301233 | 盛帮股份 |  0.0  |  0.0   | 0.0  |   0.0   |   0.0   |
| 橡胶制品 | 603033 | 三维股份 | 166.2 |  85.4  | -0.1 |  -2.6   |  -2.0   |
| 橡胶制品 | 601118 | 海南橡胶 | 202.4 | -178.8 | -0.2 |  -1.5   |  -1.1   |
| 橡胶制品 | 000599 | 青岛双星 | 33.5  |  -5.7  | -0.2 |  -5.8   |  -22.1  |
| 橡胶制品 | 300320 | 海达股份 | 80.9  |  50.2  | -1.4 |   0.6   |  21.3   |
| 橡胶制品 | 600182 | S*ST佳通 | 43.5  | 270.1  | -2.1 |   4.2   |  16.2   |
| 橡胶制品 | 600469 | 风神股份 | 34.1  | -20.6  | -3.1 |  -14.2  |  -5.7   |
+----------+--------+----------+-------+--------+------+---------+---------+
