[行业>市值]
+----------+--------+----------+--------+-------+------+---------+---------+
|   行业   |  代码  |   名称   |  市值  |  pe   | 涨幅 | 3日涨幅 | 6日涨幅 |
+----------+--------+----------+--------+-------+------+---------+---------+
| 汽车整车 | 002594 |  比亚迪  | 9840.0 | 304.3 | 0.6  |  -1.6   |   4.8   |
| 汽车整车 | 601633 | 长城汽车 | 3620.0 | 55.4  | 1.3  |  -5.2   |   9.9   |
| 汽车整车 | 600104 | 上汽集团 | 2090.0 |  9.5  | 0.1  |  -2.1   |   4.6   |
| 汽车整车 | 601238 | 广汽集团 | 1801.0 | 15.0  | 2.3  |   0.2   |  10.4   |
| 汽车整车 | 000625 | 长安汽车 | 1444.0 |  8.0  | 1.8  |   1.2   |  25.3   |
| 汽车整车 | 601127 | 小康股份 | 1012.0 | -30.1 | 5.7  |  11.0   |  14.4   |
| 汽车整车 | 000800 | 一汽解放 | 497.1  | 27.5  | 2.8  |  -2.5   |  19.3   |
| 汽车整车 | 600733 | 北汽蓝谷 | 394.4  | -10.3 | 1.2  |   2.1   |  18.9   |
| 汽车整车 | 600418 | 江淮汽车 | 295.7  | -25.5 | -0.1 |   1.6   |  11.7   |
| 汽车整车 | 601777 | 力帆科技 | 235.8  | 115.9 | 1.0  |  -4.0   |   2.8   |
| 汽车整车 | 301039 | 中集车辆 | 211.0  | 42.4  | 1.9  |  -2.4   |   2.8   |
| 汽车整车 | 000980 |  ST众泰  | 192.6  | -30.7 | 2.7  |  -5.2   |   6.7   |
| 汽车整车 | 600166 | 福田汽车 | 182.8  | 33.8  | 1.8  |  -3.1   |   4.9   |
| 汽车整车 | 600066 | 宇通客车 | 180.7  | -39.0 | 0.9  |  -2.7   |   3.3   |
| 汽车整车 | 600006 | 东风汽车 | 158.8  | 33.5  | 3.2  |  -11.2  |  -12.3  |
| 汽车整车 | 000951 | 中国重汽 | 146.9  | 29.6  | 0.6  |  -0.6   |   3.7   |
| 汽车整车 | 000550 | 江铃汽车 | 133.4  | 17.2  | 0.4  |  -5.8   |   4.3   |
| 汽车整车 | 000957 | 中通客车 | 112.5  | -79.7 | 10.0 |  13.3   |  18.6   |
| 汽车整车 | 000572 | 海马汽车 | 101.5  | -41.6 | -0.3 |  -6.4   |   7.9   |
| 汽车整车 | 600686 | 金龙汽车 |  46.0  | 296.4 | 1.9  |  -2.3   |   5.1   |
| 汽车整车 | 000868 | 安凯客车 |  38.4  | -24.0 | 4.4  |  -2.8   |  -3.1   |
| 汽车整车 | 600213 | 亚星客车 |  24.3  | -13.9 | 0.7  |  -0.6   |   5.1   |
| 汽车整车 | 600303 |  ST曙光  |  22.0  | -16.9 | 0.0  |  -3.3   |  -2.1   |
+----------+--------+----------+--------+-------+------+---------+---------+
 




 [行业>单日涨幅]
+----------+--------+----------+--------+-------+------+---------+---------+
|   行业   |  代码  |   名称   |  市值  |  pe   | 涨幅 | 3日涨幅 | 6日涨幅 |
+----------+--------+----------+--------+-------+------+---------+---------+
| 汽车整车 | 000957 | 中通客车 | 112.5  | -79.7 | 10.0 |  13.3   |  18.6   |
| 汽车整车 | 601127 | 小康股份 | 1012.0 | -30.1 | 5.7  |  11.0   |  14.4   |
| 汽车整车 | 000868 | 安凯客车 |  38.4  | -24.0 | 4.4  |  -2.8   |  -3.1   |
| 汽车整车 | 600006 | 东风汽车 | 158.8  | 33.5  | 3.2  |  -11.2  |  -12.3  |
| 汽车整车 | 000800 | 一汽解放 | 497.1  | 27.5  | 2.8  |  -2.5   |  19.3   |
| 汽车整车 | 000980 |  ST众泰  | 192.6  | -30.7 | 2.7  |  -5.2   |   6.7   |
| 汽车整车 | 601238 | 广汽集团 | 1801.0 | 15.0  | 2.3  |   0.2   |  10.4   |
| 汽车整车 | 600686 | 金龙汽车 |  46.0  | 296.4 | 1.9  |  -2.3   |   5.1   |
| 汽车整车 | 301039 | 中集车辆 | 211.0  | 42.4  | 1.9  |  -2.4   |   2.8   |
| 汽车整车 | 000625 | 长安汽车 | 1444.0 |  8.0  | 1.8  |   1.2   |  25.3   |
| 汽车整车 | 600166 | 福田汽车 | 182.8  | 33.8  | 1.8  |  -3.1   |   4.9   |
| 汽车整车 | 601633 | 长城汽车 | 3620.0 | 55.4  | 1.3  |  -5.2   |   9.9   |
| 汽车整车 | 600733 | 北汽蓝谷 | 394.4  | -10.3 | 1.2  |   2.1   |  18.9   |
| 汽车整车 | 601777 | 力帆科技 | 235.8  | 115.9 | 1.0  |  -4.0   |   2.8   |
| 汽车整车 | 600066 | 宇通客车 | 180.7  | -39.0 | 0.9  |  -2.7   |   3.3   |
| 汽车整车 | 600213 | 亚星客车 |  24.3  | -13.9 | 0.7  |  -0.6   |   5.1   |
| 汽车整车 | 000951 | 中国重汽 | 146.9  | 29.6  | 0.6  |  -0.6   |   3.7   |
| 汽车整车 | 002594 |  比亚迪  | 9840.0 | 304.3 | 0.6  |  -1.6   |   4.8   |
| 汽车整车 | 000550 | 江铃汽车 | 133.4  | 17.2  | 0.4  |  -5.8   |   4.3   |
| 汽车整车 | 600104 | 上汽集团 | 2090.0 |  9.5  | 0.1  |  -2.1   |   4.6   |
| 汽车整车 | 600303 |  ST曙光  |  22.0  | -16.9 | 0.0  |  -3.3   |  -2.1   |
| 汽车整车 | 600418 | 江淮汽车 | 295.7  | -25.5 | -0.1 |   1.6   |  11.7   |
| 汽车整车 | 000572 | 海马汽车 | 101.5  | -41.6 | -0.3 |  -6.4   |   7.9   |
+----------+--------+----------+--------+-------+------+---------+---------+
