[行业>市值]
+------------+--------+----------+-------+--------+------+---------+---------+
|    行业    |  代码  |   名称   | 市值  |   pe   | 涨幅 | 3日涨幅 | 6日涨幅 |
+------------+--------+----------+-------+--------+------+---------+---------+
| 电子化学品 | 002643 | 万润股份 | 185.4 |  19.9  | 1.0  |   0.8   |   5.4   |
| 电子化学品 | 300054 | 鼎龙股份 | 179.2 |  62.8  | 0.4  |   1.2   |  -0.6   |
| 电子化学品 | 300346 | 南大光电 | 173.7 |  53.8  | -0.8 |   4.6   |   6.8   |
| 电子化学品 | 688019 | 安集科技 | 164.4 | 103.8  | -0.2 |   8.7   |   2.0   |
| 电子化学品 | 300398 | 飞凯材料 | 115.7 |  20.9  | -1.2 |   3.0   |   7.7   |
| 电子化学品 | 300655 | 晶瑞电材 | 101.6 |  79.4  | -1.6 |   2.3   |   8.1   |
| 电子化学品 | 300236 | 上海新阳 | 99.7  | -183.3 | -1.4 |   6.4   |   6.7   |
| 电子化学品 | 688106 | 金宏气体 | 94.5  |  60.8  | 0.7  |   0.2   |   3.4   |
| 电子化学品 | 688268 | 华特气体 | 83.6  |  53.3  | 1.5  |   2.2   |   3.3   |
| 电子化学品 | 688550 | DR瑞联新 | 71.2  |  22.3  | -0.2 |  -1.8   |   4.5   |
| 电子化学品 | 300481 | 濮阳惠成 | 69.6  |  20.7  | 2.4  |   1.6   |   6.0   |
| 电子化学品 | 002741 | 光华科技 | 68.9  |  48.8  | 1.8  |  -0.4   |   4.4   |
| 电子化学品 | 603078 |  江化微  | 67.1  |  50.8  | -0.7 |   8.6   |  12.9   |
| 电子化学品 | 300576 | 容大感光 | 55.9  | 135.1  | -0.1 |   4.5   |   8.1   |
| 电子化学品 | 300429 | 强力新材 | 46.7  |  46.7  | 0.4  |   1.4   |   2.9   |
| 电子化学品 | 002584 | 西陇科学 | 44.2  |  13.2  | -0.9 |  -0.3   |   3.9   |
| 电子化学品 | 603931 |  格林达  | 38.8  |  24.6  | 0.3  |   0.6   |   4.1   |
| 电子化学品 | 688359 | 三孚新科 | 36.5  | -153.6 | 1.4  |   1.2   |   3.9   |
| 电子化学品 | 300446 | 乐凯新材 | 25.0  | 394.2  | 0.6  |  -0.4   |  -5.1   |
| 电子化学品 | 300537 | 广信材料 | 21.9  | -47.5  | 0.0  |   0.8   |   3.7   |
| 电子化学品 | 300637 | 扬帆新材 | 16.7  |  36.0  | -0.4 |   0.4   |   2.7   |
+------------+--------+----------+-------+--------+------+---------+---------+
 




 [行业>单日涨幅]
+------------+--------+----------+-------+--------+------+---------+---------+
|    行业    |  代码  |   名称   | 市值  |   pe   | 涨幅 | 3日涨幅 | 6日涨幅 |
+------------+--------+----------+-------+--------+------+---------+---------+
| 电子化学品 | 300481 | 濮阳惠成 | 69.6  |  20.7  | 2.4  |   1.6   |   6.0   |
| 电子化学品 | 002741 | 光华科技 | 68.9  |  48.8  | 1.8  |  -0.4   |   4.4   |
| 电子化学品 | 688268 | 华特气体 | 83.6  |  53.3  | 1.5  |   2.2   |   3.3   |
| 电子化学品 | 688359 | 三孚新科 | 36.5  | -153.6 | 1.4  |   1.2   |   3.9   |
| 电子化学品 | 002643 | 万润股份 | 185.4 |  19.9  | 1.0  |   0.8   |   5.4   |
| 电子化学品 | 688106 | 金宏气体 | 94.5  |  60.8  | 0.7  |   0.2   |   3.4   |
| 电子化学品 | 300446 | 乐凯新材 | 25.0  | 394.2  | 0.6  |  -0.4   |  -5.1   |
| 电子化学品 | 300429 | 强力新材 | 46.7  |  46.7  | 0.4  |   1.4   |   2.9   |
| 电子化学品 | 300054 | 鼎龙股份 | 179.2 |  62.8  | 0.4  |   1.2   |  -0.6   |
| 电子化学品 | 603931 |  格林达  | 38.8  |  24.6  | 0.3  |   0.6   |   4.1   |
| 电子化学品 | 300537 | 广信材料 | 21.9  | -47.5  | 0.0  |   0.8   |   3.7   |
| 电子化学品 | 300576 | 容大感光 | 55.9  | 135.1  | -0.1 |   4.5   |   8.1   |
| 电子化学品 | 688019 | 安集科技 | 164.4 | 103.8  | -0.2 |   8.7   |   2.0   |
| 电子化学品 | 688550 | DR瑞联新 | 71.2  |  22.3  | -0.2 |  -1.8   |   4.5   |
| 电子化学品 | 300637 | 扬帆新材 | 16.7  |  36.0  | -0.4 |   0.4   |   2.7   |
| 电子化学品 | 603078 |  江化微  | 67.1  |  50.8  | -0.7 |   8.6   |  12.9   |
| 电子化学品 | 300346 | 南大光电 | 173.7 |  53.8  | -0.8 |   4.6   |   6.8   |
| 电子化学品 | 002584 | 西陇科学 | 44.2  |  13.2  | -0.9 |  -0.3   |   3.9   |
| 电子化学品 | 300398 | 飞凯材料 | 115.7 |  20.9  | -1.2 |   3.0   |   7.7   |
| 电子化学品 | 300236 | 上海新阳 | 99.7  | -183.3 | -1.4 |   6.4   |   6.7   |
| 电子化学品 | 300655 | 晶瑞电材 | 101.6 |  79.4  | -1.6 |   2.3   |   8.1   |
+------------+--------+----------+-------+--------+------+---------+---------+
