[行业>市值]
+----------+--------+----------+-------+--------+------+---------+---------+
|   行业   |  代码  |   名称   | 市值  |   pe   | 涨幅 | 3日涨幅 | 6日涨幅 |
+----------+--------+----------+-------+--------+------+---------+---------+
| 电源设备 | 601727 | 上海电气 | 634.1 | 1254.2 | 0.2  |  -1.2   |  -0.5   |
| 电源设备 | 600875 | 东方电气 | 508.1 |  13.7  | 2.1  |   0.8   |   9.3   |
| 电源设备 | 300376 |  易事特  | 176.4 |  44.7  | 2.1  |   0.1   |   0.3   |
| 电源设备 | 002518 |  科士达  | 158.7 |  73.1  | 0.0  |   7.2   |  28.0   |
| 电源设备 | 300593 |  新雷能  | 144.1 |  41.5  | 0.9  |   1.4   |   0.3   |
| 电源设备 | 002851 | 麦格米特 | 124.4 |  42.4  | 3.1  |   4.6   |  23.3   |
| 电源设备 | 002335 | 科华数据 | 120.6 |  30.7  | 1.0  |  -3.0   |   4.4   |
| 电源设备 | 002534 | 西子洁能 | 110.5 |  68.8  | 3.6  |   6.5   |   4.5   |
| 电源设备 | 300820 | 英杰电气 | 97.2  |  45.0  | 2.2  |   3.6   |   7.4   |
| 电源设备 | 002665 | 首航高科 | 78.5  | -36.4  | 0.3  |  -1.6   |  -2.2   |
| 电源设备 | 600475 | 华光环能 | 75.6  |  9.1   | -0.4 |  -2.7   |  -2.9   |
| 电源设备 | 300693 | 盛弘股份 | 56.7  |  61.7  | 5.1  |   9.0   |  17.5   |
| 电源设备 | 002255 | 海陆重工 | 44.6  |  34.2  | 3.1  |  -0.9   |   6.0   |
| 电源设备 | 300870 |  欧陆通  | 42.5  | -36.1  | 0.2  |   2.4   |   3.3   |
| 电源设备 | 002630 | 华西能源 | 42.4  |  -6.8  | 4.1  |  -15.5  |  -6.5   |
| 电源设备 | 002364 | 中恒电气 | 41.2  | 181.2  | 1.4  |  -0.7   |   1.2   |
| 电源设备 | 002366 | *ST海核  | 35.6  | -28.9  | 3.0  |  -3.1   |   6.5   |
| 电源设备 | 002227 | 奥 特 迅 | 33.0  | -95.3  | 0.2  |  -1.8   |   3.4   |
| 电源设备 | 688551 |  科威尔  | 32.7  | 109.6  | 5.0  |   4.4   |   4.6   |
| 电源设备 | 300105 | 龙源技术 | 30.2  | -103.4 | 0.0  |  -0.7   |  -4.8   |
| 电源设备 | 600405 |  动力源  | 30.1  | -39.4  | 0.2  |  -1.6   |   2.3   |
| 电源设备 | 300153 | 科泰电源 | 27.1  | 144.2  | 2.9  |   0.9   |   3.8   |
| 电源设备 | 300491 | 通合科技 | 23.8  | -72.0  | 0.4  |  -2.8   |   1.6   |
| 电源设备 | 300713 |  英可瑞  | 21.7  | 326.6  | 2.8  |   1.0   |   7.3   |
| 电源设备 | 600202 |  哈空调  | 20.7  |  87.8  | -2.2 |   0.2   |  -1.5   |
+----------+--------+----------+-------+--------+------+---------+---------+
 




 [行业>单日涨幅]
+----------+--------+----------+-------+--------+------+---------+---------+
|   行业   |  代码  |   名称   | 市值  |   pe   | 涨幅 | 3日涨幅 | 6日涨幅 |
+----------+--------+----------+-------+--------+------+---------+---------+
| 电源设备 | 300693 | 盛弘股份 | 56.7  |  61.7  | 5.1  |   9.0   |  17.5   |
| 电源设备 | 688551 |  科威尔  | 32.7  | 109.6  | 5.0  |   4.4   |   4.6   |
| 电源设备 | 002630 | 华西能源 | 42.4  |  -6.8  | 4.1  |  -15.5  |  -6.5   |
| 电源设备 | 002534 | 西子洁能 | 110.5 |  68.8  | 3.6  |   6.5   |   4.5   |
| 电源设备 | 002851 | 麦格米特 | 124.4 |  42.4  | 3.1  |   4.6   |  23.3   |
| 电源设备 | 002255 | 海陆重工 | 44.6  |  34.2  | 3.1  |  -0.9   |   6.0   |
| 电源设备 | 002366 | *ST海核  | 35.6  | -28.9  | 3.0  |  -3.1   |   6.5   |
| 电源设备 | 300153 | 科泰电源 | 27.1  | 144.2  | 2.9  |   0.9   |   3.8   |
| 电源设备 | 300713 |  英可瑞  | 21.7  | 326.6  | 2.8  |   1.0   |   7.3   |
| 电源设备 | 300820 | 英杰电气 | 97.2  |  45.0  | 2.2  |   3.6   |   7.4   |
| 电源设备 | 300376 |  易事特  | 176.4 |  44.7  | 2.1  |   0.1   |   0.3   |
| 电源设备 | 600875 | 东方电气 | 508.1 |  13.7  | 2.1  |   0.8   |   9.3   |
| 电源设备 | 002364 | 中恒电气 | 41.2  | 181.2  | 1.4  |  -0.7   |   1.2   |
| 电源设备 | 002335 | 科华数据 | 120.6 |  30.7  | 1.0  |  -3.0   |   4.4   |
| 电源设备 | 300593 |  新雷能  | 144.1 |  41.5  | 0.9  |   1.4   |   0.3   |
| 电源设备 | 300491 | 通合科技 | 23.8  | -72.0  | 0.4  |  -2.8   |   1.6   |
| 电源设备 | 002665 | 首航高科 | 78.5  | -36.4  | 0.3  |  -1.6   |  -2.2   |
| 电源设备 | 601727 | 上海电气 | 634.1 | 1254.2 | 0.2  |  -1.2   |  -0.5   |
| 电源设备 | 002227 | 奥 特 迅 | 33.0  | -95.3  | 0.2  |  -1.8   |   3.4   |
| 电源设备 | 600405 |  动力源  | 30.1  | -39.4  | 0.2  |  -1.6   |   2.3   |
| 电源设备 | 300870 |  欧陆通  | 42.5  | -36.1  | 0.2  |   2.4   |   3.3   |
| 电源设备 | 002518 |  科士达  | 158.7 |  73.1  | 0.0  |   7.2   |  28.0   |
| 电源设备 | 300105 | 龙源技术 | 30.2  | -103.4 | 0.0  |  -0.7   |  -4.8   |
| 电源设备 | 600475 | 华光环能 | 75.6  |  9.1   | -0.4 |  -2.7   |  -2.9   |
| 电源设备 | 600202 |  哈空调  | 20.7  |  87.8  | -2.2 |   0.2   |  -1.5   |
+----------+--------+----------+-------+--------+------+---------+---------+
