[行业>市值]
+----------+--------+----------+--------+-------+------+---------+---------+
|   行业   |  代码  |   名称   |  市值  |  pe   | 涨幅 | 3日涨幅 | 6日涨幅 |
+----------+--------+----------+--------+-------+------+---------+---------+
| 石油行业 | 600938 | 中国海油 | 8884.0 |  6.5  | 0.2  |  -8.6   |  -5.4   |
| 石油行业 | 600028 | 中国石化 | 4988.0 |  5.5  | -0.5 |  -2.8   |  -2.1   |
| 石油行业 | 600256 | 广汇能源 | 678.9  |  7.7  | 0.7  |  -11.7  |  -8.4   |
| 石油行业 | 600688 | 上海石化 | 362.6  | 42.5  | 0.0  |  -3.2   |  -1.2   |
| 石油行业 | 600777 | 新潮能源 | 187.7  |  8.9  | -3.5 |  -16.1  |  -1.8   |
| 石油行业 | 002221 | 东华能源 | 141.5  | 33.1  | 1.2  |  -1.5   |   4.8   |
| 石油行业 | 000059 | 华锦股份 | 100.1  |  8.8  | -0.2 |  -4.8   |  -2.7   |
| 石油行业 | 600759 |  ST洲际  |  60.0  | 19.3  | 0.4  |  -7.7   |   6.8   |
| 石油行业 | 000096 | 广聚能源 |  56.3  | 150.2 | 1.0  |  -9.9   |   0.9   |
| 石油行业 | 000819 | 岳阳兴长 |  46.1  | 97.6  | -2.8 |  -5.1   |   6.0   |
| 石油行业 | 000698 | 沈阳化工 |  36.5  | -8.0  | -0.9 |  -3.9   |  -2.6   |
| 石油行业 | 603353 | 和顺石油 |  35.7  | 43.3  | 1.1  |  -5.2   |   6.1   |
| 石油行业 | 600387 |  ST海越  |  30.1  | 43.9  | 2.9  |   0.6   |   0.0   |
| 石油行业 | 000159 | 国际实业 |  28.6  | 34.0  | -0.8 |  -4.0   |   0.5   |
| 石油行业 | 000554 | 泰山石油 |  28.5  | 250.9 | -1.5 |  -9.6   |  -6.0   |
| 石油行业 | 000637 | 茂化实华 |  26.9  | -89.3 | 10.0 |   6.2   |   5.7   |
| 石油行业 | 300839 | 博汇股份 |  23.9  | 29.4  | -1.2 |  -5.5   |  -5.6   |
| 石油行业 | 603798 |  康普顿  |  20.1  | 16.4  | 0.9  |  -1.9   |   0.4   |
| 石油行业 | 002778 | 中晟高科 |  16.3  | 366.2 | -1.4 |  -3.8   |  -1.4   |
| 石油行业 | 300023 |  宝德退  |  3.8   | 16.9  | -1.6 |  -4.8   |   0.0   |
| 石油行业 | 601857 | 中国石油 |  0.0   |  6.8  | -1.5 |  -6.1   |   0.5   |
+----------+--------+----------+--------+-------+------+---------+---------+
 




 [行业>单日涨幅]
+----------+--------+----------+--------+-------+------+---------+---------+
|   行业   |  代码  |   名称   |  市值  |  pe   | 涨幅 | 3日涨幅 | 6日涨幅 |
+----------+--------+----------+--------+-------+------+---------+---------+
| 石油行业 | 000637 | 茂化实华 |  26.9  | -89.3 | 10.0 |   6.2   |   5.7   |
| 石油行业 | 600387 |  ST海越  |  30.1  | 43.9  | 2.9  |   0.6   |   0.0   |
| 石油行业 | 002221 | 东华能源 | 141.5  | 33.1  | 1.2  |  -1.5   |   4.8   |
| 石油行业 | 603353 | 和顺石油 |  35.7  | 43.3  | 1.1  |  -5.2   |   6.1   |
| 石油行业 | 000096 | 广聚能源 |  56.3  | 150.2 | 1.0  |  -9.9   |   0.9   |
| 石油行业 | 603798 |  康普顿  |  20.1  | 16.4  | 0.9  |  -1.9   |   0.4   |
| 石油行业 | 600256 | 广汇能源 | 678.9  |  7.7  | 0.7  |  -11.7  |  -8.4   |
| 石油行业 | 600759 |  ST洲际  |  60.0  | 19.3  | 0.4  |  -7.7   |   6.8   |
| 石油行业 | 600938 | 中国海油 | 8884.0 |  6.5  | 0.2  |  -8.6   |  -5.4   |
| 石油行业 | 600688 | 上海石化 | 362.6  | 42.5  | 0.0  |  -3.2   |  -1.2   |
| 石油行业 | 000059 | 华锦股份 | 100.1  |  8.8  | -0.2 |  -4.8   |  -2.7   |
| 石油行业 | 600028 | 中国石化 | 4988.0 |  5.5  | -0.5 |  -2.8   |  -2.1   |
| 石油行业 | 000159 | 国际实业 |  28.6  | 34.0  | -0.8 |  -4.0   |   0.5   |
| 石油行业 | 000698 | 沈阳化工 |  36.5  | -8.0  | -0.9 |  -3.9   |  -2.6   |
| 石油行业 | 300839 | 博汇股份 |  23.9  | 29.4  | -1.2 |  -5.5   |  -5.6   |
| 石油行业 | 002778 | 中晟高科 |  16.3  | 366.2 | -1.4 |  -3.8   |  -1.4   |
| 石油行业 | 000554 | 泰山石油 |  28.5  | 250.9 | -1.5 |  -9.6   |  -6.0   |
| 石油行业 | 601857 | 中国石油 |  0.0   |  6.8  | -1.5 |  -6.1   |   0.5   |
| 石油行业 | 300023 |  宝德退  |  3.8   | 16.9  | -1.6 |  -4.8   |   0.0   |
| 石油行业 | 000819 | 岳阳兴长 |  46.1  | 97.6  | -2.8 |  -5.1   |   6.0   |
| 石油行业 | 600777 | 新潮能源 | 187.7  |  8.9  | -3.5 |  -16.1  |  -1.8   |
+----------+--------+----------+--------+-------+------+---------+---------+
