[行业>市值]
+----------+--------+----------+-------+--------+------+---------+---------+
|   行业   |  代码  |   名称   | 市值  |   pe   | 涨幅 | 3日涨幅 | 6日涨幅 |
+----------+--------+----------+-------+--------+------+---------+---------+
| 综合行业 | 000009 | 中国宝安 | 375.3 |  56.8  | 4.1  |   6.3   |   6.2   |
| 综合行业 | 600673 |  东阳光  | 262.8 |  22.8  | 1.4  |   2.6   |   8.1   |
| 综合行业 | 000958 | 电投产融 | 255.2 |  21.0  | -1.5 |  -3.9   |   1.7   |
| 综合行业 | 600770 | 综艺股份 | 101.5 | -17.3  | -1.0 |   0.8   |   3.2   |
| 综合行业 | 000158 | 常山北明 | 96.6  | -27.9  | -0.8 |  -1.9   |  -0.7   |
| 综合行业 | 000839 |  ST国安  | 81.1  | -13.8  | -1.9 |  -2.4   |  -5.9   |
| 综合行业 | 000861 | 海印股份 | 68.3  |  16.8  | -1.4 |  -3.9   |  -6.2   |
| 综合行业 | 002758 | 浙农股份 | 68.0  |  12.1  | -1.5 |  -3.2   |  -9.1   |
| 综合行业 | 000833 | 粤桂股份 | 63.5  |  44.6  | 1.8  |  -17.5  |  -12.1  |
| 综合行业 | 000803 | 北清环能 | 56.5  |  35.0  | 1.9  |  -0.8   |   0.2   |
| 综合行业 | 000652 | 泰达股份 | 56.4  | 363.4  | -1.0 |  -0.5   |   1.1   |
| 综合行业 | 000576 | 甘化科工 | 51.2  |  50.8  | -2.3 |  -2.1   |   3.2   |
| 综合行业 | 000909 | 数源科技 | 48.4  | 248.2  | -9.6 |  -26.8  |  -22.1  |
| 综合行业 | 600624 | 复旦复华 | 47.5  | 206.3  | -1.7 |  -2.4   |  -6.0   |
| 综合行业 | 600784 | XD鲁银投 | 45.7  |  19.6  | -1.0 |  -4.2   |  -1.7   |
| 综合行业 | 600805 | 悦达投资 | 42.2  |  12.6  | -2.4 |  -4.4   |  -2.5   |
| 综合行业 | 000532 | 华金资本 | 41.7  |  74.5  | 0.1  |   4.9   |   9.1   |
| 综合行业 | 600568 |  ST中珠  | 33.5  | -203.8 | 3.1  |   4.3   |   4.3   |
| 综合行业 | 600113 | 浙江东日 | 29.8  |  16.3  | -1.6 |   0.1   |  -0.1   |
| 综合行业 | 000409 | 云鼎科技 | 28.3  | 271.8  | -0.2 |  -1.9   |  -0.9   |
| 综合行业 | 600051 | 宁波联合 | 20.3  | -91.2  | -0.8 |   0.3   |   0.0   |
| 综合行业 | 000632 | 三木集团 | 18.9  |  74.8  | 0.0  |   0.2   |  -1.7   |
| 综合行业 | 002591 | 恒大高新 | 15.1  | -138.6 | -0.8 |  -1.6   |  -7.0   |
+----------+--------+----------+-------+--------+------+---------+---------+
 




 [行业>单日涨幅]
+----------+--------+----------+-------+--------+------+---------+---------+
|   行业   |  代码  |   名称   | 市值  |   pe   | 涨幅 | 3日涨幅 | 6日涨幅 |
+----------+--------+----------+-------+--------+------+---------+---------+
| 综合行业 | 000009 | 中国宝安 | 375.3 |  56.8  | 4.1  |   6.3   |   6.2   |
| 综合行业 | 600568 |  ST中珠  | 33.5  | -203.8 | 3.1  |   4.3   |   4.3   |
| 综合行业 | 000803 | 北清环能 | 56.5  |  35.0  | 1.9  |  -0.8   |   0.2   |
| 综合行业 | 000833 | 粤桂股份 | 63.5  |  44.6  | 1.8  |  -17.5  |  -12.1  |
| 综合行业 | 600673 |  东阳光  | 262.8 |  22.8  | 1.4  |   2.6   |   8.1   |
| 综合行业 | 000532 | 华金资本 | 41.7  |  74.5  | 0.1  |   4.9   |   9.1   |
| 综合行业 | 000632 | 三木集团 | 18.9  |  74.8  | 0.0  |   0.2   |  -1.7   |
| 综合行业 | 000409 | 云鼎科技 | 28.3  | 271.8  | -0.2 |  -1.9   |  -0.9   |
| 综合行业 | 600051 | 宁波联合 | 20.3  | -91.2  | -0.8 |   0.3   |   0.0   |
| 综合行业 | 002591 | 恒大高新 | 15.1  | -138.6 | -0.8 |  -1.6   |  -7.0   |
| 综合行业 | 000158 | 常山北明 | 96.6  | -27.9  | -0.8 |  -1.9   |  -0.7   |
| 综合行业 | 600770 | 综艺股份 | 101.5 | -17.3  | -1.0 |   0.8   |   3.2   |
| 综合行业 | 600784 | XD鲁银投 | 45.7  |  19.6  | -1.0 |  -4.2   |  -1.7   |
| 综合行业 | 000652 | 泰达股份 | 56.4  | 363.4  | -1.0 |  -0.5   |   1.1   |
| 综合行业 | 000861 | 海印股份 | 68.3  |  16.8  | -1.4 |  -3.9   |  -6.2   |
| 综合行业 | 000958 | 电投产融 | 255.2 |  21.0  | -1.5 |  -3.9   |   1.7   |
| 综合行业 | 002758 | 浙农股份 | 68.0  |  12.1  | -1.5 |  -3.2   |  -9.1   |
| 综合行业 | 600113 | 浙江东日 | 29.8  |  16.3  | -1.6 |   0.1   |  -0.1   |
| 综合行业 | 600624 | 复旦复华 | 47.5  | 206.3  | -1.7 |  -2.4   |  -6.0   |
| 综合行业 | 000839 |  ST国安  | 81.1  | -13.8  | -1.9 |  -2.4   |  -5.9   |
| 综合行业 | 000576 | 甘化科工 | 51.2  |  50.8  | -2.3 |  -2.1   |   3.2   |
| 综合行业 | 600805 | 悦达投资 | 42.2  |  12.6  | -2.4 |  -4.4   |  -2.5   |
| 综合行业 | 000909 | 数源科技 | 48.4  | 248.2  | -9.6 |  -26.8  |  -22.1  |
+----------+--------+----------+-------+--------+------+---------+---------+
