[行业>市值]
+----------+--------+----------+--------+----------+------+---------+---------+
|   行业   |  代码  |   名称   |  市值  |    pe    | 涨幅 | 3日涨幅 | 6日涨幅 |
+----------+--------+----------+--------+----------+------+---------+---------+
| 美容护理 | 300896 |  爱美客  | 1201.0 |  107.2   | 3.6  |   4.2   |   4.9   |
| 美容护理 | 300957 |  贝泰妮  | 906.5  |  155.2   | 2.8  |   7.5   |  10.1   |
| 美容护理 | 688363 | 华熙生物 | 713.4  |   89.3   | 3.5  |   5.7   |   4.7   |
| 美容护理 | 603605 |  珀莱雅  | 454.7  |   71.8   | 1.0  |   0.4   |   2.9   |
| 美容护理 | 300888 | 稳健医疗 | 275.9  |   19.3   | 1.4  |   0.5   |   3.5   |
| 美容护理 | 600315 | 上海家化 | 256.0  |   32.1   | 0.8  |  -1.6   |  13.5   |
| 美容护理 | 002511 | 中顺洁柔 | 154.8  |   29.0   | -0.2 |   0.2   |   7.7   |
| 美容护理 | 002243 | 力合科创 | 117.5  |   84.4   | 0.5  |   2.2   |   4.4   |
| 美容护理 | 603983 | 丸美股份 | 100.6  |   38.4   | -1.8 |   6.5   |  10.2   |
| 美容护理 | 300856 | 科思股份 |  70.0  |   30.1   | 1.9  |   2.8   |  18.4   |
| 美容护理 | 000523 | 广州浪奇 |  64.5  |  -125.5  | -3.6 |  -9.7   |  -4.5   |
| 美容护理 | 605009 | 豪悦护理 |  59.9  |   27.3   | -0.9 |   0.0   |   5.1   |
| 美容护理 | 003006 | 百亚股份 |  54.7  |   24.7   | 4.9  |  18.1   |  16.6   |
| 美容护理 | 000615 | 奥园美谷 |  54.7  |  -35.2   | -1.4 |   1.6   |  -1.4   |
| 美容护理 | 300740 | 水羊股份 |  52.1  |   31.4   | -0.4 |   1.2   |   5.8   |
| 美容护理 | 301009 | 可靠股份 |  35.0  |  447.6   | -0.8 |   3.0   |   3.9   |
| 美容护理 | 300132 | 青松股份 |  32.6  |  -13.3   | 0.0  |   2.3   |   4.3   |
| 美容护理 | 603630 | 拉芳家化 |  31.9  |  -312.3  | -2.8 |   1.8   |   1.9   |
| 美容护理 | 002919 | 名臣健康 |  29.9  |  456.1   | 0.3  |   0.6   |  -3.9   |
| 美容护理 | 001206 | 依依股份 |  29.0  |   39.5   | -1.1 |   0.4   |   4.3   |
| 美容护理 | 002094 | 青岛金王 |  28.8  |   54.5   | -8.2 |  11.2   |  22.3   |
| 美容护理 | 600249 |  两面针  |  28.1  |  -23.8   | -0.6 |  -0.2   |   0.0   |
| 美容护理 | 300955 | 嘉亨家化 |  23.4  |   34.9   | -2.1 |   1.5   |   0.8   |
| 美容护理 | 300886 | 华业香料 |  22.1  |   79.4   | -1.4 |  -4.3   |  -3.1   |
| 美容护理 | 300658 | 延江股份 |  19.6  |   73.0   | -1.1 |  -0.9   |  -1.5   |
| 美容护理 | 603059 |  倍加洁  |  18.0  | -11920.9 | -0.3 |   0.5   |   1.5   |
| 美容护理 | 603238 | 诺邦股份 |  17.9  |   58.7   | -1.1 |  -0.5   |  -3.7   |
| 美容护理 | 300849 | 锦盛新材 |  17.4  |  196.7   | -0.8 |  -3.4   |   1.9   |
+----------+--------+----------+--------+----------+------+---------+---------+
 




 [行业>单日涨幅]
+----------+--------+----------+--------+----------+------+---------+---------+
|   行业   |  代码  |   名称   |  市值  |    pe    | 涨幅 | 3日涨幅 | 6日涨幅 |
+----------+--------+----------+--------+----------+------+---------+---------+
| 美容护理 | 003006 | 百亚股份 |  54.7  |   24.7   | 4.9  |  18.1   |  16.6   |
| 美容护理 | 300896 |  爱美客  | 1201.0 |  107.2   | 3.6  |   4.2   |   4.9   |
| 美容护理 | 688363 | 华熙生物 | 713.4  |   89.3   | 3.5  |   5.7   |   4.7   |
| 美容护理 | 300957 |  贝泰妮  | 906.5  |  155.2   | 2.8  |   7.5   |  10.1   |
| 美容护理 | 300856 | 科思股份 |  70.0  |   30.1   | 1.9  |   2.8   |  18.4   |
| 美容护理 | 300888 | 稳健医疗 | 275.9  |   19.3   | 1.4  |   0.5   |   3.5   |
| 美容护理 | 603605 |  珀莱雅  | 454.7  |   71.8   | 1.0  |   0.4   |   2.9   |
| 美容护理 | 600315 | 上海家化 | 256.0  |   32.1   | 0.8  |  -1.6   |  13.5   |
| 美容护理 | 002243 | 力合科创 | 117.5  |   84.4   | 0.5  |   2.2   |   4.4   |
| 美容护理 | 002919 | 名臣健康 |  29.9  |  456.1   | 0.3  |   0.6   |  -3.9   |
| 美容护理 | 300132 | 青松股份 |  32.6  |  -13.3   | 0.0  |   2.3   |   4.3   |
| 美容护理 | 002511 | 中顺洁柔 | 154.8  |   29.0   | -0.2 |   0.2   |   7.7   |
| 美容护理 | 603059 |  倍加洁  |  18.0  | -11920.9 | -0.3 |   0.5   |   1.5   |
| 美容护理 | 300740 | 水羊股份 |  52.1  |   31.4   | -0.4 |   1.2   |   5.8   |
| 美容护理 | 600249 |  两面针  |  28.1  |  -23.8   | -0.6 |  -0.2   |   0.0   |
| 美容护理 | 300849 | 锦盛新材 |  17.4  |  196.7   | -0.8 |  -3.4   |   1.9   |
| 美容护理 | 301009 | 可靠股份 |  35.0  |  447.6   | -0.8 |   3.0   |   3.9   |
| 美容护理 | 605009 | 豪悦护理 |  59.9  |   27.3   | -0.9 |   0.0   |   5.1   |
| 美容护理 | 603238 | 诺邦股份 |  17.9  |   58.7   | -1.1 |  -0.5   |  -3.7   |
| 美容护理 | 001206 | 依依股份 |  29.0  |   39.5   | -1.1 |   0.4   |   4.3   |
| 美容护理 | 300658 | 延江股份 |  19.6  |   73.0   | -1.1 |  -0.9   |  -1.5   |
| 美容护理 | 000615 | 奥园美谷 |  54.7  |  -35.2   | -1.4 |   1.6   |  -1.4   |
| 美容护理 | 300886 | 华业香料 |  22.1  |   79.4   | -1.4 |  -4.3   |  -3.1   |
| 美容护理 | 603983 | 丸美股份 | 100.6  |   38.4   | -1.8 |   6.5   |  10.2   |
| 美容护理 | 300955 | 嘉亨家化 |  23.4  |   34.9   | -2.1 |   1.5   |   0.8   |
| 美容护理 | 603630 | 拉芳家化 |  31.9  |  -312.3  | -2.8 |   1.8   |   1.9   |
| 美容护理 | 000523 | 广州浪奇 |  64.5  |  -125.5  | -3.6 |  -9.7   |  -4.5   |
| 美容护理 | 002094 | 青岛金王 |  28.8  |   54.5   | -8.2 |  11.2   |  22.3   |
+----------+--------+----------+--------+----------+------+---------+---------+
