[行业>市值]
+----------+--------+----------+-------+--------+------+---------+---------+
|   行业   |  代码  |   名称   | 市值  |   pe   | 涨幅 | 3日涨幅 | 6日涨幅 |
+----------+--------+----------+-------+--------+------+---------+---------+
| 铁路公路 | 001965 | 招商公路 | 490.6 |  11.2  | 0.1  |  -0.1   |  -1.2   |
| 铁路公路 | 600377 | 宁沪高速 | 416.6 |  13.1  | 0.5  |  -0.7   |   0.5   |
| 铁路公路 | 600350 | 山东高速 | 255.0 |  8.9   | -0.4 |  -2.6   |  -4.8   |
| 铁路公路 | 600548 |  深高速  | 203.0 |  12.3  | 0.1  |  -0.8   |  -0.8   |
| 铁路公路 | 000429 | 粤高速Ａ  | 173.1 |  10.0  | 1.0  |   0.4   |  -1.3   |
| 铁路公路 | 603032 | 德新交运 | 159.0 |  76.6  | 3.3  |   6.1   |   8.9   |
| 铁路公路 | 600662 | 外服控股 | 141.1 |  20.4  | -2.1 |  -0.8   |   0.0   |
| 铁路公路 | 601107 | 四川成渝 | 125.4 |  12.5  | -0.7 |  -2.8   |  -3.5   |
| 铁路公路 | 600012 | 皖通高速 | 123.4 |  7.6   | -0.1 |  -2.0   |  -3.0   |
| 铁路公路 | 603069 | 海汽集团 | 122.0 | -187.1 | 2.5  |  12.6   |  49.9   |
| 铁路公路 | 000828 | 东莞控股 | 105.7 |  15.5  | -2.9 |   2.3   |   4.0   |
| 铁路公路 | 600269 | 赣粤高速 | 81.5  |  6.1   | -0.6 |  -0.8   |  -1.1   |
| 铁路公路 | 600033 | 福建高速 | 78.5  |  8.7   | -0.3 |  -0.3   |  -0.3   |
| 铁路公路 | 600611 | 大众交通 | 75.4  |  -7.2  | 0.0  |   0.0   |   1.6   |
| 铁路公路 | 600650 | 锦江在线 | 71.9  |  3.2   | -3.2 |  -1.8   |  16.5   |
| 铁路公路 | 600020 | 中原高速 | 69.7  |  12.3  | 0.0  |   0.3   |   0.0   |
| 铁路公路 | 000900 | 现代投资 | 68.0  |  10.6  | 0.5  |   2.3   |   1.8   |
| 铁路公路 | 600620 | 天宸股份 | 64.0  | -66.0  | -0.6 |   0.3   |  -1.1   |
| 铁路公路 | 000885 | 城发环境 | 59.1  |  6.6   | -0.9 |  -0.4   |  -0.9   |
| 铁路公路 | 000755 | 山西路桥 | 57.2  |  14.9  | -0.8 |  -1.8   |  -3.2   |
| 铁路公路 | 600106 | 重庆路桥 | 54.0  |  89.4  | 0.0  |  -3.1   |  -1.5   |
| 铁路公路 | 600035 | 楚天高速 | 51.9  |  5.2   | 0.0  |  -0.6   |  -1.5   |
| 铁路公路 | 600368 | 五洲交通 | 45.9  |  6.4   | -0.2 |  -1.4   |   0.2   |
| 铁路公路 | 601188 | 龙江交通 | 41.5  |  17.6  | -0.3 |  -0.9   |  -2.8   |
| 铁路公路 | 002627 | 三峡旅游 | 41.1  |  72.2  | -1.2 |   1.8   |   0.9   |
| 铁路公路 | 600834 | 申通地铁 | 41.0  |  56.4  | -0.9 |  -0.6   |  -1.7   |
| 铁路公路 | 601518 | 吉林高速 | 35.9  |  10.6  | -1.5 |  -0.4   |  -0.4   |
| 铁路公路 | 000548 | 湖南投资 | 22.5  |  68.3  | -1.1 |  -1.3   |  -1.5   |
| 铁路公路 | 002357 | 富临运业 | 16.8  |  9.1   | -0.4 |   0.8   |   2.9   |
| 铁路公路 | 600561 | 江西长运 | 14.4  | -22.4  | -1.9 |  -1.2   |  -1.9   |
+----------+--------+----------+-------+--------+------+---------+---------+
 




 [行业>单日涨幅]
+----------+--------+----------+-------+--------+------+---------+---------+
|   行业   |  代码  |   名称   | 市值  |   pe   | 涨幅 | 3日涨幅 | 6日涨幅 |
+----------+--------+----------+-------+--------+------+---------+---------+
| 铁路公路 | 603032 | 德新交运 | 159.0 |  76.6  | 3.3  |   6.1   |   8.9   |
| 铁路公路 | 603069 | 海汽集团 | 122.0 | -187.1 | 2.5  |  12.6   |  49.9   |
| 铁路公路 | 000429 | 粤高速Ａ  | 173.1 |  10.0  | 1.0  |   0.4   |  -1.3   |
| 铁路公路 | 600377 | 宁沪高速 | 416.6 |  13.1  | 0.5  |  -0.7   |   0.5   |
| 铁路公路 | 000900 | 现代投资 | 68.0  |  10.6  | 0.5  |   2.3   |   1.8   |
| 铁路公路 | 001965 | 招商公路 | 490.6 |  11.2  | 0.1  |  -0.1   |  -1.2   |
| 铁路公路 | 600548 |  深高速  | 203.0 |  12.3  | 0.1  |  -0.8   |  -0.8   |
| 铁路公路 | 600611 | 大众交通 | 75.4  |  -7.2  | 0.0  |   0.0   |   1.6   |
| 铁路公路 | 600020 | 中原高速 | 69.7  |  12.3  | 0.0  |   0.3   |   0.0   |
| 铁路公路 | 600106 | 重庆路桥 | 54.0  |  89.4  | 0.0  |  -3.1   |  -1.5   |
| 铁路公路 | 600035 | 楚天高速 | 51.9  |  5.2   | 0.0  |  -0.6   |  -1.5   |
| 铁路公路 | 600012 | 皖通高速 | 123.4 |  7.6   | -0.1 |  -2.0   |  -3.0   |
| 铁路公路 | 600368 | 五洲交通 | 45.9  |  6.4   | -0.2 |  -1.4   |   0.2   |
| 铁路公路 | 601188 | 龙江交通 | 41.5  |  17.6  | -0.3 |  -0.9   |  -2.8   |
| 铁路公路 | 600033 | 福建高速 | 78.5  |  8.7   | -0.3 |  -0.3   |  -0.3   |
| 铁路公路 | 002357 | 富临运业 | 16.8  |  9.1   | -0.4 |   0.8   |   2.9   |
| 铁路公路 | 600350 | 山东高速 | 255.0 |  8.9   | -0.4 |  -2.6   |  -4.8   |
| 铁路公路 | 600269 | 赣粤高速 | 81.5  |  6.1   | -0.6 |  -0.8   |  -1.1   |
| 铁路公路 | 600620 | 天宸股份 | 64.0  | -66.0  | -0.6 |   0.3   |  -1.1   |
| 铁路公路 | 601107 | 四川成渝 | 125.4 |  12.5  | -0.7 |  -2.8   |  -3.5   |
| 铁路公路 | 000755 | 山西路桥 | 57.2  |  14.9  | -0.8 |  -1.8   |  -3.2   |
| 铁路公路 | 000885 | 城发环境 | 59.1  |  6.6   | -0.9 |  -0.4   |  -0.9   |
| 铁路公路 | 600834 | 申通地铁 | 41.0  |  56.4  | -0.9 |  -0.6   |  -1.7   |
| 铁路公路 | 000548 | 湖南投资 | 22.5  |  68.3  | -1.1 |  -1.3   |  -1.5   |
| 铁路公路 | 002627 | 三峡旅游 | 41.1  |  72.2  | -1.2 |   1.8   |   0.9   |
| 铁路公路 | 601518 | 吉林高速 | 35.9  |  10.6  | -1.5 |  -0.4   |  -0.4   |
| 铁路公路 | 600561 | 江西长运 | 14.4  | -22.4  | -1.9 |  -1.2   |  -1.9   |
| 铁路公路 | 600662 | 外服控股 | 141.1 |  20.4  | -2.1 |  -0.8   |   0.0   |
| 铁路公路 | 000828 | 东莞控股 | 105.7 |  15.5  | -2.9 |   2.3   |   4.0   |
| 铁路公路 | 600650 | 锦江在线 | 71.9  |  3.2   | -3.2 |  -1.8   |  16.5   |
+----------+--------+----------+-------+--------+------+---------+---------+
