[行业>市值]
+------------+--------+----------+--------+-------+------+---------+---------+
|    行业    |  代码  |   名称   |  市值  |  pe   | 涨幅 | 3日涨幅 | 6日涨幅 |
+------------+--------+----------+--------+-------+------+---------+---------+
| 非金属材料 | 603260 | 合盛硅业 | 1391.0 | 16.9  | 5.0  |   3.1   |  28.1   |
| 非金属材料 | 603688 | 石英股份 | 395.2  | 113.1 | 5.3  |   1.8   |   6.3   |
| 非金属材料 | 300861 | 美畅股份 | 378.3  | 33.2  | 1.9  |   0.3   |   9.1   |
| 非金属材料 | 603826 | 坤彩科技 | 305.0  | 285.8 | 2.0  |   1.1   |   1.1   |
| 非金属材料 | 600516 | 方大炭素 | 288.1  | 213.7 | 5.6  |   6.5   |   6.3   |
| 非金属材料 | 688281 | 华秦科技 | 261.1  | 110.1 | 1.0  |   1.3   |   4.1   |
| 非金属材料 | 300395 |  菲利华  | 213.9  | 59.2  | 1.8  |  -2.0   |  14.0   |
| 非金属材料 | 300035 | 中科电气 | 205.3  | 39.8  | 9.6  |   8.3   |  11.1   |
| 非金属材料 | 301071 | 力量钻石 | 200.3  | 49.5  | 0.9  |   5.1   |  16.2   |
| 非金属材料 | 300409 | 道氏技术 | 152.8  | 22.3  | 5.1  |   8.3   |  18.0   |
| 非金属材料 | 603612 | 索通发展 | 144.9  | 22.9  | 8.4  |   5.3   |  18.7   |
| 非金属材料 | 688733 |  壹石通  | 138.4  | 79.4  | 3.3  |   1.5   |   3.5   |
| 非金属材料 | 600172 | 黄河旋风 | 129.4  | 112.6 | -0.6 |   3.0   |  10.7   |
| 非金属材料 | 600330 | 天通股份 | 116.2  | 26.5  | 5.4  |   9.3   |  20.6   |
| 非金属材料 | 600783 | 鲁信创投 | 101.0  | 51.4  | -2.0 |  -1.7   |   2.2   |
| 非金属材料 | 688119 | 中钢洛耐 |  98.2  | 63.1  | -3.8 |  -1.5   |  -7.7   |
| 非金属材料 | 002130 | 沃尔核材 |  72.6  | 17.0  | 1.4  |   1.6   |   5.0   |
| 非金属材料 | 688357 | 建龙微纳 |  70.1  | 39.9  | 3.2  |   7.5   |   6.3   |
| 非金属材料 | 688300 | 联瑞新材 |  67.9  | 39.8  | 4.8  |   3.1   |   1.9   |
| 非金属材料 | 001296 | 长江材料 |  25.8  | 45.0  | 1.9  |  -3.3   |   4.0   |
| 非金属材料 | 300743 | 天地数码 |  15.8  | 53.5  | 1.5  |   1.9   |   3.1   |
| 非金属材料 | 300064 |  金刚退  |  12.2  | -2.8  | 9.8  |  11.0   |  46.4   |
+------------+--------+----------+--------+-------+------+---------+---------+
 




 [行业>单日涨幅]
+------------+--------+----------+--------+-------+------+---------+---------+
|    行业    |  代码  |   名称   |  市值  |  pe   | 涨幅 | 3日涨幅 | 6日涨幅 |
+------------+--------+----------+--------+-------+------+---------+---------+
| 非金属材料 | 300064 |  金刚退  |  12.2  | -2.8  | 9.8  |  11.0   |  46.4   |
| 非金属材料 | 300035 | 中科电气 | 205.3  | 39.8  | 9.6  |   8.3   |  11.1   |
| 非金属材料 | 603612 | 索通发展 | 144.9  | 22.9  | 8.4  |   5.3   |  18.7   |
| 非金属材料 | 600516 | 方大炭素 | 288.1  | 213.7 | 5.6  |   6.5   |   6.3   |
| 非金属材料 | 600330 | 天通股份 | 116.2  | 26.5  | 5.4  |   9.3   |  20.6   |
| 非金属材料 | 603688 | 石英股份 | 395.2  | 113.1 | 5.3  |   1.8   |   6.3   |
| 非金属材料 | 300409 | 道氏技术 | 152.8  | 22.3  | 5.1  |   8.3   |  18.0   |
| 非金属材料 | 603260 | 合盛硅业 | 1391.0 | 16.9  | 5.0  |   3.1   |  28.1   |
| 非金属材料 | 688300 | 联瑞新材 |  67.9  | 39.8  | 4.8  |   3.1   |   1.9   |
| 非金属材料 | 688733 |  壹石通  | 138.4  | 79.4  | 3.3  |   1.5   |   3.5   |
| 非金属材料 | 688357 | 建龙微纳 |  70.1  | 39.9  | 3.2  |   7.5   |   6.3   |
| 非金属材料 | 603826 | 坤彩科技 | 305.0  | 285.8 | 2.0  |   1.1   |   1.1   |
| 非金属材料 | 001296 | 长江材料 |  25.8  | 45.0  | 1.9  |  -3.3   |   4.0   |
| 非金属材料 | 300861 | 美畅股份 | 378.3  | 33.2  | 1.9  |   0.3   |   9.1   |
| 非金属材料 | 300395 |  菲利华  | 213.9  | 59.2  | 1.8  |  -2.0   |  14.0   |
| 非金属材料 | 300743 | 天地数码 |  15.8  | 53.5  | 1.5  |   1.9   |   3.1   |
| 非金属材料 | 002130 | 沃尔核材 |  72.6  | 17.0  | 1.4  |   1.6   |   5.0   |
| 非金属材料 | 688281 | 华秦科技 | 261.1  | 110.1 | 1.0  |   1.3   |   4.1   |
| 非金属材料 | 301071 | 力量钻石 | 200.3  | 49.5  | 0.9  |   5.1   |  16.2   |
| 非金属材料 | 600172 | 黄河旋风 | 129.4  | 112.6 | -0.6 |   3.0   |  10.7   |
| 非金属材料 | 600783 | 鲁信创投 | 101.0  | 51.4  | -2.0 |  -1.7   |   2.2   |
| 非金属材料 | 688119 | 中钢洛耐 |  98.2  | 63.1  | -3.8 |  -1.5   |  -7.7   |
+------------+--------+----------+--------+-------+------+---------+---------+
