[行业>市值]
+----------+--------+----------+-------+-------+------+---------+---------+
|   行业   |  代码  |   名称   | 市值  |  pe   | 涨幅 | 3日涨幅 | 6日涨幅 |
+----------+--------+----------+-------+-------+------+---------+---------+
| 专业服务 | 300012 | 华测检测 | 372.6 | 77.7  | 0.2  |  -3.1   |  -5.0   |
| 专业服务 | 003035 | 南网能源 | 245.5 | 68.6  | -0.9 |   2.7   |  -1.5   |
| 专业服务 | 301080 | 百普赛斯 | 141.2 | 66.0  | 3.6  |   6.3   |   4.2   |
| 专业服务 | 688133 | 泰坦科技 | 138.4 | 178.1 | -0.6 |   5.1   |   6.6   |
| 专业服务 | 300887 | 谱尼测试 | 124.4 | 564.3 | -0.5 |  -1.3   |   2.6   |
| 专业服务 | 002967 | 广电计量 | 104.9 | -33.0 | -2.2 |  -2.1   |  -1.7   |
| 专业服务 | 300416 | 苏试试验 | 90.9  | 78.8  | 3.5  |   1.7   |   4.4   |
| 专业服务 | 603060 | 国检集团 | 84.8  | -75.5 | -1.0 |  -1.8   |  -1.2   |
| 专业服务 | 688179 |  阿拉丁  | 71.4  | 57.6  | -1.8 |   3.7   |  -4.8   |
| 专业服务 | 603698 | 航天工程 | 67.7  | 92.4  | -1.2 |  -2.0   |  -3.9   |
| 专业服务 | 300384 | 三联虹普 | 57.7  | 24.3  | -1.0 |   0.7   |  -3.9   |
| 专业服务 | 300215 |  电科院  | 51.1  | 87.6  | -1.5 |  -0.1   |  -4.0   |
| 专业服务 | 301166 |  优宁维  | 50.8  | 58.5  | 0.5  |   1.4   |  -2.2   |
| 专业服务 | 002878 | 元隆雅图 | 43.2  | 11.7  | 0.7  |  -8.7   |   5.7   |
| 专业服务 | 300962 | 中金辐照 | 38.9  | 32.6  | -0.6 |  -1.3   |  -4.1   |
| 专业服务 | 002564 | 天沃科技 | 37.7  | 504.2 | -2.2 |  -0.9   |  -5.2   |
| 专业服务 | 300938 | 信测标准 | 35.0  | 39.1  | 1.2  |   9.9   |  13.2   |
| 专业服务 | 300797 | 钢研纳克 | 34.0  | 57.2  | -0.2 |  -1.0   |  -5.6   |
| 专业服务 | 603776 |  永安行  | 32.1  | 64.8  | -1.4 |  -7.3   |  -3.6   |
| 专业服务 | 300572 | 安车检测 | 31.4  | 51.9  | -3.3 |  -7.5   |  -11.3  |
| 专业服务 | 301257 |  普蕊斯  | 31.0  | 79.5  | 0.8  |   5.0   |   2.4   |
| 专业服务 | 301169 | 零点有数 | 28.1  | -58.5 | -3.4 |  -2.5   |  -4.8   |
| 专业服务 | 301289 | 国缆检测 | 25.4  | 37.9  | -2.3 |  -4.2   |  -9.2   |
| 专业服务 | 603183 |  建研院  | 24.5  | -60.3 | -1.4 |  -3.4   |  -4.7   |
| 专业服务 | 301228 | 实朴检测 | 24.2  | -41.9 | -0.6 |  -3.5   |  -4.6   |
| 专业服务 | 003008 | 开普检测 | 19.7  | 36.6  | 0.9  |  -0.5   |  -2.3   |
| 专业服务 | 301306 | 西测测试 |  0.0  |  0.0  | 0.0  |   0.0   |   0.0   |
+----------+--------+----------+-------+-------+------+---------+---------+
 




 [行业>单日涨幅]
+----------+--------+----------+-------+-------+------+---------+---------+
|   行业   |  代码  |   名称   | 市值  |  pe   | 涨幅 | 3日涨幅 | 6日涨幅 |
+----------+--------+----------+-------+-------+------+---------+---------+
| 专业服务 | 301080 | 百普赛斯 | 141.2 | 66.0  | 3.6  |   6.3   |   4.2   |
| 专业服务 | 300416 | 苏试试验 | 90.9  | 78.8  | 3.5  |   1.7   |   4.4   |
| 专业服务 | 300938 | 信测标准 | 35.0  | 39.1  | 1.2  |   9.9   |  13.2   |
| 专业服务 | 003008 | 开普检测 | 19.7  | 36.6  | 0.9  |  -0.5   |  -2.3   |
| 专业服务 | 301257 |  普蕊斯  | 31.0  | 79.5  | 0.8  |   5.0   |   2.4   |
| 专业服务 | 002878 | 元隆雅图 | 43.2  | 11.7  | 0.7  |  -8.7   |   5.7   |
| 专业服务 | 301166 |  优宁维  | 50.8  | 58.5  | 0.5  |   1.4   |  -2.2   |
| 专业服务 | 300012 | 华测检测 | 372.6 | 77.7  | 0.2  |  -3.1   |  -5.0   |
| 专业服务 | 301306 | 西测测试 |  0.0  |  0.0  | 0.0  |   0.0   |   0.0   |
| 专业服务 | 300797 | 钢研纳克 | 34.0  | 57.2  | -0.2 |  -1.0   |  -5.6   |
| 专业服务 | 300887 | 谱尼测试 | 124.4 | 564.3 | -0.5 |  -1.3   |   2.6   |
| 专业服务 | 688133 | 泰坦科技 | 138.4 | 178.1 | -0.6 |   5.1   |   6.6   |
| 专业服务 | 301228 | 实朴检测 | 24.2  | -41.9 | -0.6 |  -3.5   |  -4.6   |
| 专业服务 | 300962 | 中金辐照 | 38.9  | 32.6  | -0.6 |  -1.3   |  -4.1   |
| 专业服务 | 003035 | 南网能源 | 245.5 | 68.6  | -0.9 |   2.7   |  -1.5   |
| 专业服务 | 603060 | 国检集团 | 84.8  | -75.5 | -1.0 |  -1.8   |  -1.2   |
| 专业服务 | 300384 | 三联虹普 | 57.7  | 24.3  | -1.0 |   0.7   |  -3.9   |
| 专业服务 | 603698 | 航天工程 | 67.7  | 92.4  | -1.2 |  -2.0   |  -3.9   |
| 专业服务 | 603776 |  永安行  | 32.1  | 64.8  | -1.4 |  -7.3   |  -3.6   |
| 专业服务 | 603183 |  建研院  | 24.5  | -60.3 | -1.4 |  -3.4   |  -4.7   |
| 专业服务 | 300215 |  电科院  | 51.1  | 87.6  | -1.5 |  -0.1   |  -4.0   |
| 专业服务 | 688179 |  阿拉丁  | 71.4  | 57.6  | -1.8 |   3.7   |  -4.8   |
| 专业服务 | 002967 | 广电计量 | 104.9 | -33.0 | -2.2 |  -2.1   |  -1.7   |
| 专业服务 | 002564 | 天沃科技 | 37.7  | 504.2 | -2.2 |  -0.9   |  -5.2   |
| 专业服务 | 301289 | 国缆检测 | 25.4  | 37.9  | -2.3 |  -4.2   |  -9.2   |
| 专业服务 | 300572 | 安车检测 | 31.4  | 51.9  | -3.3 |  -7.5   |  -11.3  |
| 专业服务 | 301169 | 零点有数 | 28.1  | -58.5 | -3.4 |  -2.5   |  -4.8   |
+----------+--------+----------+-------+-------+------+---------+---------+
