[行业>市值]
+------+--------+----------+--------+------+------+---------+---------+
| 行业 |  代码  |   名称   |  市值  |  pe  | 涨幅 | 3日涨幅 | 6日涨幅 |
+------+--------+----------+--------+------+------+---------+---------+
| 保险 | 601628 | 中国人寿 | 8621.0 | 14.2 | -1.1 |  -1.6   |   0.3   |
| 保险 | 601318 | 中国平安 | 8381.0 | 10.1 | -1.6 |  -1.0   |  -2.2   |
| 保险 | 601601 | 中国太保 | 2227.0 | 10.2 | -0.9 |  -1.3   |  -1.0   |
| 保险 | 601319 | 中国人保 | 2189.0 | 6.3  | -1.2 |  -1.4   |  -2.9   |
| 保险 | 601336 | 新华保险 | 982.0  | 18.3 | -1.7 |  -1.8   |  -2.0   |
| 保险 | 000627 | 天茂集团 | 164.5  | 27.9 | -2.9 |  -2.4   |  -5.4   |
+------+--------+----------+--------+------+------+---------+---------+
 




 [行业>单日涨幅]
+------+--------+----------+--------+------+------+---------+---------+
| 行业 |  代码  |   名称   |  市值  |  pe  | 涨幅 | 3日涨幅 | 6日涨幅 |
+------+--------+----------+--------+------+------+---------+---------+
| 保险 | 601601 | 中国太保 | 2227.0 | 10.2 | -0.9 |  -1.3   |  -1.0   |
| 保险 | 601628 | 中国人寿 | 8621.0 | 14.2 | -1.1 |  -1.6   |   0.3   |
| 保险 | 601319 | 中国人保 | 2189.0 | 6.3  | -1.2 |  -1.4   |  -2.9   |
| 保险 | 601318 | 中国平安 | 8381.0 | 10.1 | -1.6 |  -1.0   |  -2.2   |
| 保险 | 601336 | 新华保险 | 982.0  | 18.3 | -1.7 |  -1.8   |  -2.0   |
| 保险 | 000627 | 天茂集团 | 164.5  | 27.9 | -2.9 |  -2.4   |  -5.4   |
+------+--------+----------+--------+------+------+---------+---------+
