[行业>市值]
+----------+--------+----------+-------+--------+------+---------+---------+
|   行业   |  代码  |   名称   | 市值  |   pe   | 涨幅 | 3日涨幅 | 6日涨幅 |
+----------+--------+----------+-------+--------+------+---------+---------+
| 包装材料 | 002191 | 劲嘉股份 | 142.1 |  11.7  | -0.9 |  -0.6   |  -6.9   |
| 包装材料 | 002701 |  奥瑞金  | 132.0 |  16.0  | -0.4 |  -0.8   |  -2.8   |
| 包装材料 | 600210 | 紫江企业 | 96.0  |  19.8  | -1.9 |  -0.8   |  -8.1   |
| 包装材料 | 601968 | 宝钢包装 | 91.0  |  35.5  | 4.4  |   5.4   |   7.5   |
| 包装材料 | 601515 | 东风股份 | 85.0  |  17.5  | -1.5 |   0.4   |  -3.8   |
| 包装材料 | 002735 | 王子新材 | 54.4  |  33.3  | 10.0 |  23.7   |  23.1   |
| 包装材料 | 002303 |  美盈森  | 50.7  |  30.8  | -2.1 |  -3.2   |  -5.4   |
| 包装材料 | 301062 | 上海艾录 | 49.9  |  39.2  | -0.8 |   5.4   |   6.4   |
| 包装材料 | 002565 | 顺灏股份 | 49.4  | -427.3 | -2.1 |  -4.1   |  -10.6  |
| 包装材料 | 600836 | 上海易连 | 46.9  | 538.4  | 4.5  |   3.4   |   1.3   |
| 包装材料 | 002752 | 昇兴股份 | 46.4  |  24.7  | -1.7 |  -2.7   |  -0.6   |
| 包装材料 | 002228 | 合兴包装 | 44.3  |  21.2  | 0.0  |  -0.3   |  -6.3   |
| 包装材料 | 000659 | 珠海中富 | 44.0  | -56.5  | 3.0  |  10.7   |   8.2   |
| 包装材料 | 000812 | 陕西金叶 | 43.2  | 166.1  | -3.1 |  -3.6   |  -8.3   |
| 包装材料 | 603687 |  大胜达  | 42.5  |  43.6  | 0.7  |   2.5   |   6.2   |
| 包装材料 | 002014 | 永新股份 | 40.8  |  15.6  | -0.1 |  -1.1   |  -1.1   |
| 包装材料 | 002969 | 嘉美包装 | 38.8  | 165.3  | -1.9 |  -3.4   |  -2.4   |
| 包装材料 | 002951 | 金时科技 | 35.7  | 931.3  | -1.7 |  -10.7  |  -6.5   |
| 包装材料 | 002799 | 环球印务 | 28.3  |  25.8  | 0.3  |  -0.2   |  -1.7   |
| 包装材料 | 300501 | 海顺新材 | 28.3  |  27.8  | -0.9 |  -3.0   |  -6.5   |
| 包装材料 | 002599 | 盛通股份 | 25.9  | -26.1  | -0.6 |  -1.4   |  -5.7   |
| 包装材料 | 002846 | 英联股份 | 20.3  | -95.6  | 0.6  |   0.9   |  -2.1   |
| 包装材料 | 002787 | 华源控股 | 18.2  | 141.9  | -0.2 |  -1.2   |  -1.2   |
| 包装材料 | 603022 |  新通联  | 17.8  |  55.6  | -2.2 |  -1.4   |  -2.1   |
| 包装材料 | 003003 | 天元股份 | 15.8  | 1353.1 | -0.5 |  -2.8   |  -4.7   |
+----------+--------+----------+-------+--------+------+---------+---------+
 




 [行业>单日涨幅]
+----------+--------+----------+-------+--------+------+---------+---------+
|   行业   |  代码  |   名称   | 市值  |   pe   | 涨幅 | 3日涨幅 | 6日涨幅 |
+----------+--------+----------+-------+--------+------+---------+---------+
| 包装材料 | 002735 | 王子新材 | 54.4  |  33.3  | 10.0 |  23.7   |  23.1   |
| 包装材料 | 600836 | 上海易连 | 46.9  | 538.4  | 4.5  |   3.4   |   1.3   |
| 包装材料 | 601968 | 宝钢包装 | 91.0  |  35.5  | 4.4  |   5.4   |   7.5   |
| 包装材料 | 000659 | 珠海中富 | 44.0  | -56.5  | 3.0  |  10.7   |   8.2   |
| 包装材料 | 603687 |  大胜达  | 42.5  |  43.6  | 0.7  |   2.5   |   6.2   |
| 包装材料 | 002846 | 英联股份 | 20.3  | -95.6  | 0.6  |   0.9   |  -2.1   |
| 包装材料 | 002799 | 环球印务 | 28.3  |  25.8  | 0.3  |  -0.2   |  -1.7   |
| 包装材料 | 002228 | 合兴包装 | 44.3  |  21.2  | 0.0  |  -0.3   |  -6.3   |
| 包装材料 | 002014 | 永新股份 | 40.8  |  15.6  | -0.1 |  -1.1   |  -1.1   |
| 包装材料 | 002787 | 华源控股 | 18.2  | 141.9  | -0.2 |  -1.2   |  -1.2   |
| 包装材料 | 002701 |  奥瑞金  | 132.0 |  16.0  | -0.4 |  -0.8   |  -2.8   |
| 包装材料 | 003003 | 天元股份 | 15.8  | 1353.1 | -0.5 |  -2.8   |  -4.7   |
| 包装材料 | 002599 | 盛通股份 | 25.9  | -26.1  | -0.6 |  -1.4   |  -5.7   |
| 包装材料 | 301062 | 上海艾录 | 49.9  |  39.2  | -0.8 |   5.4   |   6.4   |
| 包装材料 | 002191 | 劲嘉股份 | 142.1 |  11.7  | -0.9 |  -0.6   |  -6.9   |
| 包装材料 | 300501 | 海顺新材 | 28.3  |  27.8  | -0.9 |  -3.0   |  -6.5   |
| 包装材料 | 601515 | 东风股份 | 85.0  |  17.5  | -1.5 |   0.4   |  -3.8   |
| 包装材料 | 002752 | 昇兴股份 | 46.4  |  24.7  | -1.7 |  -2.7   |  -0.6   |
| 包装材料 | 002951 | 金时科技 | 35.7  | 931.3  | -1.7 |  -10.7  |  -6.5   |
| 包装材料 | 600210 | 紫江企业 | 96.0  |  19.8  | -1.9 |  -0.8   |  -8.1   |
| 包装材料 | 002969 | 嘉美包装 | 38.8  | 165.3  | -1.9 |  -3.4   |  -2.4   |
| 包装材料 | 002303 |  美盈森  | 50.7  |  30.8  | -2.1 |  -3.2   |  -5.4   |
| 包装材料 | 002565 | 顺灏股份 | 49.4  | -427.3 | -2.1 |  -4.1   |  -10.6  |
| 包装材料 | 603022 |  新通联  | 17.8  |  55.6  | -2.2 |  -1.4   |  -2.1   |
| 包装材料 | 000812 | 陕西金叶 | 43.2  | 166.1  | -3.1 |  -3.6   |  -8.3   |
+----------+--------+----------+-------+--------+------+---------+---------+
