[行业>市值]
+----------+--------+----------+--------+-------+------+---------+---------+
|   行业   |  代码  |   名称   |  市值  |  pe   | 涨幅 | 3日涨幅 | 6日涨幅 |
+----------+--------+----------+--------+-------+------+---------+---------+
| 化肥行业 | 000792 | 盐湖股份 | 1760.0 | 12.6  | 0.6  |   5.2   |   2.9   |
| 化肥行业 | 600096 |  云天化  | 599.4  |  9.1  | -9.4 |  -0.8   |   2.6   |
| 化肥行业 | 000408 | 藏格矿业 | 583.2  | 17.9  | -1.2 |   4.3   |   9.8   |
| 化肥行业 | 600141 | 兴发集团 | 498.1  |  7.2  | -4.7 |  -2.9   |   3.4   |
| 化肥行业 | 002312 | 川发龙蟒 | 285.4  | 26.1  | -7.3 |  -9.6   |  -6.2   |
| 化肥行业 | 000893 | 亚钾国际 | 267.3  | 23.9  | -4.5 |  -0.2   |   0.6   |
| 化肥行业 | 000902 |  新洋丰  | 236.6  | 14.5  | -6.3 |   5.4   |   6.1   |
| 化肥行业 | 002895 | 川恒股份 | 178.3  | 42.8  | -9.1 |   0.1   |   4.5   |
| 化肥行业 | 002539 | 云图控股 | 167.6  |  9.0  | -6.5 |  -1.1   |   0.0   |
| 化肥行业 | 603938 | 三孚股份 | 142.1  | 23.6  | -4.0 |   3.6   |   2.2   |
| 化肥行业 | 002556 | 辉隆股份 | 108.5  | 12.9  | -3.3 |  -0.9   |  -1.6   |
| 化肥行业 | 600691 | 阳煤化工 |  96.7  | 26.1  | -4.0 |   0.5   |  -2.4   |
| 化肥行业 | 002538 |  司尔特  |  96.1  | 15.6  | -7.9 |  -0.4   |   8.0   |
| 化肥行业 | 002274 | 华昌化工 |  90.0  |  9.2  | -6.0 |  -4.1   |  -5.9   |
| 化肥行业 | 002588 |  史丹利  |  85.0  | 14.2  | -3.3 |   4.0   |  14.7   |
| 化肥行业 | 000912 |  泸天化  |  82.8  | 14.8  | -5.0 |  -0.9   |  -2.4   |
| 化肥行业 | 600078 | *ST澄星  |  82.4  | 30.5  | 1.1  |   6.0   |  14.7   |
| 化肥行业 | 002470 |  ST金正  |  76.6  | -73.5 | -2.5 |   5.4   |   7.9   |
| 化肥行业 | 300505 |  川金诺  |  71.5  | 29.9  | -8.7 |  -3.3   |   9.5   |
| 化肥行业 | 002170 | 芭田股份 |  59.6  | 68.6  | -4.5 |  -1.8   |   4.7   |
| 化肥行业 | 000731 | 四川美丰 |  54.9  |  7.7  | -4.5 |   0.9   |   1.1   |
| 化肥行业 | 600470 | 六国化工 |  45.0  | 16.9  | -0.2 |  12.7   |  12.1   |
| 化肥行业 | 002999 | 天禾股份 |  24.7  | 44.2  | -4.8 |  -3.8   |  -4.6   |
| 化肥行业 | 300387 | 富邦股份 |  20.8  | 38.6  | -2.3 |   2.0   |   2.4   |
+----------+--------+----------+--------+-------+------+---------+---------+
 




 [行业>单日涨幅]
+----------+--------+----------+--------+-------+------+---------+---------+
|   行业   |  代码  |   名称   |  市值  |  pe   | 涨幅 | 3日涨幅 | 6日涨幅 |
+----------+--------+----------+--------+-------+------+---------+---------+
| 化肥行业 | 600078 | *ST澄星  |  82.4  | 30.5  | 1.1  |   6.0   |  14.7   |
| 化肥行业 | 000792 | 盐湖股份 | 1760.0 | 12.6  | 0.6  |   5.2   |   2.9   |
| 化肥行业 | 600470 | 六国化工 |  45.0  | 16.9  | -0.2 |  12.7   |  12.1   |
| 化肥行业 | 000408 | 藏格矿业 | 583.2  | 17.9  | -1.2 |   4.3   |   9.8   |
| 化肥行业 | 300387 | 富邦股份 |  20.8  | 38.6  | -2.3 |   2.0   |   2.4   |
| 化肥行业 | 002470 |  ST金正  |  76.6  | -73.5 | -2.5 |   5.4   |   7.9   |
| 化肥行业 | 002588 |  史丹利  |  85.0  | 14.2  | -3.3 |   4.0   |  14.7   |
| 化肥行业 | 002556 | 辉隆股份 | 108.5  | 12.9  | -3.3 |  -0.9   |  -1.6   |
| 化肥行业 | 603938 | 三孚股份 | 142.1  | 23.6  | -4.0 |   3.6   |   2.2   |
| 化肥行业 | 600691 | 阳煤化工 |  96.7  | 26.1  | -4.0 |   0.5   |  -2.4   |
| 化肥行业 | 000731 | 四川美丰 |  54.9  |  7.7  | -4.5 |   0.9   |   1.1   |
| 化肥行业 | 000893 | 亚钾国际 | 267.3  | 23.9  | -4.5 |  -0.2   |   0.6   |
| 化肥行业 | 002170 | 芭田股份 |  59.6  | 68.6  | -4.5 |  -1.8   |   4.7   |
| 化肥行业 | 600141 | 兴发集团 | 498.1  |  7.2  | -4.7 |  -2.9   |   3.4   |
| 化肥行业 | 002999 | 天禾股份 |  24.7  | 44.2  | -4.8 |  -3.8   |  -4.6   |
| 化肥行业 | 000912 |  泸天化  |  82.8  | 14.8  | -5.0 |  -0.9   |  -2.4   |
| 化肥行业 | 002274 | 华昌化工 |  90.0  |  9.2  | -6.0 |  -4.1   |  -5.9   |
| 化肥行业 | 000902 |  新洋丰  | 236.6  | 14.5  | -6.3 |   5.4   |   6.1   |
| 化肥行业 | 002539 | 云图控股 | 167.6  |  9.0  | -6.5 |  -1.1   |   0.0   |
| 化肥行业 | 002312 | 川发龙蟒 | 285.4  | 26.1  | -7.3 |  -9.6   |  -6.2   |
| 化肥行业 | 002538 |  司尔特  |  96.1  | 15.6  | -7.9 |  -0.4   |   8.0   |
| 化肥行业 | 300505 |  川金诺  |  71.5  | 29.9  | -8.7 |  -3.3   |   9.5   |
| 化肥行业 | 002895 | 川恒股份 | 178.3  | 42.8  | -9.1 |   0.1   |   4.5   |
| 化肥行业 | 600096 |  云天化  | 599.4  |  9.1  | -9.4 |  -0.8   |   2.6   |
+----------+--------+----------+--------+-------+------+---------+---------+
