[行业>市值]
+----------+--------+----------+-------+--------+------+---------+---------+
|   行业   |  代码  |   名称   | 市值  |   pe   | 涨幅 | 3日涨幅 | 6日涨幅 |
+----------+--------+----------+-------+--------+------+---------+---------+
| 多元金融 | 000617 | 中油资本 | 586.6 |  8.5   | -1.9 |  -2.7   |  -4.3   |
| 多元金融 | 000987 | 越秀金控 | 329.1 |  14.1  | -2.2 |  -4.2   |  -4.8   |
| 多元金融 | 600705 | 中航产融 | 304.2 | 663.9  | -1.2 |  -1.4   |  -2.9   |
| 多元金融 | 600927 | 永安期货 | 282.1 | 216.4  | -1.0 |  -2.2   |  -5.9   |
| 多元金融 | 600816 |  ST安信  | 228.6 | -12.0  | -0.7 |   1.0   |  -1.9   |
| 多元金融 | 600390 | 五矿资本 | 215.5 |  7.6   | -1.6 |  -2.2   |  -3.4   |
| 多元金融 | 600901 | 江苏租赁 | 152.3 |  6.2   | -1.0 |  -2.7   |  -2.3   |
| 多元金融 | 002423 | 中粮资本 | 152.1 | -11.1  | -0.9 |  -0.3   |  -3.6   |
| 多元金融 | 000567 | 海德股份 | 140.2 |  27.5  | -1.7 |   1.0   |  -1.8   |
| 多元金融 | 000415 | 渤海租赁 | 134.8 |  -4.6  | -1.8 |  -0.9   |  -1.8   |
| 多元金融 | 000563 | 陕国投Ａ  | 120.1 |  17.1  | -1.3 |  -2.6   |  -4.4   |
| 多元金融 | 600120 | 浙江东方 | 112.4 |  70.3  | -0.8 |  -3.0   |  -3.2   |
| 多元金融 | 600643 | 爱建集团 | 92.9  |  7.8   | -1.9 |  -3.0   |  -4.3   |
| 多元金融 | 000046 | 泛海控股 | 75.9  |  -2.4  | -1.4 |  -2.0   |  -4.0   |
| 多元金融 | 002961 | 瑞达期货 | 75.1  |  19.7  | -1.1 |  -3.4   |  -5.5   |
| 多元金融 | 600053 | 九鼎投资 | 69.4  |  39.1  | -0.6 |  -1.3   |  -6.4   |
| 多元金融 | 603093 | 南华期货 | 61.7  |  54.9  | -0.7 |  -2.4   |  -5.8   |
| 多元金融 | 000666 | 经纬纺机 | 60.7  |  11.2  | -1.6 |  -3.6   |  -4.4   |
| 多元金融 | 600318 | 新力金融 | 36.7  | 399.8  | -1.5 |  -2.2   |  -8.7   |
| 多元金融 | 002647 | 仁东控股 | 36.6  | -44.3  | -2.7 |  -2.1   |  -5.2   |
| 多元金融 | 600830 | 香溢融通 | 24.6  |  51.2  | -1.6 |  -3.0   |  -6.1   |
| 多元金融 | 000416 | 民生控股 | 20.2  | -108.7 | 0.5  |  -1.0   |  -3.1   |
| 多元金融 | 001236 | 弘业期货 | 16.9  |  59.8  | 0.0  |   0.0   |   0.0   |
| 多元金融 | 300309 | *ST吉艾  | 15.6  |  -3.5  | 5.4  |   9.3   |   0.6   |
| 多元金融 | 600599 |  ST熊猫  | 15.2  |  10.5  | -0.7 |  -2.9   |  -3.6   |
| 多元金融 | 600139 | *ST西源  | 15.2  | -10.3  | 1.3  |   4.1   |  -4.2   |
+----------+--------+----------+-------+--------+------+---------+---------+
 




 [行业>单日涨幅]
+----------+--------+----------+-------+--------+------+---------+---------+
|   行业   |  代码  |   名称   | 市值  |   pe   | 涨幅 | 3日涨幅 | 6日涨幅 |
+----------+--------+----------+-------+--------+------+---------+---------+
| 多元金融 | 300309 | *ST吉艾  | 15.6  |  -3.5  | 5.4  |   9.3   |   0.6   |
| 多元金融 | 600139 | *ST西源  | 15.2  | -10.3  | 1.3  |   4.1   |  -4.2   |
| 多元金融 | 000416 | 民生控股 | 20.2  | -108.7 | 0.5  |  -1.0   |  -3.1   |
| 多元金融 | 001236 | 弘业期货 | 16.9  |  59.8  | 0.0  |   0.0   |   0.0   |
| 多元金融 | 600053 | 九鼎投资 | 69.4  |  39.1  | -0.6 |  -1.3   |  -6.4   |
| 多元金融 | 600599 |  ST熊猫  | 15.2  |  10.5  | -0.7 |  -2.9   |  -3.6   |
| 多元金融 | 603093 | 南华期货 | 61.7  |  54.9  | -0.7 |  -2.4   |  -5.8   |
| 多元金融 | 600816 |  ST安信  | 228.6 | -12.0  | -0.7 |   1.0   |  -1.9   |
| 多元金融 | 600120 | 浙江东方 | 112.4 |  70.3  | -0.8 |  -3.0   |  -3.2   |
| 多元金融 | 002423 | 中粮资本 | 152.1 | -11.1  | -0.9 |  -0.3   |  -3.6   |
| 多元金融 | 600901 | 江苏租赁 | 152.3 |  6.2   | -1.0 |  -2.7   |  -2.3   |
| 多元金融 | 600927 | 永安期货 | 282.1 | 216.4  | -1.0 |  -2.2   |  -5.9   |
| 多元金融 | 002961 | 瑞达期货 | 75.1  |  19.7  | -1.1 |  -3.4   |  -5.5   |
| 多元金融 | 600705 | 中航产融 | 304.2 | 663.9  | -1.2 |  -1.4   |  -2.9   |
| 多元金融 | 000563 | 陕国投Ａ  | 120.1 |  17.1  | -1.3 |  -2.6   |  -4.4   |
| 多元金融 | 000046 | 泛海控股 | 75.9  |  -2.4  | -1.4 |  -2.0   |  -4.0   |
| 多元金融 | 600318 | 新力金融 | 36.7  | 399.8  | -1.5 |  -2.2   |  -8.7   |
| 多元金融 | 000666 | 经纬纺机 | 60.7  |  11.2  | -1.6 |  -3.6   |  -4.4   |
| 多元金融 | 600390 | 五矿资本 | 215.5 |  7.6   | -1.6 |  -2.2   |  -3.4   |
| 多元金融 | 600830 | 香溢融通 | 24.6  |  51.2  | -1.6 |  -3.0   |  -6.1   |
| 多元金融 | 000567 | 海德股份 | 140.2 |  27.5  | -1.7 |   1.0   |  -1.8   |
| 多元金融 | 000415 | 渤海租赁 | 134.8 |  -4.6  | -1.8 |  -0.9   |  -1.8   |
| 多元金融 | 600643 | 爱建集团 | 92.9  |  7.8   | -1.9 |  -3.0   |  -4.3   |
| 多元金融 | 000617 | 中油资本 | 586.6 |  8.5   | -1.9 |  -2.7   |  -4.3   |
| 多元金融 | 000987 | 越秀金控 | 329.1 |  14.1  | -2.2 |  -4.2   |  -4.8   |
| 多元金融 | 002647 | 仁东控股 | 36.6  | -44.3  | -2.7 |  -2.1   |  -5.2   |
+----------+--------+----------+-------+--------+------+---------+---------+
