[行业>市值]
+----------+--------+----------+--------+--------+------+---------+---------+
|   行业   |  代码  |   名称   |  市值  |   pe   | 涨幅 | 3日涨幅 | 6日涨幅 |
+----------+--------+----------+--------+--------+------+---------+---------+
| 工程机械 | 600031 | 三一重工 | 1587.0 |  24.9  | -3.7 |  -5.8   |   0.3   |
| 工程机械 | 601100 | 恒立液压 | 726.6  |  34.4  | -6.3 |  -11.4  |  -7.8   |
| 工程机械 | 000157 | 中联重科 | 544.1  |  15.0  | -1.1 |  -2.9   |   1.8   |
| 工程机械 | 000425 | 徐工机械 | 421.5  |  7.5   | -2.0 |  -2.9   |  -1.3   |
| 工程机械 | 603338 | 浙江鼎力 | 245.4  |  31.4  | 0.8  |  -5.3   |  -4.6   |
| 工程机械 | 688425 | 铁建重工 | 215.5  |  14.3  | -1.0 |  -2.6   |  -1.9   |
| 工程机械 | 603638 | 艾迪精密 | 169.4  |  58.5  | -5.1 |  -2.1   |  -3.5   |
| 工程机械 | 603298 | 杭叉集团 | 130.6  |  17.2  | -2.6 |  -5.3   |  -5.5   |
| 工程机械 | 000528 |   柳工   | 126.9  |  12.5  | -1.2 |  -3.3   |  -1.8   |
| 工程机械 | 002204 | 大连重工 | 123.6  |  44.2  | 10.0 |  33.1   |  38.2   |
| 工程机械 | 600761 | 安徽合力 |  87.1  |  11.2  | -1.0 |  -6.4   |   0.7   |
| 工程机械 | 000680 | 山推股份 |  80.0  |  5.5   | -3.6 |  -6.8   |   4.9   |
| 工程机械 | 600984 | 建设机械 |  78.2  | -36.2  | -2.2 |  -6.6   |   1.3   |
| 工程机械 | 605305 | 中际联合 |  75.0  |  42.5  | 0.9  |   0.2   |  -6.7   |
| 工程机械 | 002097 | 山河智能 |  73.8  | -37.7  | -0.7 |  -4.0   |  -1.0   |
| 工程机械 | 601226 | 华电重工 |  63.2  | -14.5  | 7.8  |   7.5   |   5.9   |
| 工程机械 | 600375 | 汉马科技 |  59.0  |  -9.1  | 0.7  |  -3.7   |  -11.2  |
| 工程机械 | 600817 | 宇通重工 |  54.9  |  16.2  | -1.3 |  -3.8   |  -1.1   |
| 工程机械 | 300718 | 长盛轴承 |  54.1  |  44.7  | 0.2  |  11.7   |  16.0   |
| 工程机械 | 600815 | 厦工股份 |  52.3  | -684.4 | -2.0 |  -3.9   |   2.8   |
| 工程机械 | 603611 | 诺力股份 |  44.6  |  15.4  | -1.9 |  -6.2   |  -5.7   |
| 工程机械 | 605389 | 长龄液压 |  36.2  |  21.4  | -1.8 |  -3.0   |  -3.9   |
| 工程机械 | 301040 | 中环海陆 |  28.6  |  41.9  | 0.0  |  -4.7   |  -10.3  |
| 工程机械 | 001288 | 运机集团 |  25.3  |  30.0  | 2.5  |  -1.9   |   2.6   |
| 工程机械 | 002272 | 川润股份 |  24.1  |  62.0  | -2.1 |  -8.3   |  -3.2   |
| 工程机械 | 300201 | *ST海伦  |  21.9  |  16.7  | 4.5  |   2.4   |   1.9   |
| 工程机械 | 300022 | 吉峰科技 |  17.3  | -208.0 | -1.9 |  -3.2   |  -6.4   |
+----------+--------+----------+--------+--------+------+---------+---------+
 




 [行业>单日涨幅]
+----------+--------+----------+--------+--------+------+---------+---------+
|   行业   |  代码  |   名称   |  市值  |   pe   | 涨幅 | 3日涨幅 | 6日涨幅 |
+----------+--------+----------+--------+--------+------+---------+---------+
| 工程机械 | 002204 | 大连重工 | 123.6  |  44.2  | 10.0 |  33.1   |  38.2   |
| 工程机械 | 601226 | 华电重工 |  63.2  | -14.5  | 7.8  |   7.5   |   5.9   |
| 工程机械 | 300201 | *ST海伦  |  21.9  |  16.7  | 4.5  |   2.4   |   1.9   |
| 工程机械 | 001288 | 运机集团 |  25.3  |  30.0  | 2.5  |  -1.9   |   2.6   |
| 工程机械 | 605305 | 中际联合 |  75.0  |  42.5  | 0.9  |   0.2   |  -6.7   |
| 工程机械 | 603338 | 浙江鼎力 | 245.4  |  31.4  | 0.8  |  -5.3   |  -4.6   |
| 工程机械 | 600375 | 汉马科技 |  59.0  |  -9.1  | 0.7  |  -3.7   |  -11.2  |
| 工程机械 | 300718 | 长盛轴承 |  54.1  |  44.7  | 0.2  |  11.7   |  16.0   |
| 工程机械 | 301040 | 中环海陆 |  28.6  |  41.9  | 0.0  |  -4.7   |  -10.3  |
| 工程机械 | 002097 | 山河智能 |  73.8  | -37.7  | -0.7 |  -4.0   |  -1.0   |
| 工程机械 | 688425 | 铁建重工 | 215.5  |  14.3  | -1.0 |  -2.6   |  -1.9   |
| 工程机械 | 600761 | 安徽合力 |  87.1  |  11.2  | -1.0 |  -6.4   |   0.7   |
| 工程机械 | 000157 | 中联重科 | 544.1  |  15.0  | -1.1 |  -2.9   |   1.8   |
| 工程机械 | 000528 |   柳工   | 126.9  |  12.5  | -1.2 |  -3.3   |  -1.8   |
| 工程机械 | 600817 | 宇通重工 |  54.9  |  16.2  | -1.3 |  -3.8   |  -1.1   |
| 工程机械 | 605389 | 长龄液压 |  36.2  |  21.4  | -1.8 |  -3.0   |  -3.9   |
| 工程机械 | 603611 | 诺力股份 |  44.6  |  15.4  | -1.9 |  -6.2   |  -5.7   |
| 工程机械 | 300022 | 吉峰科技 |  17.3  | -208.0 | -1.9 |  -3.2   |  -6.4   |
| 工程机械 | 600815 | 厦工股份 |  52.3  | -684.4 | -2.0 |  -3.9   |   2.8   |
| 工程机械 | 000425 | 徐工机械 | 421.5  |  7.5   | -2.0 |  -2.9   |  -1.3   |
| 工程机械 | 002272 | 川润股份 |  24.1  |  62.0  | -2.1 |  -8.3   |  -3.2   |
| 工程机械 | 600984 | 建设机械 |  78.2  | -36.2  | -2.2 |  -6.6   |   1.3   |
| 工程机械 | 603298 | 杭叉集团 | 130.6  |  17.2  | -2.6 |  -5.3   |  -5.5   |
| 工程机械 | 000680 | 山推股份 |  80.0  |  5.5   | -3.6 |  -6.8   |   4.9   |
| 工程机械 | 600031 | 三一重工 | 1587.0 |  24.9  | -3.7 |  -5.8   |   0.3   |
| 工程机械 | 603638 | 艾迪精密 | 169.4  |  58.5  | -5.1 |  -2.1   |  -3.5   |
| 工程机械 | 601100 | 恒立液压 | 726.6  |  34.4  | -6.3 |  -11.4  |  -7.8   |
+----------+--------+----------+--------+--------+------+---------+---------+
