[行业>市值]
+----------+--------+----------+-------+--------+------+---------+---------+
|   行业   |  代码  |   名称   | 市值  |   pe   | 涨幅 | 3日涨幅 | 6日涨幅 |
+----------+--------+----------+-------+--------+------+---------+---------+
| 橡胶制品 | 601966 | 玲珑轮胎 | 393.6 | -107.1 | 6.3  |   6.1   |  -0.8   |
| 橡胶制品 | 601058 | 赛轮轮胎 | 338.2 |  26.3  | 1.3  |   3.9   |  -9.6   |
| 橡胶制品 | 002984 |  森麒麟  | 200.7 |  21.5  | 0.3  |   3.2   |  -6.6   |
| 橡胶制品 | 601118 | 海南橡胶 | 199.0 | -175.7 | -2.1 |  -2.3   |  -1.5   |
| 橡胶制品 | 603650 | 彤程新材 | 182.5 |  63.4  | 0.4  |  -5.1   |  -3.6   |
| 橡胶制品 | 603033 | 三维股份 | 176.8 |  90.8  | -0.7 |  -1.3   |  -0.7   |
| 橡胶制品 | 300587 | 天铁股份 | 151.7 |  32.7  | 3.1  |  11.9   |  19.5   |
| 橡胶制品 | 002068 | 黑猫股份 | 130.3 | -312.5 | -1.1 |  14.7   |  15.5   |
| 橡胶制品 | 300767 | 震安科技 | 129.4 |  99.4  | -2.0 |  -7.0   |  -5.5   |
| 橡胶制品 | 601163 | 三角轮胎 | 91.5  |  39.2  | -1.2 |  -1.3   |  -5.5   |
| 橡胶制品 | 300320 | 海达股份 | 85.7  |  53.2  | 2.2  |  -4.6   |  -5.2   |
| 橡胶制品 | 605183 | 确成股份 | 79.8  |  23.8  | -2.3 |  -1.6   |  -4.3   |
| 橡胶制品 | 000589 | 贵州轮胎 | 49.6  |  22.0  | -0.5 |  -0.9   |  -7.3   |
| 橡胶制品 | 601500 | 通用股份 | 47.9  | 161.6  | 0.5  |   0.0   |  -3.9   |
| 橡胶制品 | 600182 | S*ST佳通 | 47.4  | 294.9  | 0.4  |  -0.3   |   2.5   |
| 橡胶制品 | 300121 | 阳谷华泰 | 40.8  |  9.0   | -2.4 |  -0.2   |  -1.5   |
| 橡胶制品 | 300547 | 川环科技 | 37.1  |  44.0  | 1.9  |   0.5   |  -3.5   |
| 橡胶制品 | 002753 | 永东股份 | 34.1  |  80.7  | -4.6 |  -3.8   |  -12.2  |
| 橡胶制品 | 002224 |  三力士  | 33.4  | -154.2 | -1.5 |  -1.3   |  -4.6   |
| 橡胶制品 | 600469 | 风神股份 | 33.4  | -20.2  | -1.9 |  -5.0   |  -8.4   |
| 橡胶制品 | 000599 | 青岛双星 | 31.6  |  -5.4  | -1.5 |  -3.0   |  -6.5   |
| 橡胶制品 | 001207 | 联科科技 | 29.9  |  31.5  | -1.4 |  -5.5   |  -3.0   |
| 橡胶制品 | 301233 |  N盛帮   | 29.4  |  50.0  | 37.6 |  37.6   |  37.6   |
| 橡胶制品 | 300731 | 科创新源 | 28.4  | -63.6  | -0.9 |  -9.1   |  -18.9  |
| 橡胶制品 | 002442 | 龙星化工 | 26.9  |  58.9  | -2.8 |  -1.3   |  -3.4   |
| 橡胶制品 | 002381 | 双箭股份 | 25.9  |  20.0  | -1.1 |  -1.2   |  -1.7   |
+----------+--------+----------+-------+--------+------+---------+---------+
 




 [行业>单日涨幅]
+----------+--------+----------+-------+--------+------+---------+---------+
|   行业   |  代码  |   名称   | 市值  |   pe   | 涨幅 | 3日涨幅 | 6日涨幅 |
+----------+--------+----------+-------+--------+------+---------+---------+
| 橡胶制品 | 301233 |  N盛帮   | 29.4  |  50.0  | 37.6 |  37.6   |  37.6   |
| 橡胶制品 | 601966 | 玲珑轮胎 | 393.6 | -107.1 | 6.3  |   6.1   |  -0.8   |
| 橡胶制品 | 300587 | 天铁股份 | 151.7 |  32.7  | 3.1  |  11.9   |  19.5   |
| 橡胶制品 | 300320 | 海达股份 | 85.7  |  53.2  | 2.2  |  -4.6   |  -5.2   |
| 橡胶制品 | 300547 | 川环科技 | 37.1  |  44.0  | 1.9  |   0.5   |  -3.5   |
| 橡胶制品 | 601058 | 赛轮轮胎 | 338.2 |  26.3  | 1.3  |   3.9   |  -9.6   |
| 橡胶制品 | 601500 | 通用股份 | 47.9  | 161.6  | 0.5  |   0.0   |  -3.9   |
| 橡胶制品 | 603650 | 彤程新材 | 182.5 |  63.4  | 0.4  |  -5.1   |  -3.6   |
| 橡胶制品 | 600182 | S*ST佳通 | 47.4  | 294.9  | 0.4  |  -0.3   |   2.5   |
| 橡胶制品 | 002984 |  森麒麟  | 200.7 |  21.5  | 0.3  |   3.2   |  -6.6   |
| 橡胶制品 | 000589 | 贵州轮胎 | 49.6  |  22.0  | -0.5 |  -0.9   |  -7.3   |
| 橡胶制品 | 603033 | 三维股份 | 176.8 |  90.8  | -0.7 |  -1.3   |  -0.7   |
| 橡胶制品 | 300731 | 科创新源 | 28.4  | -63.6  | -0.9 |  -9.1   |  -18.9  |
| 橡胶制品 | 002068 | 黑猫股份 | 130.3 | -312.5 | -1.1 |  14.7   |  15.5   |
| 橡胶制品 | 002381 | 双箭股份 | 25.9  |  20.0  | -1.1 |  -1.2   |  -1.7   |
| 橡胶制品 | 601163 | 三角轮胎 | 91.5  |  39.2  | -1.2 |  -1.3   |  -5.5   |
| 橡胶制品 | 001207 | 联科科技 | 29.9  |  31.5  | -1.4 |  -5.5   |  -3.0   |
| 橡胶制品 | 002224 |  三力士  | 33.4  | -154.2 | -1.5 |  -1.3   |  -4.6   |
| 橡胶制品 | 000599 | 青岛双星 | 31.6  |  -5.4  | -1.5 |  -3.0   |  -6.5   |
| 橡胶制品 | 600469 | 风神股份 | 33.4  | -20.2  | -1.9 |  -5.0   |  -8.4   |
| 橡胶制品 | 300767 | 震安科技 | 129.4 |  99.4  | -2.0 |  -7.0   |  -5.5   |
| 橡胶制品 | 601118 | 海南橡胶 | 199.0 | -175.7 | -2.1 |  -2.3   |  -1.5   |
| 橡胶制品 | 605183 | 确成股份 | 79.8  |  23.8  | -2.3 |  -1.6   |  -4.3   |
| 橡胶制品 | 300121 | 阳谷华泰 | 40.8  |  9.0   | -2.4 |  -0.2   |  -1.5   |
| 橡胶制品 | 002442 | 龙星化工 | 26.9  |  58.9  | -2.8 |  -1.3   |  -3.4   |
| 橡胶制品 | 002753 | 永东股份 | 34.1  |  80.7  | -4.6 |  -3.8   |  -12.2  |
+----------+--------+----------+-------+--------+------+---------+---------+
