[行业>市值]
+----------+--------+----------+--------+-------+-------+---------+---------+
|   行业   |  代码  |   名称   |  市值  |  pe   | 涨幅  | 3日涨幅 | 6日涨幅 |
+----------+--------+----------+--------+-------+-------+---------+---------+
| 汽车整车 | 002594 |  比亚迪  | 9784.0 | 302.6 |  0.7  |   2.1   |  -4.8   |
| 汽车整车 | 601633 | 长城汽车 | 3302.0 | 50.5  |  1.4  |  -4.3   |  -15.5  |
| 汽车整车 | 600104 | 上汽集团 | 2004.0 |  9.1  | -0.9  |  -1.8   |  -8.5   |
| 汽车整车 | 000625 | 长安汽车 | 1742.0 |  9.6  |  2.3  |  -3.2   |  -13.7  |
| 汽车整车 | 601238 | 广汽集团 | 1653.0 | 13.7  |  3.1  |   0.2   |  -9.9   |
| 汽车整车 | 601127 | 小康股份 | 1055.0 | -31.4 | -1.7  |  -8.2   |  -11.6  |
| 汽车整车 | 000800 | 一汽解放 | 419.8  | 23.2  | -0.8  |  -3.9   |  -11.1  |
| 汽车整车 | 600733 | 北汽蓝谷 | 400.4  | -10.5 | -0.9  |   0.8   |  -9.1   |
| 汽车整车 | 600418 | 江淮汽车 | 380.7  | -32.8 |  0.0  |   0.4   |   9.9   |
| 汽车整车 | 601777 | 力帆科技 | 242.6  | 119.2 |  2.3  |   0.2   |  -8.5   |
| 汽车整车 | 301039 | 中集车辆 | 221.5  | 44.5  |  4.4  |   0.6   |  -9.6   |
| 汽车整车 | 600066 | 宇通客车 | 182.9  | -39.5 | -1.6  |  -4.3   |  -12.9  |
| 汽车整车 | 600166 | 福田汽车 | 176.2  | 32.5  | -2.2  |  -3.9   |  -14.1  |
| 汽车整车 | 000980 |  ST众泰  | 174.9  | -27.9 | -1.7  |  -3.1   |  -5.5   |
| 汽车整车 | 000550 | 江铃汽车 | 161.3  | 20.8  | 10.0  |  16.3   |   5.3   |
| 汽车整车 | 000951 | 中国重汽 | 158.1  | 31.9  | -2.0  |  -5.8   |  -3.8   |
| 汽车整车 | 600006 | 东风汽车 | 145.0  | 30.6  |  0.4  |  -4.2   |  -17.4  |
| 汽车整车 | 000957 | 中通客车 | 113.8  | -80.6 | -10.0 |  -10.0  |  -10.0  |
| 汽车整车 | 000572 | 海马汽车 |  96.7  | -39.7 | -0.8  |  -2.8   |  -17.8  |
| 汽车整车 | 600686 | 金龙汽车 |  51.7  | 333.4 | -3.2  |   2.6   |  -10.4  |
| 汽车整车 | 000868 | 安凯客车 |  45.0  | -28.1 | -3.8  |  -10.0  |  -24.8  |
| 汽车整车 | 600213 | 亚星客车 |  28.5  | -16.3 | -6.0  |  -9.9   |  -13.3  |
| 汽车整车 | 600303 |  ST曙光  |  21.9  | -16.8 | -0.9  |  -5.5   |  -12.7  |
+----------+--------+----------+--------+-------+-------+---------+---------+
 




 [行业>单日涨幅]
+----------+--------+----------+--------+-------+-------+---------+---------+
|   行业   |  代码  |   名称   |  市值  |  pe   | 涨幅  | 3日涨幅 | 6日涨幅 |
+----------+--------+----------+--------+-------+-------+---------+---------+
| 汽车整车 | 000550 | 江铃汽车 | 161.3  | 20.8  | 10.0  |  16.3   |   5.3   |
| 汽车整车 | 301039 | 中集车辆 | 221.5  | 44.5  |  4.4  |   0.6   |  -9.6   |
| 汽车整车 | 601238 | 广汽集团 | 1653.0 | 13.7  |  3.1  |   0.2   |  -9.9   |
| 汽车整车 | 601777 | 力帆科技 | 242.6  | 119.2 |  2.3  |   0.2   |  -8.5   |
| 汽车整车 | 000625 | 长安汽车 | 1742.0 |  9.6  |  2.3  |  -3.2   |  -13.7  |
| 汽车整车 | 601633 | 长城汽车 | 3302.0 | 50.5  |  1.4  |  -4.3   |  -15.5  |
| 汽车整车 | 002594 |  比亚迪  | 9784.0 | 302.6 |  0.7  |   2.1   |  -4.8   |
| 汽车整车 | 600006 | 东风汽车 | 145.0  | 30.6  |  0.4  |  -4.2   |  -17.4  |
| 汽车整车 | 600418 | 江淮汽车 | 380.7  | -32.8 |  0.0  |   0.4   |   9.9   |
| 汽车整车 | 000800 | 一汽解放 | 419.8  | 23.2  | -0.8  |  -3.9   |  -11.1  |
| 汽车整车 | 000572 | 海马汽车 |  96.7  | -39.7 | -0.8  |  -2.8   |  -17.8  |
| 汽车整车 | 600104 | 上汽集团 | 2004.0 |  9.1  | -0.9  |  -1.8   |  -8.5   |
| 汽车整车 | 600303 |  ST曙光  |  21.9  | -16.8 | -0.9  |  -5.5   |  -12.7  |
| 汽车整车 | 600733 | 北汽蓝谷 | 400.4  | -10.5 | -0.9  |   0.8   |  -9.1   |
| 汽车整车 | 600066 | 宇通客车 | 182.9  | -39.5 | -1.6  |  -4.3   |  -12.9  |
| 汽车整车 | 601127 | 小康股份 | 1055.0 | -31.4 | -1.7  |  -8.2   |  -11.6  |
| 汽车整车 | 000980 |  ST众泰  | 174.9  | -27.9 | -1.7  |  -3.1   |  -5.5   |
| 汽车整车 | 000951 | 中国重汽 | 158.1  | 31.9  | -2.0  |  -5.8   |  -3.8   |
| 汽车整车 | 600166 | 福田汽车 | 176.2  | 32.5  | -2.2  |  -3.9   |  -14.1  |
| 汽车整车 | 600686 | 金龙汽车 |  51.7  | 333.4 | -3.2  |   2.6   |  -10.4  |
| 汽车整车 | 000868 | 安凯客车 |  45.0  | -28.1 | -3.8  |  -10.0  |  -24.8  |
| 汽车整车 | 600213 | 亚星客车 |  28.5  | -16.3 | -6.0  |  -9.9   |  -13.3  |
| 汽车整车 | 000957 | 中通客车 | 113.8  | -80.6 | -10.0 |  -10.0  |  -10.0  |
+----------+--------+----------+--------+-------+-------+---------+---------+
