[行业>市值]
+------+--------+----------+-------+--------+------+---------+---------+
| 行业 |  代码  |   名称   | 市值  |   pe   | 涨幅 | 3日涨幅 | 6日涨幅 |
+------+--------+----------+-------+--------+------+---------+---------+
| 燃气 | 600956 | 新天绿能 | 583.3 |  15.6  | -0.9 |  12.2   |   9.8   |
| 燃气 | 600803 | 新奥股份 | 524.8 |  17.4  | -1.8 |   1.6   |  -3.9   |
| 燃气 | 601139 | 深圳燃气 | 197.6 |  21.8  | -1.1 |  -0.7   |  -2.7   |
| 燃气 | 605090 | 九丰能源 | 128.9 |  8.2   | -1.8 |   1.0   |  -1.9   |
| 燃气 | 600917 | 重庆燃气 | 117.1 |  29.0  | -2.2 |   1.4   |   1.1   |
| 燃气 | 300332 | 天壕环境 | 111.1 |  21.0  | -0.7 |   6.6   |   8.5   |
| 燃气 | 000968 | 蓝焰控股 | 102.5 |  9.4   | -8.1 |   2.4   |  -0.6   |
| 燃气 | 600635 | 大众公用 | 94.5  |  -7.3  | -2.1 |  -2.4   |  -4.2   |
| 燃气 | 603393 | 新天然气 | 90.5  |  11.0  | -4.3 |   0.6   |  -2.1   |
| 燃气 | 600903 | 贵州燃气 | 90.3  | -36.4  | -3.9 |   0.9   |  -0.8   |
| 燃气 | 603053 | 成都燃气 | 87.0  |  11.1  | -4.5 |   3.2   |   4.3   |
| 燃气 | 002911 | 佛燃能源 | 86.1  |  28.7  | -2.0 |  -0.4   |  -0.6   |
| 燃气 | 002267 | 陕天然气 | 78.0  |  3.9   | -2.1 |   1.1   |  -1.8   |
| 燃气 | 600617 | 国新能源 | 65.0  |  9.4   | -2.7 |   1.7   |  -0.8   |
| 燃气 | 605368 | 蓝天燃气 | 61.9  |  8.1   | -2.7 |  -0.9   |  -2.6   |
| 燃气 | 600681 | 百川能源 | 60.5  |  10.4  | -1.8 |   0.0   |  -2.4   |
| 燃气 | 300435 | 中泰股份 | 58.2  |  23.3  | -3.8 |  -1.5   |  -4.3   |
| 燃气 | 300483 | 首华燃气 | 37.4  |  21.9  | -4.4 |  -0.4   |  -5.5   |
| 燃气 | 605169 | 洪通燃气 | 34.1  |  16.0  | -0.1 |   6.5   |   4.5   |
| 燃气 | 603689 | 皖天然气 | 33.7  |  12.5  | -2.5 |   1.0   |  -1.5   |
| 燃气 | 000407 | 胜利股份 | 32.5  |  26.3  | -1.9 |  -0.3   |  -1.6   |
| 燃气 | 603706 | 东方环宇 | 31.6  |  12.6  | -2.7 |   7.4   |   7.7   |
| 燃气 | 600333 | 长春燃气 | 30.3  | -65.0  | -2.7 |   0.8   |  -1.2   |
| 燃气 | 603318 | 水发燃气 | 29.0  |  56.1  | -2.0 |  -1.3   |  -4.4   |
| 燃气 | 000421 | 南京公用 | 27.6  | -52.7  | -2.0 |   0.4   |  -0.2   |
| 燃气 | 002259 |  ST升达  | 21.8  | -145.9 | 0.7  |   3.2   |  -2.7   |
| 燃气 | 000593 | 德龙汇能 | 20.9  | 221.7  | -1.9 |   2.6   |   2.1   |
| 燃气 | 603080 | 新疆火炬 | 18.6  |  12.9  | -2.2 |  -0.2   |  -1.2   |
| 燃气 | 002700 |  ST浩源  | 17.9  |  30.1  | -0.2 |   0.7   |   0.9   |
| 燃气 | 000669 |  ST金鸿  | 11.4  | -47.2  | 0.0  |   1.2   |   0.6   |
+------+--------+----------+-------+--------+------+---------+---------+
 




 [行业>单日涨幅]
+------+--------+----------+-------+--------+------+---------+---------+
| 行业 |  代码  |   名称   | 市值  |   pe   | 涨幅 | 3日涨幅 | 6日涨幅 |
+------+--------+----------+-------+--------+------+---------+---------+
| 燃气 | 002259 |  ST升达  | 21.8  | -145.9 | 0.7  |   3.2   |  -2.7   |
| 燃气 | 000669 |  ST金鸿  | 11.4  | -47.2  | 0.0  |   1.2   |   0.6   |
| 燃气 | 605169 | 洪通燃气 | 34.1  |  16.0  | -0.1 |   6.5   |   4.5   |
| 燃气 | 002700 |  ST浩源  | 17.9  |  30.1  | -0.2 |   0.7   |   0.9   |
| 燃气 | 300332 | 天壕环境 | 111.1 |  21.0  | -0.7 |   6.6   |   8.5   |
| 燃气 | 600956 | 新天绿能 | 583.3 |  15.6  | -0.9 |  12.2   |   9.8   |
| 燃气 | 601139 | 深圳燃气 | 197.6 |  21.8  | -1.1 |  -0.7   |  -2.7   |
| 燃气 | 600681 | 百川能源 | 60.5  |  10.4  | -1.8 |   0.0   |  -2.4   |
| 燃气 | 600803 | 新奥股份 | 524.8 |  17.4  | -1.8 |   1.6   |  -3.9   |
| 燃气 | 605090 | 九丰能源 | 128.9 |  8.2   | -1.8 |   1.0   |  -1.9   |
| 燃气 | 000593 | 德龙汇能 | 20.9  | 221.7  | -1.9 |   2.6   |   2.1   |
| 燃气 | 000407 | 胜利股份 | 32.5  |  26.3  | -1.9 |  -0.3   |  -1.6   |
| 燃气 | 002911 | 佛燃能源 | 86.1  |  28.7  | -2.0 |  -0.4   |  -0.6   |
| 燃气 | 603318 | 水发燃气 | 29.0  |  56.1  | -2.0 |  -1.3   |  -4.4   |
| 燃气 | 000421 | 南京公用 | 27.6  | -52.7  | -2.0 |   0.4   |  -0.2   |
| 燃气 | 002267 | 陕天然气 | 78.0  |  3.9   | -2.1 |   1.1   |  -1.8   |
| 燃气 | 600635 | 大众公用 | 94.5  |  -7.3  | -2.1 |  -2.4   |  -4.2   |
| 燃气 | 600917 | 重庆燃气 | 117.1 |  29.0  | -2.2 |   1.4   |   1.1   |
| 燃气 | 603080 | 新疆火炬 | 18.6  |  12.9  | -2.2 |  -0.2   |  -1.2   |
| 燃气 | 603689 | 皖天然气 | 33.7  |  12.5  | -2.5 |   1.0   |  -1.5   |
| 燃气 | 600617 | 国新能源 | 65.0  |  9.4   | -2.7 |   1.7   |  -0.8   |
| 燃气 | 605368 | 蓝天燃气 | 61.9  |  8.1   | -2.7 |  -0.9   |  -2.6   |
| 燃气 | 600333 | 长春燃气 | 30.3  | -65.0  | -2.7 |   0.8   |  -1.2   |
| 燃气 | 603706 | 东方环宇 | 31.6  |  12.6  | -2.7 |   7.4   |   7.7   |
| 燃气 | 300435 | 中泰股份 | 58.2  |  23.3  | -3.8 |  -1.5   |  -4.3   |
| 燃气 | 600903 | 贵州燃气 | 90.3  | -36.4  | -3.9 |   0.9   |  -0.8   |
| 燃气 | 603393 | 新天然气 | 90.5  |  11.0  | -4.3 |   0.6   |  -2.1   |
| 燃气 | 300483 | 首华燃气 | 37.4  |  21.9  | -4.4 |  -0.4   |  -5.5   |
| 燃气 | 603053 | 成都燃气 | 87.0  |  11.1  | -4.5 |   3.2   |   4.3   |
| 燃气 | 000968 | 蓝焰控股 | 102.5 |  9.4   | -8.1 |   2.4   |  -0.6   |
+------+--------+----------+-------+--------+------+---------+---------+
