[行业>市值]
+------------+--------+----------+-------+--------+------+---------+---------+
|    行业    |  代码  |   名称   | 市值  |   pe   | 涨幅 | 3日涨幅 | 6日涨幅 |
+------------+--------+----------+-------+--------+------+---------+---------+
| 电子化学品 | 300054 | 鼎龙股份 | 193.7 |  67.8  | 1.0  |  -0.4   |  -1.1   |
| 电子化学品 | 300346 | 南大光电 | 189.1 |  58.6  | 1.3  |  -2.0   |   3.0   |
| 电子化学品 | 002643 | 万润股份 | 178.2 |  19.1  | -0.4 |  -0.9   |  -7.2   |
| 电子化学品 | 688019 | 安集科技 | 148.2 |  93.6  | 2.3  |  -5.3   |  -4.9   |
| 电子化学品 | 300398 | 飞凯材料 | 116.7 |  21.0  | -1.2 |  -4.6   |  -5.2   |
| 电子化学品 | 300655 | 晶瑞电材 | 109.4 |  85.5  | 2.0  |  -1.9   |  -6.5   |
| 电子化学品 | 300236 | 上海新阳 | 104.0 | -191.2 | -0.1 |   2.0   |   1.5   |
| 电子化学品 | 688106 | 金宏气体 | 90.1  |  58.0  | 0.5  |  -2.1   |  -7.9   |
| 电子化学品 | 688268 | 华特气体 | 86.5  |  55.2  | 4.2  |   3.9   |   0.2   |
| 电子化学品 | 300481 | 濮阳惠成 | 82.7  |  24.7  | 14.3 |  19.4   |  19.1   |
| 电子化学品 | 002741 | 光华科技 | 81.8  |  57.9  | 2.3  |   3.6   |   6.5   |
| 电子化学品 | 603078 |  江化微  | 68.5  |  51.9  | 0.3  |  -3.5   |  -6.2   |
| 电子化学品 | 688550 | 瑞联新材 | 66.5  |  20.8  | -1.2 |  -0.8   |  -5.6   |
| 电子化学品 | 300576 | 容大感光 | 56.9  | 137.5  | 0.9  |  -2.8   |  -5.1   |
| 电子化学品 | 002584 | 西陇科学 | 50.6  |  15.1  | 4.3  |   2.7   |   6.1   |
| 电子化学品 | 300429 | 强力新材 | 47.5  |  47.5  | -0.4 |  -2.1   |  -4.3   |
| 电子化学品 | 688359 | 三孚新科 | 40.7  | -171.2 | 15.5 |  10.5   |  10.5   |
| 电子化学品 | 603931 |  格林达  | 39.4  |  25.0  | 0.6  |  -0.8   |  -3.5   |
| 电子化学品 | 300446 | 乐凯新材 | 23.5  | 371.5  | -2.4 |  -3.8   |  -6.4   |
| 电子化学品 | 300537 | 广信材料 | 22.9  | -49.8  | 0.8  |  -2.3   |  -2.8   |
| 电子化学品 | 300637 | 扬帆新材 | 17.6  |  37.9  | 0.3  |  -0.7   |  -2.1   |
+------------+--------+----------+-------+--------+------+---------+---------+
 




 [行业>单日涨幅]
+------------+--------+----------+-------+--------+------+---------+---------+
|    行业    |  代码  |   名称   | 市值  |   pe   | 涨幅 | 3日涨幅 | 6日涨幅 |
+------------+--------+----------+-------+--------+------+---------+---------+
| 电子化学品 | 688359 | 三孚新科 | 40.7  | -171.2 | 15.5 |  10.5   |  10.5   |
| 电子化学品 | 300481 | 濮阳惠成 | 82.7  |  24.7  | 14.3 |  19.4   |  19.1   |
| 电子化学品 | 002584 | 西陇科学 | 50.6  |  15.1  | 4.3  |   2.7   |   6.1   |
| 电子化学品 | 688268 | 华特气体 | 86.5  |  55.2  | 4.2  |   3.9   |   0.2   |
| 电子化学品 | 688019 | 安集科技 | 148.2 |  93.6  | 2.3  |  -5.3   |  -4.9   |
| 电子化学品 | 002741 | 光华科技 | 81.8  |  57.9  | 2.3  |   3.6   |   6.5   |
| 电子化学品 | 300655 | 晶瑞电材 | 109.4 |  85.5  | 2.0  |  -1.9   |  -6.5   |
| 电子化学品 | 300346 | 南大光电 | 189.1 |  58.6  | 1.3  |  -2.0   |   3.0   |
| 电子化学品 | 300054 | 鼎龙股份 | 193.7 |  67.8  | 1.0  |  -0.4   |  -1.1   |
| 电子化学品 | 300576 | 容大感光 | 56.9  | 137.5  | 0.9  |  -2.8   |  -5.1   |
| 电子化学品 | 300537 | 广信材料 | 22.9  | -49.8  | 0.8  |  -2.3   |  -2.8   |
| 电子化学品 | 603931 |  格林达  | 39.4  |  25.0  | 0.6  |  -0.8   |  -3.5   |
| 电子化学品 | 688106 | 金宏气体 | 90.1  |  58.0  | 0.5  |  -2.1   |  -7.9   |
| 电子化学品 | 603078 |  江化微  | 68.5  |  51.9  | 0.3  |  -3.5   |  -6.2   |
| 电子化学品 | 300637 | 扬帆新材 | 17.6  |  37.9  | 0.3  |  -0.7   |  -2.1   |
| 电子化学品 | 300236 | 上海新阳 | 104.0 | -191.2 | -0.1 |   2.0   |   1.5   |
| 电子化学品 | 002643 | 万润股份 | 178.2 |  19.1  | -0.4 |  -0.9   |  -7.2   |
| 电子化学品 | 300429 | 强力新材 | 47.5  |  47.5  | -0.4 |  -2.1   |  -4.3   |
| 电子化学品 | 688550 | 瑞联新材 | 66.5  |  20.8  | -1.2 |  -0.8   |  -5.6   |
| 电子化学品 | 300398 | 飞凯材料 | 116.7 |  21.0  | -1.2 |  -4.6   |  -5.2   |
| 电子化学品 | 300446 | 乐凯新材 | 23.5  | 371.5  | -2.4 |  -3.8   |  -6.4   |
+------------+--------+----------+-------+--------+------+---------+---------+
