[行业>市值]
+----------+--------+----------+-------+--------+------+---------+---------+
|   行业   |  代码  |   名称   | 市值  |   pe   | 涨幅 | 3日涨幅 | 6日涨幅 |
+----------+--------+----------+-------+--------+------+---------+---------+
| 电源设备 | 601727 | 上海电气 | 687.1 | 1358.9 | -4.1 |   8.3   |   3.3   |
| 电源设备 | 600875 | 东方电气 | 516.5 |  13.9  | -1.7 |   2.3   |  -1.3   |
| 电源设备 | 002518 |  科士达  | 180.1 |  83.0  | 0.4  |   4.9   |   3.1   |
| 电源设备 | 300376 |  易事特  | 178.8 |  45.3  | -1.9 |  -3.0   |  -5.1   |
| 电源设备 | 300593 |  新雷能  | 154.3 |  44.4  | 0.0  |   1.0   |  -1.9   |
| 电源设备 | 002335 | 科华数据 | 154.1 |  39.3  | 3.4  |   9.5   |   8.4   |
| 电源设备 | 002851 | 麦格米特 | 139.8 |  47.6  | -0.2 |   5.8   |   7.3   |
| 电源设备 | 002534 | 西子洁能 | 130.6 |  81.3  | -3.0 |  11.1   |   0.4   |
| 电源设备 | 300820 | 英杰电气 | 92.5  |  42.9  | 0.2  |  -1.4   |  -3.0   |
| 电源设备 | 600475 | 华光环能 | 78.3  |  9.4   | -3.0 |   2.9   |   2.2   |
| 电源设备 | 002665 | 首航高科 | 76.7  | -35.6  | -2.3 |  -2.3   |  -6.5   |
| 电源设备 | 300693 | 盛弘股份 | 58.3  |  63.5  | -0.6 |   0.7   |  -3.0   |
| 电源设备 | 002255 | 海陆重工 | 49.3  |  37.8  | 0.5  |   3.4   |  -4.7   |
| 电源设备 | 002364 | 中恒电气 | 43.3  | 190.3  | -1.4 |   1.6   |  -4.4   |
| 电源设备 | 300870 |  欧陆通  | 43.0  | -36.6  | -1.1 |  -3.9   |  -9.0   |
| 电源设备 | 002227 |  奥特迅  | 35.5  | -102.5 | -0.8 |   0.8   |  -4.4   |
| 电源设备 | 002630 | 华西能源 | 35.2  |  -5.7  | 0.0  |  -2.3   |  -1.0   |
| 电源设备 | 002366 | *ST海核  | 35.1  | -28.4  | 4.9  |   6.9   |   3.3   |
| 电源设备 | 600405 |  动力源  | 31.6  | -41.2  | -1.9 |  -2.7   |  -6.1   |
| 电源设备 | 300105 | 龙源技术 | 31.4  | -107.2 | 2.0  |   4.0   |  -0.5   |
| 电源设备 | 688551 |  科威尔  | 29.6  |  99.1  | 0.3  |  -5.0   |  -11.2  |
| 电源设备 | 300153 | 科泰电源 | 26.9  | 143.0  | -1.9 |  -0.9   |  -5.2   |
| 电源设备 | 300491 | 通合科技 | 25.4  | -76.8  | -1.8 |  -0.1   |  -3.2   |
| 电源设备 | 300713 |  英可瑞  | 23.7  | 356.0  | 0.8  |   1.1   |  -2.9   |
| 电源设备 | 600202 |  哈空调  | 19.9  |  84.4  | -1.9 |  -0.8   |  -4.8   |
+----------+--------+----------+-------+--------+------+---------+---------+
 




 [行业>单日涨幅]
+----------+--------+----------+-------+--------+------+---------+---------+
|   行业   |  代码  |   名称   | 市值  |   pe   | 涨幅 | 3日涨幅 | 6日涨幅 |
+----------+--------+----------+-------+--------+------+---------+---------+
| 电源设备 | 002366 | *ST海核  | 35.1  | -28.4  | 4.9  |   6.9   |   3.3   |
| 电源设备 | 002335 | 科华数据 | 154.1 |  39.3  | 3.4  |   9.5   |   8.4   |
| 电源设备 | 300105 | 龙源技术 | 31.4  | -107.2 | 2.0  |   4.0   |  -0.5   |
| 电源设备 | 300713 |  英可瑞  | 23.7  | 356.0  | 0.8  |   1.1   |  -2.9   |
| 电源设备 | 002255 | 海陆重工 | 49.3  |  37.8  | 0.5  |   3.4   |  -4.7   |
| 电源设备 | 002518 |  科士达  | 180.1 |  83.0  | 0.4  |   4.9   |   3.1   |
| 电源设备 | 688551 |  科威尔  | 29.6  |  99.1  | 0.3  |  -5.0   |  -11.2  |
| 电源设备 | 300820 | 英杰电气 | 92.5  |  42.9  | 0.2  |  -1.4   |  -3.0   |
| 电源设备 | 300593 |  新雷能  | 154.3 |  44.4  | 0.0  |   1.0   |  -1.9   |
| 电源设备 | 002630 | 华西能源 | 35.2  |  -5.7  | 0.0  |  -2.3   |  -1.0   |
| 电源设备 | 002851 | 麦格米特 | 139.8 |  47.6  | -0.2 |   5.8   |   7.3   |
| 电源设备 | 300693 | 盛弘股份 | 58.3  |  63.5  | -0.6 |   0.7   |  -3.0   |
| 电源设备 | 002227 |  奥特迅  | 35.5  | -102.5 | -0.8 |   0.8   |  -4.4   |
| 电源设备 | 300870 |  欧陆通  | 43.0  | -36.6  | -1.1 |  -3.9   |  -9.0   |
| 电源设备 | 002364 | 中恒电气 | 43.3  | 190.3  | -1.4 |   1.6   |  -4.4   |
| 电源设备 | 600875 | 东方电气 | 516.5 |  13.9  | -1.7 |   2.3   |  -1.3   |
| 电源设备 | 300491 | 通合科技 | 25.4  | -76.8  | -1.8 |  -0.1   |  -3.2   |
| 电源设备 | 300153 | 科泰电源 | 26.9  | 143.0  | -1.9 |  -0.9   |  -5.2   |
| 电源设备 | 600202 |  哈空调  | 19.9  |  84.4  | -1.9 |  -0.8   |  -4.8   |
| 电源设备 | 600405 |  动力源  | 31.6  | -41.2  | -1.9 |  -2.7   |  -6.1   |
| 电源设备 | 300376 |  易事特  | 178.8 |  45.3  | -1.9 |  -3.0   |  -5.1   |
| 电源设备 | 002665 | 首航高科 | 76.7  | -35.6  | -2.3 |  -2.3   |  -6.5   |
| 电源设备 | 002534 | 西子洁能 | 130.6 |  81.3  | -3.0 |  11.1   |   0.4   |
| 电源设备 | 600475 | 华光环能 | 78.3  |  9.4   | -3.0 |   2.9   |   2.2   |
| 电源设备 | 601727 | 上海电气 | 687.1 | 1358.9 | -4.1 |   8.3   |   3.3   |
+----------+--------+----------+-------+--------+------+---------+---------+
