[行业>市值]
+------+--------+----------+-------+-------+------+---------+---------+
| 行业 |  代码  |   名称   | 市值  |  pe   | 涨幅 | 3日涨幅 | 6日涨幅 |
+------+--------+----------+-------+-------+------+---------+---------+
| 电机 | 002176 | 江特电机 | 490.6 | 18.4  | -1.4 |   6.3   |  11.1   |
| 电机 | 603489 | 八方股份 | 234.1 | 32.6  | -1.4 |   0.5   |  -4.5   |
| 电机 | 600580 | 卧龙电驱 | 184.7 | 23.3  | -1.2 |   0.4   |  -8.9   |
| 电机 | 002249 | 大洋电机 | 143.4 | 24.4  | -1.1 |  -0.3   |  -5.3   |
| 电机 | 300660 | 江苏雷利 | 91.7  | 33.1  | -5.7 |  -7.8   |   7.3   |
| 电机 | 603728 | 鸣志电器 | 87.6  | 56.0  | -3.0 |  -2.7   |  -13.1  |
| 电机 | 003021 | 兆威机电 | 76.3  | 84.1  | -0.8 |  -6.3   |  -19.9  |
| 电机 | 002801 | 微光股份 | 71.4  | 23.1  | 0.1  |   2.3   |   3.9   |
| 电机 | 002892 |  科力尔  | 52.0  | 81.5  | 4.8  |   5.0   |   5.7   |
| 电机 | 000922 | 佳电股份 | 51.8  | 17.2  | 1.4  |   1.8   |  -3.2   |
| 电机 | 002196 | 方正电机 | 49.3  | 206.6 | 3.5  |   1.1   |  -7.2   |
| 电机 | 603819 | 神力股份 | 37.9  | 33.0  | -0.6 |  -0.7   |  -3.4   |
| 电机 | 002823 | 凯中精密 | 29.0  | 36.1  | 0.0  |  -0.5   |  -5.1   |
| 电机 | 603988 | 中电电机 | 25.5  | 47.6  | 1.6  |  -0.9   |  -6.5   |
| 电机 | 301023 | 江南奕帆 | 23.9  | 29.4  | -1.0 |   1.3   |  -5.0   |
| 电机 | 301226 | 祥明智能 | 23.7  | 39.3  | 2.6  |   2.4   |  -2.8   |
| 电机 | 002576 | 通达动力 | 22.3  | 55.1  | 0.3  |  -0.1   |  -7.8   |
| 电机 | 300907 | 康平科技 | 19.6  | 95.0  | 2.0  |  -1.5   |  -5.9   |
| 电机 | 688395 | 正弦电气 | 17.0  | 29.7  | 0.3  |  -4.2   |  -10.6  |
| 电机 | 300626 | 华瑞股份 | 16.2  | 63.4  | 0.0  |   1.2   |  -2.9   |
| 电机 | 603320 | 迪贝电气 | 15.2  | 31.2  | -1.3 |  -1.8   |  -5.3   |
+------+--------+----------+-------+-------+------+---------+---------+
 




 [行业>单日涨幅]
+------+--------+----------+-------+-------+------+---------+---------+
| 行业 |  代码  |   名称   | 市值  |  pe   | 涨幅 | 3日涨幅 | 6日涨幅 |
+------+--------+----------+-------+-------+------+---------+---------+
| 电机 | 002892 |  科力尔  | 52.0  | 81.5  | 4.8  |   5.0   |   5.7   |
| 电机 | 002196 | 方正电机 | 49.3  | 206.6 | 3.5  |   1.1   |  -7.2   |
| 电机 | 301226 | 祥明智能 | 23.7  | 39.3  | 2.6  |   2.4   |  -2.8   |
| 电机 | 300907 | 康平科技 | 19.6  | 95.0  | 2.0  |  -1.5   |  -5.9   |
| 电机 | 603988 | 中电电机 | 25.5  | 47.6  | 1.6  |  -0.9   |  -6.5   |
| 电机 | 000922 | 佳电股份 | 51.8  | 17.2  | 1.4  |   1.8   |  -3.2   |
| 电机 | 002576 | 通达动力 | 22.3  | 55.1  | 0.3  |  -0.1   |  -7.8   |
| 电机 | 688395 | 正弦电气 | 17.0  | 29.7  | 0.3  |  -4.2   |  -10.6  |
| 电机 | 002801 | 微光股份 | 71.4  | 23.1  | 0.1  |   2.3   |   3.9   |
| 电机 | 002823 | 凯中精密 | 29.0  | 36.1  | 0.0  |  -0.5   |  -5.1   |
| 电机 | 300626 | 华瑞股份 | 16.2  | 63.4  | 0.0  |   1.2   |  -2.9   |
| 电机 | 603819 | 神力股份 | 37.9  | 33.0  | -0.6 |  -0.7   |  -3.4   |
| 电机 | 003021 | 兆威机电 | 76.3  | 84.1  | -0.8 |  -6.3   |  -19.9  |
| 电机 | 301023 | 江南奕帆 | 23.9  | 29.4  | -1.0 |   1.3   |  -5.0   |
| 电机 | 002249 | 大洋电机 | 143.4 | 24.4  | -1.1 |  -0.3   |  -5.3   |
| 电机 | 600580 | 卧龙电驱 | 184.7 | 23.3  | -1.2 |   0.4   |  -8.9   |
| 电机 | 603320 | 迪贝电气 | 15.2  | 31.2  | -1.3 |  -1.8   |  -5.3   |
| 电机 | 002176 | 江特电机 | 490.6 | 18.4  | -1.4 |   6.3   |  11.1   |
| 电机 | 603489 | 八方股份 | 234.1 | 32.6  | -1.4 |   0.5   |  -4.5   |
| 电机 | 603728 | 鸣志电器 | 87.6  | 56.0  | -3.0 |  -2.7   |  -13.1  |
| 电机 | 300660 | 江苏雷利 | 91.7  | 33.1  | -5.7 |  -7.8   |   7.3   |
+------+--------+----------+-------+-------+------+---------+---------+
