[行业>市值]
+----------+--------+----------+-------+--------+------+---------+---------+
|   行业   |  代码  |   名称   | 市值  |   pe   | 涨幅 | 3日涨幅 | 6日涨幅 |
+----------+--------+----------+-------+--------+------+---------+---------+
| 综合行业 | 000009 | 中国宝安 | 344.6 |  52.2  | -2.8 |  -4.1   |  -4.4   |
| 综合行业 | 600673 |  东阳光  | 284.2 |  24.7  | -3.0 |   3.6   |   3.6   |
| 综合行业 | 000958 | 电投产融 | 246.6 |  20.3  | -1.9 |   1.6   |  -3.0   |
| 综合行业 | 600770 | 综艺股份 | 113.4 | -19.3  | -1.0 |  -0.9   |   7.5   |
| 综合行业 | 000158 | 常山北明 | 94.5  | -27.3  | -1.2 |  -1.7   |  -3.0   |
| 综合行业 | 000839 |  ST国安  | 82.3  | -14.0  | 1.0  |   0.0   |  -0.5   |
| 综合行业 | 000861 | 海印股份 | 66.8  |  16.5  | -1.5 |  -2.9   |  -5.7   |
| 综合行业 | 000833 | 粤桂股份 | 66.4  |  46.6  | -3.5 |   4.8   |   6.1   |
| 综合行业 | 002758 | 浙农股份 | 64.3  |  11.5  | -3.3 |  -3.0   |  -6.5   |
| 综合行业 | 000652 | 泰达股份 | 58.6  | 377.6  | -1.0 |  -1.2   |  -2.5   |
| 综合行业 | 000803 | 北清环能 | 53.7  |  33.3  | -5.1 |  -5.4   |  -3.2   |
| 综合行业 | 600784 | 鲁银投资 | 47.8  |  20.5  | -2.2 |  -3.1   |  -3.5   |
| 综合行业 | 600624 | 复旦复华 | 45.9  | 199.4  | 2.3  |   1.8   |  -3.7   |
| 综合行业 | 000576 | 甘化科工 | 44.1  |  43.8  | -3.9 |  -6.7   |  -12.9  |
| 综合行业 | 600805 | 悦达投资 | 40.7  |  12.2  | -1.0 |  -0.2   |  -7.2   |
| 综合行业 | 000909 | 数源科技 | 40.4  | 207.0  | -2.3 |  -5.1   |  -9.1   |
| 综合行业 | 000532 | 华金资本 | 38.8  |  69.3  | -1.8 |  -6.1   |  -7.0   |
| 综合行业 | 600568 |  ST中珠  | 31.1  | -189.2 | -2.5 |  -3.7   |  -3.7   |
| 综合行业 | 600113 | 浙江东日 | 29.1  |  15.9  | -3.8 |  -4.8   |  -6.8   |
| 综合行业 | 000409 | 云鼎科技 | 26.8  | 257.1  | -1.7 |  -2.8   |  -6.8   |
| 综合行业 | 000632 | 三木集团 | 21.8  |  86.5  | 4.0  |  -4.1   |   9.3   |
| 综合行业 | 600051 | 宁波联合 | 20.6  | -92.3  | -1.5 |  -2.4   |  -2.9   |
| 综合行业 | 002591 | 恒大高新 | 14.9  | -136.1 | -1.6 |  -1.8   |  -4.3   |
+----------+--------+----------+-------+--------+------+---------+---------+
 




 [行业>单日涨幅]
+----------+--------+----------+-------+--------+------+---------+---------+
|   行业   |  代码  |   名称   | 市值  |   pe   | 涨幅 | 3日涨幅 | 6日涨幅 |
+----------+--------+----------+-------+--------+------+---------+---------+
| 综合行业 | 000632 | 三木集团 | 21.8  |  86.5  | 4.0  |  -4.1   |   9.3   |
| 综合行业 | 600624 | 复旦复华 | 45.9  | 199.4  | 2.3  |   1.8   |  -3.7   |
| 综合行业 | 000839 |  ST国安  | 82.3  | -14.0  | 1.0  |   0.0   |  -0.5   |
| 综合行业 | 000652 | 泰达股份 | 58.6  | 377.6  | -1.0 |  -1.2   |  -2.5   |
| 综合行业 | 600770 | 综艺股份 | 113.4 | -19.3  | -1.0 |  -0.9   |   7.5   |
| 综合行业 | 600805 | 悦达投资 | 40.7  |  12.2  | -1.0 |  -0.2   |  -7.2   |
| 综合行业 | 000158 | 常山北明 | 94.5  | -27.3  | -1.2 |  -1.7   |  -3.0   |
| 综合行业 | 000861 | 海印股份 | 66.8  |  16.5  | -1.5 |  -2.9   |  -5.7   |
| 综合行业 | 600051 | 宁波联合 | 20.6  | -92.3  | -1.5 |  -2.4   |  -2.9   |
| 综合行业 | 002591 | 恒大高新 | 14.9  | -136.1 | -1.6 |  -1.8   |  -4.3   |
| 综合行业 | 000409 | 云鼎科技 | 26.8  | 257.1  | -1.7 |  -2.8   |  -6.8   |
| 综合行业 | 000532 | 华金资本 | 38.8  |  69.3  | -1.8 |  -6.1   |  -7.0   |
| 综合行业 | 000958 | 电投产融 | 246.6 |  20.3  | -1.9 |   1.6   |  -3.0   |
| 综合行业 | 600784 | 鲁银投资 | 47.8  |  20.5  | -2.2 |  -3.1   |  -3.5   |
| 综合行业 | 000909 | 数源科技 | 40.4  | 207.0  | -2.3 |  -5.1   |  -9.1   |
| 综合行业 | 600568 |  ST中珠  | 31.1  | -189.2 | -2.5 |  -3.7   |  -3.7   |
| 综合行业 | 000009 | 中国宝安 | 344.6 |  52.2  | -2.8 |  -4.1   |  -4.4   |
| 综合行业 | 600673 |  东阳光  | 284.2 |  24.7  | -3.0 |   3.6   |   3.6   |
| 综合行业 | 002758 | 浙农股份 | 64.3  |  11.5  | -3.3 |  -3.0   |  -6.5   |
| 综合行业 | 000833 | 粤桂股份 | 66.4  |  46.6  | -3.5 |   4.8   |   6.1   |
| 综合行业 | 600113 | 浙江东日 | 29.1  |  15.9  | -3.8 |  -4.8   |  -6.8   |
| 综合行业 | 000576 | 甘化科工 | 44.1  |  43.8  | -3.9 |  -6.7   |  -12.9  |
| 综合行业 | 000803 | 北清环能 | 53.7  |  33.3  | -5.1 |  -5.4   |  -3.2   |
+----------+--------+----------+-------+--------+------+---------+---------+
