[行业>市值]
+------+--------+----------+--------+------+------+---------+---------+
| 行业 |  代码  |   名称   |  市值  |  pe  | 涨幅 | 3日涨幅 | 6日涨幅 |
+------+--------+----------+--------+------+------+---------+---------+
| 保险 | 601628 | 中国人寿 | 8980.0 | 14.8 | 1.3  |   5.5   |  13.6   |
| 保险 | 601318 | 中国平安 | 8548.0 | 10.3 | 1.1  |   1.4   |   3.9   |
| 保险 | 601319 | 中国人保 | 2300.0 | 6.6  | 0.8  |  -0.2   |   3.6   |
| 保险 | 601601 | 中国太保 | 2255.0 | 10.4 | -1.4 |   0.3   |   3.9   |
| 保险 | 601336 | 新华保险 | 1014.0 | 18.9 | 0.0  |   2.9   |   5.8   |
| 保险 | 000627 | 天茂集团 | 177.9  | 30.2 | -3.5 |  -1.4   |  -0.8   |
+------+--------+----------+--------+------+------+---------+---------+
 




 [行业>单日涨幅]
+------+--------+----------+--------+------+------+---------+---------+
| 行业 |  代码  |   名称   |  市值  |  pe  | 涨幅 | 3日涨幅 | 6日涨幅 |
+------+--------+----------+--------+------+------+---------+---------+
| 保险 | 601628 | 中国人寿 | 8980.0 | 14.8 | 1.3  |   5.5   |  13.6   |
| 保险 | 601318 | 中国平安 | 8548.0 | 10.3 | 1.1  |   1.4   |   3.9   |
| 保险 | 601319 | 中国人保 | 2300.0 | 6.6  | 0.8  |  -0.2   |   3.6   |
| 保险 | 601336 | 新华保险 | 1014.0 | 18.9 | 0.0  |   2.9   |   5.8   |
| 保险 | 601601 | 中国太保 | 2255.0 | 10.4 | -1.4 |   0.3   |   3.9   |
| 保险 | 000627 | 天茂集团 | 177.9  | 30.2 | -3.5 |  -1.4   |  -0.8   |
+------+--------+----------+--------+------+------+---------+---------+
