[行业>市值]
+----------+--------+----------+-------+--------+------+---------+---------+
|   行业   |  代码  |   名称   | 市值  |   pe   | 涨幅 | 3日涨幅 | 6日涨幅 |
+----------+--------+----------+-------+--------+------+---------+---------+
| 包装材料 | 002191 | 劲嘉股份 | 140.3 |  11.5  | 0.7  |  -1.3   |  -1.4   |
| 包装材料 | 002701 |  奥瑞金  | 135.4 |  16.4  | 0.0  |  -1.7   |  -0.9   |
| 包装材料 | 600210 | 紫江企业 | 101.9 |  21.0  | 10.0 |  11.8   |  12.8   |
| 包装材料 | 601515 | 东风股份 | 85.9  |  17.7  | 1.1  |   1.5   |  -0.6   |
| 包装材料 | 601968 | 宝钢包装 | 84.1  |  32.8  | 2.1  |   2.1   |   2.8   |
| 包装材料 | 002303 |  美盈森  | 51.9  |  31.5  | 0.6  |   0.9   |   1.2   |
| 包装材料 | 002565 | 顺灏股份 | 48.0  | -415.4 | -0.9 |  -3.6   |  -7.7   |
| 包装材料 | 301062 | 上海艾录 | 46.8  |  36.8  | 2.0  |   3.7   |   4.7   |
| 包装材料 | 002752 | 昇兴股份 | 45.5  |  24.2  | 0.4  |   0.4   |   2.9   |
| 包装材料 | 600836 | 上海易连 | 45.4  | 520.7  | 0.1  |   0.6   |  -1.9   |
| 包装材料 | 000812 | 陕西金叶 | 45.3  | 174.1  | -2.0 |  -2.6   |  -7.8   |
| 包装材料 | 002735 | 王子新材 | 44.2  |  27.1  | -1.8 |   0.9   |  -0.8   |
| 包装材料 | 002228 | 合兴包装 | 42.7  |  20.4  | 0.0  |   0.6   |   0.3   |
| 包装材料 | 002014 | 永新股份 | 41.2  |  15.8  | 0.5  |   0.0   |   1.1   |
| 包装材料 | 000659 | 珠海中富 | 40.1  | -51.5  | 0.7  |  -0.9   |  -1.6   |
| 包装材料 | 002969 | 嘉美包装 | 39.1  | 166.5  | -0.2 |  -1.2   |  -4.7   |
| 包装材料 | 603687 |  大胜达  | 38.2  |  39.1  | 0.3  |   1.1   |   0.7   |
| 包装材料 | 002951 | 金时科技 | 33.5  | 875.3  | 0.4  |   1.4   |   1.4   |
| 包装材料 | 300501 | 海顺新材 | 28.8  |  28.2  | 1.2  |   1.9   |   4.4   |
| 包装材料 | 002799 | 环球印务 | 28.6  |  26.1  | -0.1 |  -0.3   |  -3.9   |
| 包装材料 | 002599 | 盛通股份 | 27.6  | -27.8  | -0.4 |   4.3   |  -1.9   |
| 包装材料 | 002846 | 英联股份 | 20.4  | -96.0  | -3.2 |   3.5   |   5.4   |
| 包装材料 | 002787 | 华源控股 | 18.4  | 143.4  | 0.9  |   5.0   |   5.8   |
| 包装材料 | 603022 |  新通联  | 17.7  |  55.4  | 0.3  |  -0.8   |  -3.9   |
| 包装材料 | 003003 | 天元股份 | 15.9  | 1368.3 | 0.0  |   0.1   |   0.5   |
+----------+--------+----------+-------+--------+------+---------+---------+
 




 [行业>单日涨幅]
+----------+--------+----------+-------+--------+------+---------+---------+
|   行业   |  代码  |   名称   | 市值  |   pe   | 涨幅 | 3日涨幅 | 6日涨幅 |
+----------+--------+----------+-------+--------+------+---------+---------+
| 包装材料 | 600210 | 紫江企业 | 101.9 |  21.0  | 10.0 |  11.8   |  12.8   |
| 包装材料 | 601968 | 宝钢包装 | 84.1  |  32.8  | 2.1  |   2.1   |   2.8   |
| 包装材料 | 301062 | 上海艾录 | 46.8  |  36.8  | 2.0  |   3.7   |   4.7   |
| 包装材料 | 300501 | 海顺新材 | 28.8  |  28.2  | 1.2  |   1.9   |   4.4   |
| 包装材料 | 601515 | 东风股份 | 85.9  |  17.7  | 1.1  |   1.5   |  -0.6   |
| 包装材料 | 002787 | 华源控股 | 18.4  | 143.4  | 0.9  |   5.0   |   5.8   |
| 包装材料 | 002191 | 劲嘉股份 | 140.3 |  11.5  | 0.7  |  -1.3   |  -1.4   |
| 包装材料 | 000659 | 珠海中富 | 40.1  | -51.5  | 0.7  |  -0.9   |  -1.6   |
| 包装材料 | 002303 |  美盈森  | 51.9  |  31.5  | 0.6  |   0.9   |   1.2   |
| 包装材料 | 002014 | 永新股份 | 41.2  |  15.8  | 0.5  |   0.0   |   1.1   |
| 包装材料 | 002752 | 昇兴股份 | 45.5  |  24.2  | 0.4  |   0.4   |   2.9   |
| 包装材料 | 002951 | 金时科技 | 33.5  | 875.3  | 0.4  |   1.4   |   1.4   |
| 包装材料 | 603022 |  新通联  | 17.7  |  55.4  | 0.3  |  -0.8   |  -3.9   |
| 包装材料 | 603687 |  大胜达  | 38.2  |  39.1  | 0.3  |   1.1   |   0.7   |
| 包装材料 | 600836 | 上海易连 | 45.4  | 520.7  | 0.1  |   0.6   |  -1.9   |
| 包装材料 | 002701 |  奥瑞金  | 135.4 |  16.4  | 0.0  |  -1.7   |  -0.9   |
| 包装材料 | 002228 | 合兴包装 | 42.7  |  20.4  | 0.0  |   0.6   |   0.3   |
| 包装材料 | 003003 | 天元股份 | 15.9  | 1368.3 | 0.0  |   0.1   |   0.5   |
| 包装材料 | 002799 | 环球印务 | 28.6  |  26.1  | -0.1 |  -0.3   |  -3.9   |
| 包装材料 | 002969 | 嘉美包装 | 39.1  | 166.5  | -0.2 |  -1.2   |  -4.7   |
| 包装材料 | 002599 | 盛通股份 | 27.6  | -27.8  | -0.4 |   4.3   |  -1.9   |
| 包装材料 | 002565 | 顺灏股份 | 48.0  | -415.4 | -0.9 |  -3.6   |  -7.7   |
| 包装材料 | 002735 | 王子新材 | 44.2  |  27.1  | -1.8 |   0.9   |  -0.8   |
| 包装材料 | 000812 | 陕西金叶 | 45.3  | 174.1  | -2.0 |  -2.6   |  -7.8   |
| 包装材料 | 002846 | 英联股份 | 20.4  | -96.0  | -3.2 |   3.5   |   5.4   |
+----------+--------+----------+-------+--------+------+---------+---------+
