[行业>市值]
+----------+--------+----------+--------+-------+------+---------+---------+
|   行业   |  代码  |   名称   |  市值  |  pe   | 涨幅 | 3日涨幅 | 6日涨幅 |
+----------+--------+----------+--------+-------+------+---------+---------+
| 化纤行业 | 002493 | 荣盛石化 | 1567.0 | 12.6  | 0.4  |  -2.0   |  -4.8   |
| 化纤行业 | 600346 | 恒力石化 | 1546.0 |  9.2  | -0.1 |  -1.9   |  -3.9   |
| 化纤行业 | 000301 | 东方盛虹 | 1105.0 | 40.1  | 5.5  |   9.2   |   3.2   |
| 化纤行业 | 000703 | 恒逸石化 | 394.5  | 13.5  | 1.4  |  -1.6   |  -4.3   |
| 化纤行业 | 002064 | 华峰化学 | 392.0  |  7.2  | 2.6  |   0.5   |  -0.6   |
| 化纤行业 | 601233 | 桐昆股份 | 387.0  |  6.4  | -0.3 |  -1.8   |  -5.1   |
| 化纤行业 | 688295 | 中复神鹰 | 356.0  | 75.6  | 0.9  |   8.4   |   4.0   |
| 化纤行业 | 300777 | 中简科技 | 214.4  | 59.1  | 4.2  |   7.1   |   8.8   |
| 化纤行业 | 603225 |  新凤鸣  | 168.4  | 14.8  | -0.5 |  -4.8   |  -2.1   |
| 化纤行业 | 600063 | 皖维高新 | 146.9  |  8.8  | 6.3  |  10.6   |   7.0   |
| 化纤行业 | 002254 | 泰和新材 | 112.2  | 19.2  | 2.6  |   3.1   |   7.4   |
| 化纤行业 | 000420 | 吉林化纤 | 112.1  | -57.2 | -0.6 |   1.6   |   5.3   |
| 化纤行业 | 600810 | 神马股份 |  95.1  |  6.5  | 1.8  |   0.4   |  -2.5   |
| 化纤行业 | 002206 |  海利得  |  80.8  | 16.5  | -2.4 |   0.9   |   0.9   |
| 化纤行业 | 000949 | 新乡化纤 |  53.7  | 32.8  | 0.0  |  -1.1   |  -2.1   |
| 化纤行业 | 601113 |  ST华鼎  |  52.5  | -17.2 | 0.0  |   6.2   |   5.0   |
| 化纤行业 | 000936 | 华西股份 |  48.1  | 62.3  | 0.6  |   1.3   |  -0.9   |
| 化纤行业 | 688722 |  同益中  |  40.4  | 33.0  | 4.5  |   7.7   |   9.1   |
| 化纤行业 | 600527 | 江南高纤 |  37.4  | 58.5  | -1.4 |   1.4   |   1.4   |
| 化纤行业 | 002427 | *ST尤夫  |  36.2  | -5.1  | -1.8 |  -0.8   |   0.6   |
| 化纤行业 | 603332 | 苏州龙杰 |  35.7  | -66.5 | 2.7  |  10.5   |   5.0   |
| 化纤行业 | 002172 | 澳洋健康 |  26.6  | 20.5  | 1.2  |   0.0   |   0.3   |
| 化纤行业 | 301057 | 汇隆新材 |  26.2  | 52.9  | 0.8  |   0.1   |  -4.0   |
| 化纤行业 | 000677 | 恒天海龙 |  25.4  | 40.9  | -0.3 |  -3.0   |  -0.7   |
| 化纤行业 | 000782 | 美达股份 |  24.1  | 30.3  | -0.7 |   0.0   |  -1.1   |
| 化纤行业 | 002998 | 优彩资源 |  22.9  | 19.1  | 0.3  |  -1.8   |  -2.6   |
| 化纤行业 | 300876 | 蒙泰高新 |  21.4  | 35.1  | 2.4  |   0.8   |  -0.2   |
| 化纤行业 | 600889 | 南京化纤 |  17.2  | -13.7 | 0.0  |  -0.6   |  -0.4   |
+----------+--------+----------+--------+-------+------+---------+---------+
 




 [行业>单日涨幅]
+----------+--------+----------+--------+-------+------+---------+---------+
|   行业   |  代码  |   名称   |  市值  |  pe   | 涨幅 | 3日涨幅 | 6日涨幅 |
+----------+--------+----------+--------+-------+------+---------+---------+
| 化纤行业 | 600063 | 皖维高新 | 146.9  |  8.8  | 6.3  |  10.6   |   7.0   |
| 化纤行业 | 000301 | 东方盛虹 | 1105.0 | 40.1  | 5.5  |   9.2   |   3.2   |
| 化纤行业 | 688722 |  同益中  |  40.4  | 33.0  | 4.5  |   7.7   |   9.1   |
| 化纤行业 | 300777 | 中简科技 | 214.4  | 59.1  | 4.2  |   7.1   |   8.8   |
| 化纤行业 | 603332 | 苏州龙杰 |  35.7  | -66.5 | 2.7  |  10.5   |   5.0   |
| 化纤行业 | 002254 | 泰和新材 | 112.2  | 19.2  | 2.6  |   3.1   |   7.4   |
| 化纤行业 | 002064 | 华峰化学 | 392.0  |  7.2  | 2.6  |   0.5   |  -0.6   |
| 化纤行业 | 300876 | 蒙泰高新 |  21.4  | 35.1  | 2.4  |   0.8   |  -0.2   |
| 化纤行业 | 600810 | 神马股份 |  95.1  |  6.5  | 1.8  |   0.4   |  -2.5   |
| 化纤行业 | 000703 | 恒逸石化 | 394.5  | 13.5  | 1.4  |  -1.6   |  -4.3   |
| 化纤行业 | 002172 | 澳洋健康 |  26.6  | 20.5  | 1.2  |   0.0   |   0.3   |
| 化纤行业 | 688295 | 中复神鹰 | 356.0  | 75.6  | 0.9  |   8.4   |   4.0   |
| 化纤行业 | 301057 | 汇隆新材 |  26.2  | 52.9  | 0.8  |   0.1   |  -4.0   |
| 化纤行业 | 000936 | 华西股份 |  48.1  | 62.3  | 0.6  |   1.3   |  -0.9   |
| 化纤行业 | 002493 | 荣盛石化 | 1567.0 | 12.6  | 0.4  |  -2.0   |  -4.8   |
| 化纤行业 | 002998 | 优彩资源 |  22.9  | 19.1  | 0.3  |  -1.8   |  -2.6   |
| 化纤行业 | 000949 | 新乡化纤 |  53.7  | 32.8  | 0.0  |  -1.1   |  -2.1   |
| 化纤行业 | 601113 |  ST华鼎  |  52.5  | -17.2 | 0.0  |   6.2   |   5.0   |
| 化纤行业 | 600889 | 南京化纤 |  17.2  | -13.7 | 0.0  |  -0.6   |  -0.4   |
| 化纤行业 | 600346 | 恒力石化 | 1546.0 |  9.2  | -0.1 |  -1.9   |  -3.9   |
| 化纤行业 | 601233 | 桐昆股份 | 387.0  |  6.4  | -0.3 |  -1.8   |  -5.1   |
| 化纤行业 | 000677 | 恒天海龙 |  25.4  | 40.9  | -0.3 |  -3.0   |  -0.7   |
| 化纤行业 | 603225 |  新凤鸣  | 168.4  | 14.8  | -0.5 |  -4.8   |  -2.1   |
| 化纤行业 | 000420 | 吉林化纤 | 112.1  | -57.2 | -0.6 |   1.6   |   5.3   |
| 化纤行业 | 000782 | 美达股份 |  24.1  | 30.3  | -0.7 |   0.0   |  -1.1   |
| 化纤行业 | 600527 | 江南高纤 |  37.4  | 58.5  | -1.4 |   1.4   |   1.4   |
| 化纤行业 | 002427 | *ST尤夫  |  36.2  | -5.1  | -1.8 |  -0.8   |   0.6   |
| 化纤行业 | 002206 |  海利得  |  80.8  | 16.5  | -2.4 |   0.9   |   0.9   |
+----------+--------+----------+--------+-------+------+---------+---------+
