[行业>市值]
+----------+--------+----------+--------+-------+------+---------+---------+
|   行业   |  代码  |   名称   |  市值  |  pe   | 涨幅 | 3日涨幅 | 6日涨幅 |
+----------+--------+----------+--------+-------+------+---------+---------+
| 化肥行业 | 000792 | 盐湖股份 | 1595.0 | 11.4  | 0.1  |  -0.1   |  -1.1   |
| 化肥行业 | 600096 |  云天化  | 539.9  |  8.2  | -0.8 |  -2.0   |  -3.7   |
| 化肥行业 | 000408 | 藏格矿业 | 518.7  | 15.9  | 0.6  |   1.8   |  -0.6   |
| 化肥行业 | 600141 | 兴发集团 | 453.4  |  6.6  | 0.9  |   0.2   |  -4.0   |
| 化肥行业 | 002312 | 川发龙蟒 | 290.5  | 26.6  | 5.9  |  20.2   |  24.6   |
| 化肥行业 | 000893 | 亚钾国际 | 261.9  | 23.4  | -0.3 |  -3.5   |  -5.3   |
| 化肥行业 | 000902 |  新洋丰  | 220.9  | 13.6  | 0.6  |  -0.3   |  -4.7   |
| 化肥行业 | 002895 | 川恒股份 | 165.0  | 39.6  | -0.9 |   1.9   |  -5.3   |
| 化肥行业 | 002539 | 云图控股 | 162.5  |  8.7  | 3.0  |   2.6   |  -2.2   |
| 化肥行业 | 603938 | 三孚股份 | 143.2  | 23.8  | 1.6  |  -0.8   |  -5.5   |
| 化肥行业 | 002556 | 辉隆股份 | 108.6  | 13.0  | 0.4  |  -2.7   |  -4.7   |
| 化肥行业 | 600691 | 阳煤化工 |  98.8  | 26.7  | 0.5  |   1.2   |  -0.9   |
| 化肥行业 | 002274 | 华昌化工 |  94.3  |  9.7  | 2.1  |  -0.4   |  -3.8   |
| 化肥行业 | 002538 |  司尔特  |  88.9  | 14.4  | 1.2  |   0.9   |  -1.7   |
| 化肥行业 | 000912 |  泸天化  |  83.6  | 14.9  | 0.0  |   0.6   |  -4.5   |
| 化肥行业 | 600078 | *ST澄星  |  76.2  | 28.2  | 4.8  |   7.3   |   5.8   |
| 化肥行业 | 002588 |  史丹利  |  73.5  | 12.3  | 0.5  |  -0.3   |  -5.8   |
| 化肥行业 | 002470 |  ST金正  |  72.0  | -69.0 | -1.4 |  -3.5   |  -4.4   |
| 化肥行业 | 300505 |  川金诺  |  59.7  | 24.9  | 0.3  |   0.1   |  -2.4   |
| 化肥行业 | 002170 | 芭田股份 |  57.1  | 65.7  | 7.2  |   7.3   |   7.3   |
| 化肥行业 | 000731 | 四川美丰 |  53.2  |  7.4  | 0.8  |  -0.8   |  -4.3   |
| 化肥行业 | 600470 | 六国化工 |  39.6  | 14.9  | 1.6  |   1.1   |  -6.6   |
| 化肥行业 | 002999 | 天禾股份 |  25.5  | 45.7  | -0.5 |   1.1   |  -1.1   |
| 化肥行业 | 300387 | 富邦股份 |  19.9  | 36.9  | 1.3  |  -0.4   |  -2.3   |
| 化肥行业 | 000611 |  天首退  |  4.8   | -15.2 | -2.0 |   0.0   |  32.7   |
+----------+--------+----------+--------+-------+------+---------+---------+
 




 [行业>单日涨幅]
+----------+--------+----------+--------+-------+------+---------+---------+
|   行业   |  代码  |   名称   |  市值  |  pe   | 涨幅 | 3日涨幅 | 6日涨幅 |
+----------+--------+----------+--------+-------+------+---------+---------+
| 化肥行业 | 002170 | 芭田股份 |  57.1  | 65.7  | 7.2  |   7.3   |   7.3   |
| 化肥行业 | 002312 | 川发龙蟒 | 290.5  | 26.6  | 5.9  |  20.2   |  24.6   |
| 化肥行业 | 600078 | *ST澄星  |  76.2  | 28.2  | 4.8  |   7.3   |   5.8   |
| 化肥行业 | 002539 | 云图控股 | 162.5  |  8.7  | 3.0  |   2.6   |  -2.2   |
| 化肥行业 | 002274 | 华昌化工 |  94.3  |  9.7  | 2.1  |  -0.4   |  -3.8   |
| 化肥行业 | 600470 | 六国化工 |  39.6  | 14.9  | 1.6  |   1.1   |  -6.6   |
| 化肥行业 | 603938 | 三孚股份 | 143.2  | 23.8  | 1.6  |  -0.8   |  -5.5   |
| 化肥行业 | 300387 | 富邦股份 |  19.9  | 36.9  | 1.3  |  -0.4   |  -2.3   |
| 化肥行业 | 002538 |  司尔特  |  88.9  | 14.4  | 1.2  |   0.9   |  -1.7   |
| 化肥行业 | 600141 | 兴发集团 | 453.4  |  6.6  | 0.9  |   0.2   |  -4.0   |
| 化肥行业 | 000731 | 四川美丰 |  53.2  |  7.4  | 0.8  |  -0.8   |  -4.3   |
| 化肥行业 | 000408 | 藏格矿业 | 518.7  | 15.9  | 0.6  |   1.8   |  -0.6   |
| 化肥行业 | 000902 |  新洋丰  | 220.9  | 13.6  | 0.6  |  -0.3   |  -4.7   |
| 化肥行业 | 600691 | 阳煤化工 |  98.8  | 26.7  | 0.5  |   1.2   |  -0.9   |
| 化肥行业 | 002588 |  史丹利  |  73.5  | 12.3  | 0.5  |  -0.3   |  -5.8   |
| 化肥行业 | 002556 | 辉隆股份 | 108.6  | 13.0  | 0.4  |  -2.7   |  -4.7   |
| 化肥行业 | 300505 |  川金诺  |  59.7  | 24.9  | 0.3  |   0.1   |  -2.4   |
| 化肥行业 | 000792 | 盐湖股份 | 1595.0 | 11.4  | 0.1  |  -0.1   |  -1.1   |
| 化肥行业 | 000912 |  泸天化  |  83.6  | 14.9  | 0.0  |   0.6   |  -4.5   |
| 化肥行业 | 000893 | 亚钾国际 | 261.9  | 23.4  | -0.3 |  -3.5   |  -5.3   |
| 化肥行业 | 002999 | 天禾股份 |  25.5  | 45.7  | -0.5 |   1.1   |  -1.1   |
| 化肥行业 | 600096 |  云天化  | 539.9  |  8.2  | -0.8 |  -2.0   |  -3.7   |
| 化肥行业 | 002895 | 川恒股份 | 165.0  | 39.6  | -0.9 |   1.9   |  -5.3   |
| 化肥行业 | 002470 |  ST金正  |  72.0  | -69.0 | -1.4 |  -3.5   |  -4.4   |
| 化肥行业 | 000611 |  天首退  |  4.8   | -15.2 | -2.0 |   0.0   |  32.7   |
+----------+--------+----------+--------+-------+------+---------+---------+
