[行业>市值]
+----------+--------+----------+-------+--------+------+---------+---------+
|   行业   |  代码  |   名称   | 市值  |   pe   | 涨幅 | 3日涨幅 | 6日涨幅 |
+----------+--------+----------+-------+--------+------+---------+---------+
| 多元金融 | 000617 | 中油资本 | 609.3 |  8.8   | -0.6 |  -1.0   |  -2.4   |
| 多元金融 | 000987 | 越秀金控 | 344.7 |  14.8  | -1.9 |  -1.2   |  -0.4   |
| 多元金融 | 600705 | 中航产融 | 311.3 | 679.5  | -0.3 |  -1.4   |  -1.7   |
| 多元金融 | 600927 | 永安期货 | 303.3 | 232.7  | -0.5 |   2.9   |   1.4   |
| 多元金融 | 600816 |  ST安信  | 225.9 | -11.8  | 0.5  |  -1.2   |  -3.5   |
| 多元金融 | 600390 | 五矿资本 | 223.6 |  7.9   | -0.8 |   0.0   |  -2.5   |
| 多元金融 | 002423 | 中粮资本 | 157.4 | -11.5  | -1.3 |  -1.0   |  -3.1   |
| 多元金融 | 600901 | 江苏租赁 | 154.4 |  6.3   | 0.2  |   2.2   |   0.4   |
| 多元金融 | 000567 | 海德股份 | 144.1 |  28.3  | 0.3  |   2.6   |  -0.8   |
| 多元金融 | 000415 | 渤海租赁 | 135.4 |  -4.6  | 0.5  |   0.5   |  -1.4   |
| 多元金融 | 000563 | 陕国投Ａ  | 125.7 |  17.9  | -0.9 |   0.0   |  -0.3   |
| 多元金融 | 600120 | 浙江东方 | 115.0 |  72.0  | -0.2 |  -0.2   |  -0.8   |
| 多元金融 | 600643 | 爱建集团 | 96.5  |  8.1   | 0.0  |  -0.2   |  -1.5   |
| 多元金融 | 002961 | 瑞达期货 | 79.8  |  20.9  | 1.4  |   3.8   |   1.9   |
| 多元金融 | 600053 | 九鼎投资 | 77.6  |  43.7  | 1.3  |  -0.1   |  -0.1   |
| 多元金融 | 000046 | 泛海控股 | 77.4  |  -2.4  | 0.0  |   0.0   |  -1.3   |
| 多元金融 | 603093 | 南华期货 | 65.2  |  58.0  | -0.7 |   1.3   |  -0.7   |
| 多元金融 | 000666 | 经纬纺机 | 61.5  |  11.3  | 0.6  |  -0.3   |  -1.0   |
| 多元金融 | 600318 | 新力金融 | 39.7  | 432.8  | -1.5 |  -0.3   |  -2.5   |
| 多元金融 | 002647 | 仁东控股 | 38.4  | -46.5  | -0.1 |  -4.3   |  -2.1   |
| 多元金融 | 600830 | 香溢融通 | 26.0  |  54.1  | -0.5 |  -0.5   |  -4.3   |
| 多元金融 | 000416 | 民生控股 | 20.6  | -111.0 | -1.3 |   1.3   |  -0.3   |
| 多元金融 | 300309 | *ST吉艾  | 15.9  |  -3.5  | 0.0  |   2.3   |  -2.7   |
| 多元金融 | 600139 | *ST西源  | 15.8  | -10.7  | 1.7  |   0.8   |  16.1   |
| 多元金融 | 600599 |  ST熊猫  | 15.7  |  10.8  | -0.5 |   1.1   |  -3.8   |
| 多元金融 | 600093 | 退市易见 |  0.0  |  0.0   | 0.0  |   0.0   |   0.0   |
+----------+--------+----------+-------+--------+------+---------+---------+
 




 [行业>单日涨幅]
+----------+--------+----------+-------+--------+------+---------+---------+
|   行业   |  代码  |   名称   | 市值  |   pe   | 涨幅 | 3日涨幅 | 6日涨幅 |
+----------+--------+----------+-------+--------+------+---------+---------+
| 多元金融 | 600139 | *ST西源  | 15.8  | -10.7  | 1.7  |   0.8   |  16.1   |
| 多元金融 | 002961 | 瑞达期货 | 79.8  |  20.9  | 1.4  |   3.8   |   1.9   |
| 多元金融 | 600053 | 九鼎投资 | 77.6  |  43.7  | 1.3  |  -0.1   |  -0.1   |
| 多元金融 | 000666 | 经纬纺机 | 61.5  |  11.3  | 0.6  |  -0.3   |  -1.0   |
| 多元金融 | 600816 |  ST安信  | 225.9 | -11.8  | 0.5  |  -1.2   |  -3.5   |
| 多元金融 | 000415 | 渤海租赁 | 135.4 |  -4.6  | 0.5  |   0.5   |  -1.4   |
| 多元金融 | 000567 | 海德股份 | 144.1 |  28.3  | 0.3  |   2.6   |  -0.8   |
| 多元金融 | 600901 | 江苏租赁 | 154.4 |  6.3   | 0.2  |   2.2   |   0.4   |
| 多元金融 | 600643 | 爱建集团 | 96.5  |  8.1   | 0.0  |  -0.2   |  -1.5   |
| 多元金融 | 000046 | 泛海控股 | 77.4  |  -2.4  | 0.0  |   0.0   |  -1.3   |
| 多元金融 | 300309 | *ST吉艾  | 15.9  |  -3.5  | 0.0  |   2.3   |  -2.7   |
| 多元金融 | 600093 | 退市易见 |  0.0  |  0.0   | 0.0  |   0.0   |   0.0   |
| 多元金融 | 002647 | 仁东控股 | 38.4  | -46.5  | -0.1 |  -4.3   |  -2.1   |
| 多元金融 | 600120 | 浙江东方 | 115.0 |  72.0  | -0.2 |  -0.2   |  -0.8   |
| 多元金融 | 600705 | 中航产融 | 311.3 | 679.5  | -0.3 |  -1.4   |  -1.7   |
| 多元金融 | 600830 | 香溢融通 | 26.0  |  54.1  | -0.5 |  -0.5   |  -4.3   |
| 多元金融 | 600599 |  ST熊猫  | 15.7  |  10.8  | -0.5 |   1.1   |  -3.8   |
| 多元金融 | 600927 | 永安期货 | 303.3 | 232.7  | -0.5 |   2.9   |   1.4   |
| 多元金融 | 000617 | 中油资本 | 609.3 |  8.8   | -0.6 |  -1.0   |  -2.4   |
| 多元金融 | 603093 | 南华期货 | 65.2  |  58.0  | -0.7 |   1.3   |  -0.7   |
| 多元金融 | 600390 | 五矿资本 | 223.6 |  7.9   | -0.8 |   0.0   |  -2.5   |
| 多元金融 | 000563 | 陕国投Ａ  | 125.7 |  17.9  | -0.9 |   0.0   |  -0.3   |
| 多元金融 | 000416 | 民生控股 | 20.6  | -111.0 | -1.3 |   1.3   |  -0.3   |
| 多元金融 | 002423 | 中粮资本 | 157.4 | -11.5  | -1.3 |  -1.0   |  -3.1   |
| 多元金融 | 600318 | 新力金融 | 39.7  | 432.8  | -1.5 |  -0.3   |  -2.5   |
| 多元金融 | 000987 | 越秀金控 | 344.7 |  14.8  | -1.9 |  -1.2   |  -0.4   |
+----------+--------+----------+-------+--------+------+---------+---------+
