[行业>市值]
+----------+--------+----------+-------+--------+------+---------+---------+
|   行业   |  代码  |   名称   | 市值  |   pe   | 涨幅 | 3日涨幅 | 6日涨幅 |
+----------+--------+----------+-------+--------+------+---------+---------+
| 家用轻工 | 603899 | 晨光股份 | 470.6 |  42.7  | 1.6  |  -2.7   |   1.3   |
| 家用轻工 | 001323 | 慕思股份 | 204.1 |  41.1  | -9.0 |  31.1   |  31.1   |
| 家用轻工 | 605099 | 共创草坪 | 114.0 |  33.4  | -1.6 |   1.9   |   5.5   |
| 家用轻工 | 603398 | 沐邦高科 | 96.5  | -264.7 | 6.3  |   5.3   |  17.0   |
| 家用轻工 | 002489 | 浙江永强 | 87.9  |  16.0  | 1.2  |  -3.6   |  -4.7   |
| 家用轻工 | 002678 | 珠江钢琴 | 79.0  |  37.2  | 0.9  |   0.3   |  -2.4   |
| 家用轻工 | 002605 | 姚记科技 | 68.6  |  18.7  | 0.3  |  -4.8   |   2.4   |
| 家用轻工 | 603848 |  好太太  | 67.5  |  37.2  | 1.5  |   1.8   |  10.4   |
| 家用轻工 | 301101 | 明月镜片 | 60.7  |  68.6  | 2.6  |   3.7   |  -2.9   |
| 家用轻工 | 002301 | 齐心集团 | 46.3  |  21.1  | -0.2 |   2.1   |   3.3   |
| 家用轻工 | 605299 | 舒华体育 | 44.4  |  83.6  | 5.9  |   3.4   |   3.0   |
| 家用轻工 | 300729 | 乐歌股份 | 39.7  |  55.1  | 1.2  |  -0.8   |   4.3   |
| 家用轻工 | 300651 | 金陵体育 | 33.9  | 331.0  | 4.2  |   1.4   |   1.4   |
| 家用轻工 | 600439 |  瑞贝卡  | 30.4  |  59.6  | 0.4  |  -0.7   |  -0.4   |
| 家用轻工 | 002575 | 群兴玩具 | 29.1  | 420.4  | 1.3  |   3.1   |   0.2   |
| 家用轻工 | 002571 | 德力股份 | 29.1  | 281.8  | 6.6  |   8.6   |   8.2   |
| 家用轻工 | 301004 | 嘉益股份 | 24.9  |  18.9  | 6.3  |   1.8   |  11.4   |
| 家用轻工 | 002615 |  哈尔斯  | 24.6  |  20.0  | 4.9  |   5.9   |   8.2   |
| 家用轻工 | 002103 | 广博股份 | 23.6  | -39.5  | 0.0  |  -2.2   |  -1.1   |
| 家用轻工 | 002348 | 高乐股份 | 20.0  | -10.0  | -3.6 |   1.4   |   1.9   |
| 家用轻工 | 300329 | 海伦钢琴 | 17.8  |  70.7  | 0.0  |  -0.7   |  -4.3   |
| 家用轻工 | 300703 | 创源股份 | 17.1  | 106.1  | 2.1  |   2.6   |   1.0   |
| 家用轻工 | 300640 | 德艺文创 | 16.3  |  49.4  | 0.2  |   0.2   |   0.9   |
| 家用轻工 | 002899 |  英派斯  | 14.6  | 272.8  | 1.2  |   1.5   |   1.6   |
| 家用轻工 | 002862 | 实丰文化 | 13.2  | 171.2  | 0.3  |   0.6   |   1.8   |
+----------+--------+----------+-------+--------+------+---------+---------+
 




 [行业>单日涨幅]
+----------+--------+----------+-------+--------+------+---------+---------+
|   行业   |  代码  |   名称   | 市值  |   pe   | 涨幅 | 3日涨幅 | 6日涨幅 |
+----------+--------+----------+-------+--------+------+---------+---------+
| 家用轻工 | 002571 | 德力股份 | 29.1  | 281.8  | 6.6  |   8.6   |   8.2   |
| 家用轻工 | 603398 | 沐邦高科 | 96.5  | -264.7 | 6.3  |   5.3   |  17.0   |
| 家用轻工 | 301004 | 嘉益股份 | 24.9  |  18.9  | 6.3  |   1.8   |  11.4   |
| 家用轻工 | 605299 | 舒华体育 | 44.4  |  83.6  | 5.9  |   3.4   |   3.0   |
| 家用轻工 | 002615 |  哈尔斯  | 24.6  |  20.0  | 4.9  |   5.9   |   8.2   |
| 家用轻工 | 300651 | 金陵体育 | 33.9  | 331.0  | 4.2  |   1.4   |   1.4   |
| 家用轻工 | 301101 | 明月镜片 | 60.7  |  68.6  | 2.6  |   3.7   |  -2.9   |
| 家用轻工 | 300703 | 创源股份 | 17.1  | 106.1  | 2.1  |   2.6   |   1.0   |
| 家用轻工 | 603899 | 晨光股份 | 470.6 |  42.7  | 1.6  |  -2.7   |   1.3   |
| 家用轻工 | 603848 |  好太太  | 67.5  |  37.2  | 1.5  |   1.8   |  10.4   |
| 家用轻工 | 002575 | 群兴玩具 | 29.1  | 420.4  | 1.3  |   3.1   |   0.2   |
| 家用轻工 | 002489 | 浙江永强 | 87.9  |  16.0  | 1.2  |  -3.6   |  -4.7   |
| 家用轻工 | 300729 | 乐歌股份 | 39.7  |  55.1  | 1.2  |  -0.8   |   4.3   |
| 家用轻工 | 002899 |  英派斯  | 14.6  | 272.8  | 1.2  |   1.5   |   1.6   |
| 家用轻工 | 002678 | 珠江钢琴 | 79.0  |  37.2  | 0.9  |   0.3   |  -2.4   |
| 家用轻工 | 600439 |  瑞贝卡  | 30.4  |  59.6  | 0.4  |  -0.7   |  -0.4   |
| 家用轻工 | 002605 | 姚记科技 | 68.6  |  18.7  | 0.3  |  -4.8   |   2.4   |
| 家用轻工 | 002862 | 实丰文化 | 13.2  | 171.2  | 0.3  |   0.6   |   1.8   |
| 家用轻工 | 300640 | 德艺文创 | 16.3  |  49.4  | 0.2  |   0.2   |   0.9   |
| 家用轻工 | 002103 | 广博股份 | 23.6  | -39.5  | 0.0  |  -2.2   |  -1.1   |
| 家用轻工 | 300329 | 海伦钢琴 | 17.8  |  70.7  | 0.0  |  -0.7   |  -4.3   |
| 家用轻工 | 002301 | 齐心集团 | 46.3  |  21.1  | -0.2 |   2.1   |   3.3   |
| 家用轻工 | 605099 | 共创草坪 | 114.0 |  33.4  | -1.6 |   1.9   |   5.5   |
| 家用轻工 | 002348 | 高乐股份 | 20.0  | -10.0  | -3.6 |   1.4   |   1.9   |
| 家用轻工 | 001323 | 慕思股份 | 204.1 |  41.1  | -9.0 |  31.1   |  31.1   |
+----------+--------+----------+-------+--------+------+---------+---------+
