[行业>市值]
+----------+--------+----------+-------+--------+------+---------+---------+
|   行业   |  代码  |   名称   | 市值  |   pe   | 涨幅 | 3日涨幅 | 6日涨幅 |
+----------+--------+----------+-------+--------+------+---------+---------+
| 橡胶制品 | 601966 | 玲珑轮胎 | 395.7 | -107.7 | 2.3  |   9.4   |  21.0   |
| 橡胶制品 | 601058 | 赛轮轮胎 | 367.3 |  28.5  | -2.2 |   2.4   |   2.7   |
| 橡胶制品 | 000887 | 中鼎股份 | 265.9 |  26.5  | 1.5  |  11.0   |  10.5   |
| 橡胶制品 | 002984 |  森麒麟  | 222.9 |  23.9  | -0.3 |   5.0   |   9.7   |
| 橡胶制品 | 601118 | 海南橡胶 | 201.6 | -178.0 | 0.0  |  -1.9   |  -0.6   |
| 橡胶制品 | 603650 | 彤程新材 | 189.4 |  65.8  | 10.0 |  11.8   |   8.8   |
| 橡胶制品 | 603033 | XR三维股 | 178.8 |  91.8  | 6.5  |   7.4   |   7.5   |
| 橡胶制品 | 300767 | 震安科技 | 142.1 | 109.2  | -4.0 |  -5.0   |  -4.5   |
| 橡胶制品 | 300587 | 天铁股份 | 117.7 |  25.4  | 10.7 |   4.8   |   3.0   |
| 橡胶制品 | 002068 | 黑猫股份 | 112.4 | -269.6 | -0.6 |   5.5   |   3.9   |
| 橡胶制品 | 601163 | 三角轮胎 | 95.4  |  40.8  | -0.8 |   1.2   |   3.1   |
| 橡胶制品 | 300320 | 海达股份 | 87.8  |  54.5  | -2.0 |  13.3   |   7.0   |
| 橡胶制品 | 600480 | XD凌云股 | 84.2  |  23.0  | 0.1  |   5.0   |   5.4   |
| 橡胶制品 | 605183 | 确成股份 | 78.2  |  23.4  | 0.0  |   3.1   |   3.9   |
| 橡胶制品 | 000589 | 贵州轮胎 | 54.7  |  24.3  | -2.2 |  -0.6   |  14.7   |
| 橡胶制品 | 601500 | 通用股份 | 49.2  | 165.9  | -1.1 |   1.8   |   5.0   |
| 橡胶制品 | 600182 | S*ST佳通 | 45.1  | 280.7  | 5.0  |   7.8   |   1.8   |
| 橡胶制品 | 300121 | 阳谷华泰 | 40.4  |  8.9   | 0.8  |   1.1   |  -0.7   |
| 橡胶制品 | 002753 | 永东股份 | 36.9  |  87.5  | -5.1 |  14.8   |  31.4   |
| 橡胶制品 | 300547 | 川环科技 | 35.7  |  42.4  | -0.1 |   4.0   |   8.6   |
| 橡胶制品 | 002224 |  三力士  | 35.2  | -162.3 | -0.8 |   5.7   |   6.9   |
| 橡胶制品 | 300731 | 科创新源 | 34.7  | -77.8  | 20.0 |  19.6   |  65.9   |
| 橡胶制品 | 000599 | 青岛双星 | 33.5  |  -5.7  | -2.1 |   0.0   |  -0.2   |
| 橡胶制品 | 600469 | 风神股份 | 33.3  | -20.2  | -1.1 |   0.9   |  -5.4   |
| 橡胶制品 | 001207 | 联科科技 | 30.6  |  32.2  | -1.4 |   1.5   |   3.5   |
| 橡胶制品 | 002442 | 龙星化工 | 27.9  |  61.1  | -4.4 |   7.4   |   9.4   |
| 橡胶制品 | 002381 | 双箭股份 | 25.9  |  19.9  | 0.6  |   0.3   |   1.9   |
| 橡胶制品 | 301233 | 盛帮股份 | 16.0  |  27.2  | 0.0  |   0.0   |   0.0   |
+----------+--------+----------+-------+--------+------+---------+---------+
 




 [行业>单日涨幅]
+----------+--------+----------+-------+--------+------+---------+---------+
|   行业   |  代码  |   名称   | 市值  |   pe   | 涨幅 | 3日涨幅 | 6日涨幅 |
+----------+--------+----------+-------+--------+------+---------+---------+
| 橡胶制品 | 300731 | 科创新源 | 34.7  | -77.8  | 20.0 |  19.6   |  65.9   |
| 橡胶制品 | 300587 | 天铁股份 | 117.7 |  25.4  | 10.7 |   4.8   |   3.0   |
| 橡胶制品 | 603650 | 彤程新材 | 189.4 |  65.8  | 10.0 |  11.8   |   8.8   |
| 橡胶制品 | 603033 | XR三维股 | 178.8 |  91.8  | 6.5  |   7.4   |   7.5   |
| 橡胶制品 | 600182 | S*ST佳通 | 45.1  | 280.7  | 5.0  |   7.8   |   1.8   |
| 橡胶制品 | 601966 | 玲珑轮胎 | 395.7 | -107.7 | 2.3  |   9.4   |  21.0   |
| 橡胶制品 | 000887 | 中鼎股份 | 265.9 |  26.5  | 1.5  |  11.0   |  10.5   |
| 橡胶制品 | 300121 | 阳谷华泰 | 40.4  |  8.9   | 0.8  |   1.1   |  -0.7   |
| 橡胶制品 | 002381 | 双箭股份 | 25.9  |  19.9  | 0.6  |   0.3   |   1.9   |
| 橡胶制品 | 600480 | XD凌云股 | 84.2  |  23.0  | 0.1  |   5.0   |   5.4   |
| 橡胶制品 | 601118 | 海南橡胶 | 201.6 | -178.0 | 0.0  |  -1.9   |  -0.6   |
| 橡胶制品 | 605183 | 确成股份 | 78.2  |  23.4  | 0.0  |   3.1   |   3.9   |
| 橡胶制品 | 301233 | 盛帮股份 | 16.0  |  27.2  | 0.0  |   0.0   |   0.0   |
| 橡胶制品 | 300547 | 川环科技 | 35.7  |  42.4  | -0.1 |   4.0   |   8.6   |
| 橡胶制品 | 002984 |  森麒麟  | 222.9 |  23.9  | -0.3 |   5.0   |   9.7   |
| 橡胶制品 | 002068 | 黑猫股份 | 112.4 | -269.6 | -0.6 |   5.5   |   3.9   |
| 橡胶制品 | 601163 | 三角轮胎 | 95.4  |  40.8  | -0.8 |   1.2   |   3.1   |
| 橡胶制品 | 002224 |  三力士  | 35.2  | -162.3 | -0.8 |   5.7   |   6.9   |
| 橡胶制品 | 601500 | 通用股份 | 49.2  | 165.9  | -1.1 |   1.8   |   5.0   |
| 橡胶制品 | 600469 | 风神股份 | 33.3  | -20.2  | -1.1 |   0.9   |  -5.4   |
| 橡胶制品 | 001207 | 联科科技 | 30.6  |  32.2  | -1.4 |   1.5   |   3.5   |
| 橡胶制品 | 300320 | 海达股份 | 87.8  |  54.5  | -2.0 |  13.3   |   7.0   |
| 橡胶制品 | 000599 | 青岛双星 | 33.5  |  -5.7  | -2.1 |   0.0   |  -0.2   |
| 橡胶制品 | 601058 | 赛轮轮胎 | 367.3 |  28.5  | -2.2 |   2.4   |   2.7   |
| 橡胶制品 | 000589 | 贵州轮胎 | 54.7  |  24.3  | -2.2 |  -0.6   |  14.7   |
| 橡胶制品 | 300767 | 震安科技 | 142.1 | 109.2  | -4.0 |  -5.0   |  -4.5   |
| 橡胶制品 | 002442 | 龙星化工 | 27.9  |  61.1  | -4.4 |   7.4   |   9.4   |
| 橡胶制品 | 002753 | 永东股份 | 36.9  |  87.5  | -5.1 |  14.8   |  31.4   |
+----------+--------+----------+-------+--------+------+---------+---------+
