[行业>市值]
+----------+--------+----------+--------+-------+------+---------+---------+
|   行业   |  代码  |   名称   |  市值  |  pe   | 涨幅 | 3日涨幅 | 6日涨幅 |
+----------+--------+----------+--------+-------+------+---------+---------+
| 汽车整车 | 601633 | 长城汽车 | 3699.0 | 56.6  | -1.2 |   4.2   |   3.4   |
| 汽车整车 | 600104 | 上汽集团 | 2125.0 |  9.6  | -0.9 |   2.2   |   1.8   |
| 汽车整车 | 601238 | 广汽集团 | 1827.0 | 15.2  | -0.2 |   5.4   |   4.8   |
| 汽车整车 | 000625 | 长安汽车 | 1706.0 |  9.4  | 2.9  |  10.6   |  20.3   |
| 汽车整车 | 601127 | 小康股份 | 1157.0 | -34.5 | 10.0 |  20.0   |  20.9   |
| 汽车整车 | 000800 | 一汽解放 | 442.1  | 24.4  | -2.9 |   1.2   |  -2.5   |
| 汽车整车 | 600733 | 北汽蓝谷 | 428.7  | -11.2 | 5.4  |   6.0   |  10.0   |
| 汽车整车 | 600418 | 江淮汽车 | 298.1  | -25.7 | 0.1  |   3.7   |   0.7   |
| 汽车整车 | 601777 | 力帆科技 | 257.4  | 126.5 | 5.9  |  10.0   |  10.2   |
| 汽车整车 | 301039 | 中集车辆 | 232.0  | 46.6  | -2.5 |   8.5   |  12.0   |
| 汽车整车 | 600066 | 宇通客车 | 199.5  | -43.1 | -2.1 |  11.5   |  11.4   |
| 汽车整车 | 600166 | 福田汽车 | 194.6  | 35.9  | 0.0  |   7.2   |   8.4   |
| 汽车整车 | 000980 |  ST众泰  | 185.0  | -29.5 | -1.1 |  -1.4   |  -1.4   |
| 汽车整车 | 000951 | 中国重汽 | 157.1  | 31.6  | -1.0 |   3.9   |   7.7   |
| 汽车整车 | 600006 | 东风汽车 | 157.0  | 33.1  | -3.9 |   3.0   |   2.1   |
| 汽车整车 | 000550 | 江铃汽车 | 146.1  | 18.8  | 0.7  |  10.1   |  10.0   |
| 汽车整车 | 000957 | 中通客车 | 126.4  | -89.6 | 0.0  |   0.0   |  23.6   |
| 汽车整车 | 000572 | 海马汽车 | 103.0  | -42.2 | -3.0 |  -0.3   |   1.1   |
| 汽车整车 | 600686 | 金龙汽车 |  50.8  | 327.4 | -5.1 |   9.4   |  12.6   |
| 汽车整车 | 000868 | 安凯客车 |  49.4  | -30.9 | 9.9  |  33.2   |  34.5   |
| 汽车整车 | 600213 | 亚星客车 |  27.1  | -15.6 | 0.2  |  15.7   |  12.4   |
| 汽车整车 | 600303 |  ST曙光  |  23.6  | -18.1 | -0.6 |   5.4   |   7.1   |
| 汽车整车 | 002594 |  比亚迪  |  0.0   | 316.0 | -0.7 |   3.0   |   4.5   |
+----------+--------+----------+--------+-------+------+---------+---------+
 




 [行业>单日涨幅]
+----------+--------+----------+--------+-------+------+---------+---------+
|   行业   |  代码  |   名称   |  市值  |  pe   | 涨幅 | 3日涨幅 | 6日涨幅 |
+----------+--------+----------+--------+-------+------+---------+---------+
| 汽车整车 | 601127 | 小康股份 | 1157.0 | -34.5 | 10.0 |  20.0   |  20.9   |
| 汽车整车 | 000868 | 安凯客车 |  49.4  | -30.9 | 9.9  |  33.2   |  34.5   |
| 汽车整车 | 601777 | 力帆科技 | 257.4  | 126.5 | 5.9  |  10.0   |  10.2   |
| 汽车整车 | 600733 | 北汽蓝谷 | 428.7  | -11.2 | 5.4  |   6.0   |  10.0   |
| 汽车整车 | 000625 | 长安汽车 | 1706.0 |  9.4  | 2.9  |  10.6   |  20.3   |
| 汽车整车 | 000550 | 江铃汽车 | 146.1  | 18.8  | 0.7  |  10.1   |  10.0   |
| 汽车整车 | 600213 | 亚星客车 |  27.1  | -15.6 | 0.2  |  15.7   |  12.4   |
| 汽车整车 | 600418 | 江淮汽车 | 298.1  | -25.7 | 0.1  |   3.7   |   0.7   |
| 汽车整车 | 600166 | 福田汽车 | 194.6  | 35.9  | 0.0  |   7.2   |   8.4   |
| 汽车整车 | 000957 | 中通客车 | 126.4  | -89.6 | 0.0  |   0.0   |  23.6   |
| 汽车整车 | 601238 | 广汽集团 | 1827.0 | 15.2  | -0.2 |   5.4   |   4.8   |
| 汽车整车 | 600303 |  ST曙光  |  23.6  | -18.1 | -0.6 |   5.4   |   7.1   |
| 汽车整车 | 002594 |  比亚迪  |  0.0   | 316.0 | -0.7 |   3.0   |   4.5   |
| 汽车整车 | 600104 | 上汽集团 | 2125.0 |  9.6  | -0.9 |   2.2   |   1.8   |
| 汽车整车 | 000951 | 中国重汽 | 157.1  | 31.6  | -1.0 |   3.9   |   7.7   |
| 汽车整车 | 000980 |  ST众泰  | 185.0  | -29.5 | -1.1 |  -1.4   |  -1.4   |
| 汽车整车 | 601633 | 长城汽车 | 3699.0 | 56.6  | -1.2 |   4.2   |   3.4   |
| 汽车整车 | 600066 | 宇通客车 | 199.5  | -43.1 | -2.1 |  11.5   |  11.4   |
| 汽车整车 | 301039 | 中集车辆 | 232.0  | 46.6  | -2.5 |   8.5   |  12.0   |
| 汽车整车 | 000800 | 一汽解放 | 442.1  | 24.4  | -2.9 |   1.2   |  -2.5   |
| 汽车整车 | 000572 | 海马汽车 | 103.0  | -42.2 | -3.0 |  -0.3   |   1.1   |
| 汽车整车 | 600006 | 东风汽车 | 157.0  | 33.1  | -3.9 |   3.0   |   2.1   |
| 汽车整车 | 600686 | 金龙汽车 |  50.8  | 327.4 | -5.1 |   9.4   |  12.6   |
+----------+--------+----------+--------+-------+------+---------+---------+
