[行业>市值]
+------+--------+----------+-------+--------+------+---------+---------+
| 行业 |  代码  |   名称   | 市值  |   pe   | 涨幅 | 3日涨幅 | 6日涨幅 |
+------+--------+----------+-------+--------+------+---------+---------+
| 燃气 | 600956 | 新天绿能 | 526.7 |  14.1  | 2.9  |   0.7   |   2.9   |
| 燃气 | 600803 | 新奥股份 | 526.2 |  17.5  | 4.0  |   2.0   |  -2.2   |
| 燃气 | 601139 | 深圳燃气 | 202.8 |  22.4  | 1.3  |   0.6   |  -1.3   |
| 燃气 | 605090 | 九丰能源 | 130.7 |  8.3   | 0.6  |  -1.6   |  -2.9   |
| 燃气 | 600917 | 重庆燃气 | 116.3 |  28.8  | -0.9 |   2.5   |  -0.7   |
| 燃气 | 600635 | 大众公用 | 98.9  |  -7.6  | 2.1  |   2.5   |   2.5   |
| 燃气 | 000968 | 蓝焰控股 | 98.5  |  9.1   | -2.1 |  -4.2   |  -13.9  |
| 燃气 | 300332 | 天壕环境 | 92.4  |  17.4  | -2.2 |   1.6   |  -1.8   |
| 燃气 | 603393 | 新天然气 | 90.8  |  11.0  | -0.7 |  -3.1   |  -5.5   |
| 燃气 | 600903 | 贵州燃气 | 90.3  | -36.4  | -2.0 |  -3.3   |  -8.8   |
| 燃气 | 002911 | 佛燃能源 | 85.9  |  28.7  | -0.1 |  -0.3   |  -1.5   |
| 燃气 | 603053 | 成都燃气 | 82.7  |  10.5  | -0.4 |  -1.2   |  -1.8   |
| 燃气 | 002267 | 陕天然气 | 78.6  |  3.9   | 0.1  |   1.3   |  -1.7   |
| 燃气 | 600617 | XD国新能 | 64.2  |  9.2   | -0.4 |  -1.5   |  -4.1   |
| 燃气 | 605368 | 蓝天燃气 | 63.3  |  8.3   | 0.3  |  -1.9   |  -4.1   |
| 燃气 | 600681 | 百川能源 | 61.6  |  10.6  | 0.0  |  -1.9   |  -2.8   |
| 燃气 | 300435 | 中泰股份 | 58.5  |  23.4  | -0.8 |  -0.6   |   0.5   |
| 燃气 | 300483 | 首华燃气 | 37.3  |  21.9  | 1.1  |  -2.1   |  -6.7   |
| 燃气 | 603689 | 皖天然气 | 34.2  |  12.7  | 0.2  |   0.3   |  -1.4   |
| 燃气 | 000407 | 胜利股份 | 32.2  |  26.1  | -0.5 |  -1.6   |  -2.7   |
| 燃气 | 605169 | 洪通燃气 | 32.1  |  15.1  | -0.3 |  -2.1   |  -4.8   |
| 燃气 | 600333 | 长春燃气 | 30.4  | -65.2  | -1.0 |  -1.6   |  -3.9   |
| 燃气 | 603318 | 水发燃气 | 29.6  |  57.4  | -0.5 |  -2.0   |  -1.1   |
| 燃气 | 603706 | 东方环宇 | 29.5  |  11.7  | 0.5  |   0.8   |  -5.2   |
| 燃气 | 000421 | 南京公用 | 27.5  | -52.6  | -1.0 |  -1.4   |  -1.4   |
| 燃气 | 002259 |  ST升达  | 21.9  | -146.4 | 0.0  |  -0.7   |  -0.3   |
| 燃气 | 000593 | 德龙汇能 | 20.1  | 213.4  | 0.9  |   0.9   |   1.3   |
| 燃气 | 603080 | 新疆火炬 | 18.6  |  12.9  | -0.1 |  -1.2   |  -3.6   |
| 燃气 | 002700 |  ST浩源  | 17.6  |  29.6  | 1.2  |   0.7   |   5.8   |
| 燃气 | 000669 |  ST金鸿  | 10.9  | -45.0  | -0.6 |  -3.0   |  -4.8   |
+------+--------+----------+-------+--------+------+---------+---------+
 




 [行业>单日涨幅]
+------+--------+----------+-------+--------+------+---------+---------+
| 行业 |  代码  |   名称   | 市值  |   pe   | 涨幅 | 3日涨幅 | 6日涨幅 |
+------+--------+----------+-------+--------+------+---------+---------+
| 燃气 | 600803 | 新奥股份 | 526.2 |  17.5  | 4.0  |   2.0   |  -2.2   |
| 燃气 | 600956 | 新天绿能 | 526.7 |  14.1  | 2.9  |   0.7   |   2.9   |
| 燃气 | 600635 | 大众公用 | 98.9  |  -7.6  | 2.1  |   2.5   |   2.5   |
| 燃气 | 601139 | 深圳燃气 | 202.8 |  22.4  | 1.3  |   0.6   |  -1.3   |
| 燃气 | 002700 |  ST浩源  | 17.6  |  29.6  | 1.2  |   0.7   |   5.8   |
| 燃气 | 300483 | 首华燃气 | 37.3  |  21.9  | 1.1  |  -2.1   |  -6.7   |
| 燃气 | 000593 | 德龙汇能 | 20.1  | 213.4  | 0.9  |   0.9   |   1.3   |
| 燃气 | 605090 | 九丰能源 | 130.7 |  8.3   | 0.6  |  -1.6   |  -2.9   |
| 燃气 | 603706 | 东方环宇 | 29.5  |  11.7  | 0.5  |   0.8   |  -5.2   |
| 燃气 | 605368 | 蓝天燃气 | 63.3  |  8.3   | 0.3  |  -1.9   |  -4.1   |
| 燃气 | 603689 | 皖天然气 | 34.2  |  12.7  | 0.2  |   0.3   |  -1.4   |
| 燃气 | 002267 | 陕天然气 | 78.6  |  3.9   | 0.1  |   1.3   |  -1.7   |
| 燃气 | 600681 | 百川能源 | 61.6  |  10.6  | 0.0  |  -1.9   |  -2.8   |
| 燃气 | 002259 |  ST升达  | 21.9  | -146.4 | 0.0  |  -0.7   |  -0.3   |
| 燃气 | 002911 | 佛燃能源 | 85.9  |  28.7  | -0.1 |  -0.3   |  -1.5   |
| 燃气 | 603080 | 新疆火炬 | 18.6  |  12.9  | -0.1 |  -1.2   |  -3.6   |
| 燃气 | 605169 | 洪通燃气 | 32.1  |  15.1  | -0.3 |  -2.1   |  -4.8   |
| 燃气 | 603053 | 成都燃气 | 82.7  |  10.5  | -0.4 |  -1.2   |  -1.8   |
| 燃气 | 600617 | XD国新能 | 64.2  |  9.2   | -0.4 |  -1.5   |  -4.1   |
| 燃气 | 603318 | 水发燃气 | 29.6  |  57.4  | -0.5 |  -2.0   |  -1.1   |
| 燃气 | 000407 | 胜利股份 | 32.2  |  26.1  | -0.5 |  -1.6   |  -2.7   |
| 燃气 | 000669 |  ST金鸿  | 10.9  | -45.0  | -0.6 |  -3.0   |  -4.8   |
| 燃气 | 603393 | 新天然气 | 90.8  |  11.0  | -0.7 |  -3.1   |  -5.5   |
| 燃气 | 300435 | 中泰股份 | 58.5  |  23.4  | -0.8 |  -0.6   |   0.5   |
| 燃气 | 600917 | 重庆燃气 | 116.3 |  28.8  | -0.9 |   2.5   |  -0.7   |
| 燃气 | 600333 | 长春燃气 | 30.4  | -65.2  | -1.0 |  -1.6   |  -3.9   |
| 燃气 | 000421 | 南京公用 | 27.5  | -52.6  | -1.0 |  -1.4   |  -1.4   |
| 燃气 | 600903 | 贵州燃气 | 90.3  | -36.4  | -2.0 |  -3.3   |  -8.8   |
| 燃气 | 000968 | 蓝焰控股 | 98.5  |  9.1   | -2.1 |  -4.2   |  -13.9  |
| 燃气 | 300332 | 天壕环境 | 92.4  |  17.4  | -2.2 |   1.6   |  -1.8   |
+------+--------+----------+-------+--------+------+---------+---------+
