[行业>市值]
+------------+--------+----------+-------+--------+------+---------+---------+
|    行业    |  代码  |   名称   | 市值  |   pe   | 涨幅 | 3日涨幅 | 6日涨幅 |
+------------+--------+----------+-------+--------+------+---------+---------+
| 电子化学品 | 002643 | 万润股份 | 195.1 |  20.9  | 2.6  |   2.6   |   6.3   |
| 电子化学品 | 300054 | 鼎龙股份 | 188.2 |  65.9  | 2.8  |   5.3   |   5.6   |
| 电子化学品 | 300346 | 南大光电 | 174.3 |  54.0  | 1.5  |  -1.3   |  -0.4   |
| 电子化学品 | 688019 | 安集科技 | 154.2 |  97.4  | -1.0 |  -1.0   |  -6.3   |
| 电子化学品 | 300398 | 飞凯材料 | 120.2 |  21.7  | 2.5  |   3.9   |   2.7   |
| 电子化学品 | 300655 | 晶瑞电材 | 104.0 |  81.3  | 3.2  |   4.5   |   0.7   |
| 电子化学品 | 300236 | 上海新阳 | 99.2  | -182.3 | 0.6  |   0.2   |  -1.9   |
| 电子化学品 | 688106 | 金宏气体 | 96.2  |  61.9  | 3.3  |   4.6   |   2.6   |
| 电子化学品 | 688268 | 华特气体 | 88.5  |  56.5  | 6.3  |   7.6   |   7.5   |
| 电子化学品 | 002741 | 光华科技 | 74.3  |  52.6  | 4.3  |   6.0   |   9.7   |
| 电子化学品 | 688550 | 瑞联新材 | 70.5  |  22.1  | 4.1  |   5.6   |  -0.9   |
| 电子化学品 | 300481 | 濮阳惠成 | 69.5  |  20.7  | 2.9  |   1.0   |   2.4   |
| 电子化学品 | 603078 |  江化微  | 67.0  |  50.8  | -0.6 |  -3.5   |  -0.8   |
| 电子化学品 | 300576 | 容大感光 | 56.6  | 136.9  | 1.6  |  -2.4   |   1.3   |
| 电子化学品 | 300429 | 强力新材 | 48.3  |  48.3  | 2.0  |   1.6   |   3.9   |
| 电子化学品 | 002584 | 西陇科学 | 45.2  |  13.5  | 0.3  |   2.1   |   1.3   |
| 电子化学品 | 603931 |  格林达  | 39.1  |  24.8  | 1.6  |   0.8   |   1.0   |
| 电子化学品 | 688359 | 三孚新科 | 37.8  | -158.8 | 2.4  |   7.7   |   4.8   |
| 电子化学品 | 300446 | 乐凯新材 | 24.8  | 390.7  | -0.3 |   0.8   |  -0.3   |
| 电子化学品 | 300537 | 广信材料 | 22.7  | -49.3  | 1.9  |   1.0   |   3.7   |
| 电子化学品 | 300637 | 扬帆新材 | 17.5  |  37.7  | 1.5  |   2.6   |   4.5   |
+------------+--------+----------+-------+--------+------+---------+---------+
 




 [行业>单日涨幅]
+------------+--------+----------+-------+--------+------+---------+---------+
|    行业    |  代码  |   名称   | 市值  |   pe   | 涨幅 | 3日涨幅 | 6日涨幅 |
+------------+--------+----------+-------+--------+------+---------+---------+
| 电子化学品 | 688268 | 华特气体 | 88.5  |  56.5  | 6.3  |   7.6   |   7.5   |
| 电子化学品 | 002741 | 光华科技 | 74.3  |  52.6  | 4.3  |   6.0   |   9.7   |
| 电子化学品 | 688550 | 瑞联新材 | 70.5  |  22.1  | 4.1  |   5.6   |  -0.9   |
| 电子化学品 | 688106 | 金宏气体 | 96.2  |  61.9  | 3.3  |   4.6   |   2.6   |
| 电子化学品 | 300655 | 晶瑞电材 | 104.0 |  81.3  | 3.2  |   4.5   |   0.7   |
| 电子化学品 | 300481 | 濮阳惠成 | 69.5  |  20.7  | 2.9  |   1.0   |   2.4   |
| 电子化学品 | 300054 | 鼎龙股份 | 188.2 |  65.9  | 2.8  |   5.3   |   5.6   |
| 电子化学品 | 002643 | 万润股份 | 195.1 |  20.9  | 2.6  |   2.6   |   6.3   |
| 电子化学品 | 300398 | 飞凯材料 | 120.2 |  21.7  | 2.5  |   3.9   |   2.7   |
| 电子化学品 | 688359 | 三孚新科 | 37.8  | -158.8 | 2.4  |   7.7   |   4.8   |
| 电子化学品 | 300429 | 强力新材 | 48.3  |  48.3  | 2.0  |   1.6   |   3.9   |
| 电子化学品 | 300537 | 广信材料 | 22.7  | -49.3  | 1.9  |   1.0   |   3.7   |
| 电子化学品 | 300576 | 容大感光 | 56.6  | 136.9  | 1.6  |  -2.4   |   1.3   |
| 电子化学品 | 603931 |  格林达  | 39.1  |  24.8  | 1.6  |   0.8   |   1.0   |
| 电子化学品 | 300637 | 扬帆新材 | 17.5  |  37.7  | 1.5  |   2.6   |   4.5   |
| 电子化学品 | 300346 | 南大光电 | 174.3 |  54.0  | 1.5  |  -1.3   |  -0.4   |
| 电子化学品 | 300236 | 上海新阳 | 99.2  | -182.3 | 0.6  |   0.2   |  -1.9   |
| 电子化学品 | 002584 | 西陇科学 | 45.2  |  13.5  | 0.3  |   2.1   |   1.3   |
| 电子化学品 | 300446 | 乐凯新材 | 24.8  | 390.7  | -0.3 |   0.8   |  -0.3   |
| 电子化学品 | 603078 |  江化微  | 67.0  |  50.8  | -0.6 |  -3.5   |  -0.8   |
| 电子化学品 | 688019 | 安集科技 | 154.2 |  97.4  | -1.0 |  -1.0   |  -6.3   |
+------------+--------+----------+-------+--------+------+---------+---------+
