[行业>市值]
+------+--------+----------+-------+-------+------+---------+---------+
| 行业 |  代码  |   名称   | 市值  |  pe   | 涨幅 | 3日涨幅 | 6日涨幅 |
+------+--------+----------+-------+-------+------+---------+---------+
| 电机 | 002176 | 江特电机 | 433.2 | 16.3  | -0.3 |  -0.5   |   8.1   |
| 电机 | 603489 | 八方股份 | 248.9 | 34.6  | 2.4  |   2.6   |   0.5   |
| 电机 | 600580 | 卧龙电驱 | 189.7 | 23.9  | -0.5 |   6.4   |   9.2   |
| 电机 | 002249 | 大洋电机 | 151.9 | 25.9  | 1.3  |   4.0   |   9.4   |
| 电机 | 603728 | 鸣志电器 | 89.1  | 56.9  | 2.5  |  16.8   |  44.4   |
| 电机 | 003021 | 兆威机电 | 81.3  | 89.5  | -2.5 |  -1.7   |   4.4   |
| 电机 | 300660 | 江苏雷利 | 74.6  | 26.9  | -9.2 |  -15.7  |  45.7   |
| 电机 | 002801 | 微光股份 | 69.0  | 22.3  | 4.2  |   7.4   |  13.2   |
| 电机 | 002196 | 方正电机 | 51.9  | 217.7 | -0.9 |   8.4   |   8.1   |
| 电机 | 000922 | 佳电股份 | 51.8  | 17.2  | 1.9  |   5.1   |   9.4   |
| 电机 | 002892 |  科力尔  | 41.4  | 64.9  | 1.9  |  -2.3   |  12.7   |
| 电机 | 603819 | 神力股份 | 38.6  | 33.7  | -0.8 |  -4.4   |  -2.0   |
| 电机 | 002823 | 凯中精密 | 29.5  | 36.7  | 0.1  |   2.8   |  10.9   |
| 电机 | 603988 | 中电电机 | 27.4  | 51.1  | -0.3 |   6.8   |  10.2   |
| 电机 | 301226 | 祥明智能 | 24.9  | 41.3  | 2.4  |   0.3   |   9.5   |
| 电机 | 002576 | 通达动力 | 24.8  | 61.2  | 4.0  |   9.7   |  23.8   |
| 电机 | 301023 | 江南奕帆 | 24.3  | 29.9  | 0.8  |   2.6   |  12.3   |
| 电机 | 300907 | 康平科技 | 20.5  | 99.4  | 2.5  |   3.5   |   9.5   |
| 电机 | 688395 | 正弦电气 | 17.7  | 30.9  | 2.3  |  -1.3   |   5.0   |
| 电机 | 300626 | 华瑞股份 | 16.2  | 63.1  | -0.1 |  -4.3   |   5.5   |
| 电机 | 603320 | 迪贝电气 | 15.7  | 32.2  | 0.8  |   0.8   |   2.7   |
+------+--------+----------+-------+-------+------+---------+---------+
 




 [行业>单日涨幅]
+------+--------+----------+-------+-------+------+---------+---------+
| 行业 |  代码  |   名称   | 市值  |  pe   | 涨幅 | 3日涨幅 | 6日涨幅 |
+------+--------+----------+-------+-------+------+---------+---------+
| 电机 | 002801 | 微光股份 | 69.0  | 22.3  | 4.2  |   7.4   |  13.2   |
| 电机 | 002576 | 通达动力 | 24.8  | 61.2  | 4.0  |   9.7   |  23.8   |
| 电机 | 603728 | 鸣志电器 | 89.1  | 56.9  | 2.5  |  16.8   |  44.4   |
| 电机 | 300907 | 康平科技 | 20.5  | 99.4  | 2.5  |   3.5   |   9.5   |
| 电机 | 603489 | 八方股份 | 248.9 | 34.6  | 2.4  |   2.6   |   0.5   |
| 电机 | 301226 | 祥明智能 | 24.9  | 41.3  | 2.4  |   0.3   |   9.5   |
| 电机 | 688395 | 正弦电气 | 17.7  | 30.9  | 2.3  |  -1.3   |   5.0   |
| 电机 | 000922 | 佳电股份 | 51.8  | 17.2  | 1.9  |   5.1   |   9.4   |
| 电机 | 002892 |  科力尔  | 41.4  | 64.9  | 1.9  |  -2.3   |  12.7   |
| 电机 | 002249 | 大洋电机 | 151.9 | 25.9  | 1.3  |   4.0   |   9.4   |
| 电机 | 603320 | 迪贝电气 | 15.7  | 32.2  | 0.8  |   0.8   |   2.7   |
| 电机 | 301023 | 江南奕帆 | 24.3  | 29.9  | 0.8  |   2.6   |  12.3   |
| 电机 | 002823 | 凯中精密 | 29.5  | 36.7  | 0.1  |   2.8   |  10.9   |
| 电机 | 300626 | 华瑞股份 | 16.2  | 63.1  | -0.1 |  -4.3   |   5.5   |
| 电机 | 002176 | 江特电机 | 433.2 | 16.3  | -0.3 |  -0.5   |   8.1   |
| 电机 | 603988 | 中电电机 | 27.4  | 51.1  | -0.3 |   6.8   |  10.2   |
| 电机 | 600580 | 卧龙电驱 | 189.7 | 23.9  | -0.5 |   6.4   |   9.2   |
| 电机 | 603819 | 神力股份 | 38.6  | 33.7  | -0.8 |  -4.4   |  -2.0   |
| 电机 | 002196 | 方正电机 | 51.9  | 217.7 | -0.9 |   8.4   |   8.1   |
| 电机 | 003021 | 兆威机电 | 81.3  | 89.5  | -2.5 |  -1.7   |   4.4   |
| 电机 | 300660 | 江苏雷利 | 74.6  | 26.9  | -9.2 |  -15.7  |  45.7   |
+------+--------+----------+-------+-------+------+---------+---------+
