[行业>市值]
+----------+--------+----------+--------+----------+------+---------+---------+
|   行业   |  代码  |   名称   |  市值  |    pe    | 涨幅 | 3日涨幅 | 6日涨幅 |
+----------+--------+----------+--------+----------+------+---------+---------+
| 美容护理 | 300896 |  爱美客  | 1220.0 |  108.9   | 0.7  |   0.2   |   5.3   |
| 美容护理 | 300957 |  贝泰妮  | 919.6  |  157.5   | 2.4  |   3.6   |   4.3   |
| 美容护理 | 688363 | 华熙生物 | 655.4  |   82.0   | -8.2 |  -7.7   |  -4.9   |
| 美容护理 | 603605 |  珀莱雅  | 441.2  |   69.6   | -0.3 |   0.4   |  -2.0   |
| 美容护理 | 300888 | 稳健医疗 | 266.9  |   18.7   | 0.2  |  -0.9   |  -1.9   |
| 美容护理 | 600315 | 上海家化 | 254.6  |   31.9   | 2.1  |  -0.5   |   0.2   |
| 美容护理 | 002511 | 中顺洁柔 | 161.0  |   30.2   | 4.3  |   2.7   |   3.8   |
| 美容护理 | 002243 | 力合科创 | 133.3  |   95.7   | 10.0 |   9.0   |  14.0   |
| 美容护理 | 603983 | 丸美股份 | 104.2  |   39.8   | -0.3 |  -0.9   |   1.6   |
| 美容护理 | 300856 | 科思股份 |  67.7  |   29.2   | -2.3 |  -4.5   |  -1.4   |
| 美容护理 | 000523 | 广州浪奇 |  62.6  |  -121.8  | -0.3 |  -0.8   |  -6.5   |
| 美容护理 | 605009 | 豪悦护理 |  59.3  |   27.0   | 0.6  |  -1.1   |  -1.9   |
| 美容护理 | 000615 | 奥园美谷 |  55.0  |  -35.5   | 2.3  |  -0.6   |  -0.8   |
| 美容护理 | 300740 | 水羊股份 |  51.8  |   31.1   | 1.4  |  -1.0   |  -1.0   |
| 美容护理 | 003006 | 百亚股份 |  51.0  |   23.0   | -0.8 |  -3.0   |  -2.3   |
| 美容护理 | 300132 | 青松股份 |  35.0  |  -14.3   | -0.7 |  -0.6   |   7.5   |
| 美容护理 | 301009 | 可靠股份 |  34.1  |  435.1   | -0.2 |  -2.4   |  -3.6   |
| 美容护理 | 603630 | 拉芳家化 |  32.0  |  -312.8  | 0.7  |   0.4   |  -2.6   |
| 美容护理 | 002919 | 名臣健康 |  31.0  |  473.1   | 5.5  |   3.1   |   4.1   |
| 美容护理 | 001206 | 依依股份 |  29.0  |   39.5   | 0.6  |  -0.3   |  -1.1   |
| 美容护理 | 600249 |  两面针  |  27.7  |  -23.4   | 0.2  |  -1.2   |  -1.9   |
| 美容护理 | 002094 | 青岛金王 |  25.7  |   48.6   | -3.1 |  -4.1   |  -18.1  |
| 美容护理 | 300955 | 嘉亨家化 |  24.2  |   36.1   | 1.4  |  -0.5   |   1.3   |
| 美容护理 | 300886 | 华业香料 |  22.0  |   79.0   | -1.0 |  -0.5   |  -1.7   |
| 美容护理 | 300658 | 延江股份 |  19.9  |   74.4   | -1.5 |   0.9   |   0.7   |
| 美容护理 | 603059 |  倍加洁  |  18.5  | -12258.8 | 1.4  |   1.6   |   2.5   |
| 美容护理 | 603238 | 诺邦股份 |  18.4  |   60.6   | 0.8  |  -0.2   |   2.2   |
| 美容护理 | 300849 | 锦盛新材 |  17.9  |  201.8   | 0.5  |   1.2   |   1.8   |
+----------+--------+----------+--------+----------+------+---------+---------+
 




 [行业>单日涨幅]
+----------+--------+----------+--------+----------+------+---------+---------+
|   行业   |  代码  |   名称   |  市值  |    pe    | 涨幅 | 3日涨幅 | 6日涨幅 |
+----------+--------+----------+--------+----------+------+---------+---------+
| 美容护理 | 002243 | 力合科创 | 133.3  |   95.7   | 10.0 |   9.0   |  14.0   |
| 美容护理 | 002919 | 名臣健康 |  31.0  |  473.1   | 5.5  |   3.1   |   4.1   |
| 美容护理 | 002511 | 中顺洁柔 | 161.0  |   30.2   | 4.3  |   2.7   |   3.8   |
| 美容护理 | 300957 |  贝泰妮  | 919.6  |  157.5   | 2.4  |   3.6   |   4.3   |
| 美容护理 | 000615 | 奥园美谷 |  55.0  |  -35.5   | 2.3  |  -0.6   |  -0.8   |
| 美容护理 | 600315 | 上海家化 | 254.6  |   31.9   | 2.1  |  -0.5   |   0.2   |
| 美容护理 | 300740 | 水羊股份 |  51.8  |   31.1   | 1.4  |  -1.0   |  -1.0   |
| 美容护理 | 300955 | 嘉亨家化 |  24.2  |   36.1   | 1.4  |  -0.5   |   1.3   |
| 美容护理 | 603059 |  倍加洁  |  18.5  | -12258.8 | 1.4  |   1.6   |   2.5   |
| 美容护理 | 603238 | 诺邦股份 |  18.4  |   60.6   | 0.8  |  -0.2   |   2.2   |
| 美容护理 | 603630 | 拉芳家化 |  32.0  |  -312.8  | 0.7  |   0.4   |  -2.6   |
| 美容护理 | 300896 |  爱美客  | 1220.0 |  108.9   | 0.7  |   0.2   |   5.3   |
| 美容护理 | 605009 | 豪悦护理 |  59.3  |   27.0   | 0.6  |  -1.1   |  -1.9   |
| 美容护理 | 001206 | 依依股份 |  29.0  |   39.5   | 0.6  |  -0.3   |  -1.1   |
| 美容护理 | 300849 | 锦盛新材 |  17.9  |  201.8   | 0.5  |   1.2   |   1.8   |
| 美容护理 | 600249 |  两面针  |  27.7  |  -23.4   | 0.2  |  -1.2   |  -1.9   |
| 美容护理 | 300888 | 稳健医疗 | 266.9  |   18.7   | 0.2  |  -0.9   |  -1.9   |
| 美容护理 | 301009 | 可靠股份 |  34.1  |  435.1   | -0.2 |  -2.4   |  -3.6   |
| 美容护理 | 000523 | 广州浪奇 |  62.6  |  -121.8  | -0.3 |  -0.8   |  -6.5   |
| 美容护理 | 603605 |  珀莱雅  | 441.2  |   69.6   | -0.3 |   0.4   |  -2.0   |
| 美容护理 | 603983 | 丸美股份 | 104.2  |   39.8   | -0.3 |  -0.9   |   1.6   |
| 美容护理 | 300132 | 青松股份 |  35.0  |  -14.3   | -0.7 |  -0.6   |   7.5   |
| 美容护理 | 003006 | 百亚股份 |  51.0  |   23.0   | -0.8 |  -3.0   |  -2.3   |
| 美容护理 | 300886 | 华业香料 |  22.0  |   79.0   | -1.0 |  -0.5   |  -1.7   |
| 美容护理 | 300658 | 延江股份 |  19.9  |   74.4   | -1.5 |   0.9   |   0.7   |
| 美容护理 | 300856 | 科思股份 |  67.7  |   29.2   | -2.3 |  -4.5   |  -1.4   |
| 美容护理 | 002094 | 青岛金王 |  25.7  |   48.6   | -3.1 |  -4.1   |  -18.1  |
| 美容护理 | 688363 | 华熙生物 | 655.4  |   82.0   | -8.2 |  -7.7   |  -4.9   |
+----------+--------+----------+--------+----------+------+---------+---------+
