[行业>市值]
+------------+--------+----------+--------+-------+------+---------+---------+
|    行业    |  代码  |   名称   |  市值  |  pe   | 涨幅 | 3日涨幅 | 6日涨幅 |
+------------+--------+----------+--------+-------+------+---------+---------+
| 非金属材料 | 603260 | 合盛硅业 | 1333.0 | 16.2  | 6.8  |   4.0   |   0.7   |
| 非金属材料 | 603688 | 石英股份 | 444.4  | 127.2 | 3.0  |  10.4   |  18.4   |
| 非金属材料 | 300861 | 美畅股份 | 393.8  | 34.6  | 1.5  |   4.5   |   6.0   |
| 非金属材料 | 600516 | 方大炭素 | 285.1  | 211.4 | 0.0  |   0.8   |   4.5   |
| 非金属材料 | 603826 | 坤彩科技 | 272.4  | 255.2 | -2.1 |  -8.3   |  -8.9   |
| 非金属材料 | 688281 | 华秦科技 | 266.0  | 112.2 | -3.7 |   3.3   |   2.9   |
| 非金属材料 | 300395 |  菲利华  | 228.1  | 63.1  | 8.4  |   8.3   |   8.6   |
| 非金属材料 | 300035 | 中科电气 | 214.8  | 41.7  | 6.0  |   3.0   |  14.7   |
| 非金属材料 | 301071 | 力量钻石 | 200.6  | 49.6  | -1.4 |  -1.0   |   1.0   |
| 非金属材料 | 603612 | 索通发展 | 173.9  | 27.5  | 2.4  |  18.6   |  30.1   |
| 非金属材料 | 300409 | 道氏技术 | 156.1  | 22.8  | 3.1  |   5.4   |   7.3   |
| 非金属材料 | 688733 |  壹石通  | 146.3  | 83.9  | 4.6  |   8.9   |   9.2   |
| 非金属材料 | 600172 | 黄河旋风 | 131.1  | 114.1 | 0.9  |  -0.2   |   0.8   |
| 非金属材料 | 600330 | 天通股份 | 123.6  | 28.2  | 1.7  |   7.4   |  12.1   |
| 非金属材料 | 600783 | 鲁信创投 | 106.8  | 54.3  | 2.9  |   0.8   |   3.6   |
| 非金属材料 | 688119 | 中钢洛耐 | 102.9  | 66.2  | 1.3  |   2.2   |   0.9   |
| 非金属材料 | 002130 | 沃尔核材 |  76.0  | 17.8  | 0.5  |   2.2   |   6.2   |
| 非金属材料 | 688357 | 建龙微纳 |  69.6  | 39.7  | -1.2 |   2.4   |   2.6   |
| 非金属材料 | 688300 | 联瑞新材 |  67.5  | 39.5  | 7.5  |   6.4   |   4.2   |
| 非金属材料 | 001296 | 长江材料 |  24.7  | 43.0  | 0.0  |  -3.4   |  -1.2   |
| 非金属材料 | 300064 |  金刚退  |  15.9  | -3.6  | 7.3  |  -9.0   |  43.5   |
| 非金属材料 | 300743 | 天地数码 |  15.8  | 53.6  | 0.8  |   0.0   |   1.8   |
+------------+--------+----------+--------+-------+------+---------+---------+
 




 [行业>单日涨幅]
+------------+--------+----------+--------+-------+------+---------+---------+
|    行业    |  代码  |   名称   |  市值  |  pe   | 涨幅 | 3日涨幅 | 6日涨幅 |
+------------+--------+----------+--------+-------+------+---------+---------+
| 非金属材料 | 300395 |  菲利华  | 228.1  | 63.1  | 8.4  |   8.3   |   8.6   |
| 非金属材料 | 688300 | 联瑞新材 |  67.5  | 39.5  | 7.5  |   6.4   |   4.2   |
| 非金属材料 | 300064 |  金刚退  |  15.9  | -3.6  | 7.3  |  -9.0   |  43.5   |
| 非金属材料 | 603260 | 合盛硅业 | 1333.0 | 16.2  | 6.8  |   4.0   |   0.7   |
| 非金属材料 | 300035 | 中科电气 | 214.8  | 41.7  | 6.0  |   3.0   |  14.7   |
| 非金属材料 | 688733 |  壹石通  | 146.3  | 83.9  | 4.6  |   8.9   |   9.2   |
| 非金属材料 | 300409 | 道氏技术 | 156.1  | 22.8  | 3.1  |   5.4   |   7.3   |
| 非金属材料 | 603688 | 石英股份 | 444.4  | 127.2 | 3.0  |  10.4   |  18.4   |
| 非金属材料 | 600783 | 鲁信创投 | 106.8  | 54.3  | 2.9  |   0.8   |   3.6   |
| 非金属材料 | 603612 | 索通发展 | 173.9  | 27.5  | 2.4  |  18.6   |  30.1   |
| 非金属材料 | 600330 | 天通股份 | 123.6  | 28.2  | 1.7  |   7.4   |  12.1   |
| 非金属材料 | 300861 | 美畅股份 | 393.8  | 34.6  | 1.5  |   4.5   |   6.0   |
| 非金属材料 | 688119 | 中钢洛耐 | 102.9  | 66.2  | 1.3  |   2.2   |   0.9   |
| 非金属材料 | 600172 | 黄河旋风 | 131.1  | 114.1 | 0.9  |  -0.2   |   0.8   |
| 非金属材料 | 300743 | 天地数码 |  15.8  | 53.6  | 0.8  |   0.0   |   1.8   |
| 非金属材料 | 002130 | 沃尔核材 |  76.0  | 17.8  | 0.5  |   2.2   |   6.2   |
| 非金属材料 | 001296 | 长江材料 |  24.7  | 43.0  | 0.0  |  -3.4   |  -1.2   |
| 非金属材料 | 600516 | 方大炭素 | 285.1  | 211.4 | 0.0  |   0.8   |   4.5   |
| 非金属材料 | 688357 | 建龙微纳 |  69.6  | 39.7  | -1.2 |   2.4   |   2.6   |
| 非金属材料 | 301071 | 力量钻石 | 200.6  | 49.6  | -1.4 |  -1.0   |   1.0   |
| 非金属材料 | 603826 | 坤彩科技 | 272.4  | 255.2 | -2.1 |  -8.3   |  -8.9   |
| 非金属材料 | 688281 | 华秦科技 | 266.0  | 112.2 | -3.7 |   3.3   |   2.9   |
+------------+--------+----------+--------+-------+------+---------+---------+
